407.42412090301514
10.978073186706752
172.0135853290558
11.750032633543015
131.69204235076904
6.727234113379382
174.24489426612854
141.66735570132732
302.34345054626465
168.6141586303711
102.27831566333771
16.625607281923294
189.63870227336884
178.08245024085045
3.12090115893443
153.9539269208908
5.667487096041441
7.698729922063649
4.70681719694403
193.6553852558136
83.7284209728241
7.890012369723991
167.6127586364746
6.009855758806225
4.90646787150763
184.245232462883
11.068212126847357
8.519916291290428
4.779947756323963
138.78289151191711
11.925086446106434
9.212233223952353
11.975493617355824
6.4451988926157355
4.874463289757841
15.791080724447966
13.065832257503644
8.242607726482674
178.69145905971527
288.44740056991577
8.075805966276675
128.03112649917603
240.20730662345886
2.8166752900287975
7.755480474908836
5.994962530588964
5.876078877598047
1.453577281034086
189.72016763687134
105.28895854949951
15.72589035332203
10.08089004876092
169.38250517845154
6.520076563407201
7.6565050660283305
33.39691507816315
10.266606881137704
224.90087294578552
220.8402225971222
231.2626838684082
8.157952281937469
42.51814651116729
5.230826978586265
6.478696826554369
4.095905513036996
9.192126463458408
34.04454866796732
2.500915513257496
7.718334186240099
9.065977056743577
5.714843423687853
18.344097616150975
220.49107909202576
105.89366155862808
8.393301841337234
263.5102586746216
187.70619690418243
6.459011506114621
209.4779897928238
10.520002800505608
181.7739735841751
5.700502729625441
4.856879397470038
258.43672609329224
17.020204913802445
161.95957350730896
4.765656408562791
104.89449501037598
20.055832283571362
10.290389118948951
20.80090895621106
176.18935370445251
5.5195485137810465
9.459295539185405
11.975812500342727
17.291674863547087
354.9620213508606
72.94710493087769
189.1254723072052
140.14048957824707
82.10326600074768
14.355190597474575
4.527408917885623
16.706700553186238
42.39325940608978
10.388547710259445
43.757598310709
48.29078467190266
35.020309790968895
45.07404351979494
27.757732428610325
33.525932654738426
115.14778310060501
18.99451927561313
28.96261116862297
16.11000707745552
15.225577432662249
56.676028206944466
15.783347366610542
17.21985136088915
179.31145763397217
129.97971099615097
236.66638708114624
186.96140456199646
203.99307823181152
18.461583640426397
15.549359345808625
219.2338547706604
13.192143347579986
258.64444160461426
22.57415559887886
203.6369149684906
12.19408709090203
35.16647869348526
134.6427899003029
298.3487696647644
7.272974347928539
40.567811243236065
189.467143535614
45.43624348938465
116.8749520778656
168.04857182502747
8.420072366518525
4.091130985813834
10.244923457503319
202.24342608451843
146.0247073173523
135.87358355522156
14.968436464900151
22.12343659810722
48.36398386955261
44.23088026046753
118.71309971809387
239.53427815437317
244.97216415405273
229.37019395828247
38.851381331682205
9.065406184643507
21.540479719638824
13.102935252711177
232.28291201591492
33.672961819916964
14.2211526989704
22.11132325604558
60.65281701087952
225.9274411201477
20.88105572698987
164.30671739578247
111.77583622932434
13.450442652218044
254.30567455291748
5.7288152437122335
236.7702980041504
39.11683449149132
48.087190413847566
281.21515560150146
94.37664920091629
90.47067001461983
20.234373025596142
330.08382511138916
166.32583355903625
249.99838280677795
188.86596083641052
237.3097367286682
141.7220607995987
265.93667459487915
2.15382177957315
7.102699181938078
1.8078457088269033
7.605034461885225
110.694336399436
2.630714556828025
2.6139504490033687
173.4830288887024
84.20970315858722
208.90636157989502
1.5998277599969697
3.652055219601607
86.94347451627254
170.1416721343994
125.74114179611206
7.59867955520167
87.6461855173111
181.35316038131714
1.7553096908541193
139.13437992334366
180.63656330108643
2.5624053236060718
13.893776846351102
1.4656943428271916
2.206368421087973
178.11588615179062
85.14877819269896
276.3584876060486
8.26816085446626
16.176165264158044
3.1634514955349005
6.863105061849637
126.88759660720825
166.61200988292694
5.201012226454623
83.7403387222439
22.546754384151427
131.64794136211276
317.77697229385376
8.86072981794132
3.6545565826818347
2.2966725529840915
4.446121654193121
3.7944661269625612
9.182344923727214
4.076287676552056
1.9465479015200344
2.3429565196711337
14.52174704708159
151.90316611528397
226.47599053382874
10.016167831607163
3.029951137745229
162.56668043136597
313.3373908996582
4.993096681893803
2.565196023329918
3.375546001130715
6.135789382155053
123.33416187763214
1.118005594393253
195.19455587863922
3.045725098665571
2.828641012820299
15.875097426935099
106.94060856103897
0.8321546019524249
5.650665708857559
267.00317430496216
122.80539923906326
3.728154397540038
344.22970962524414
224.01100635528564
151.42602854967117
153.13597798347473
167.98003870248795
129.63981914520264
6.649400222027907
2.1110686041938607
173.09273147583008
184.13505125045776
1.2398982773302123
20.464707346167415
6.863568047701847
214.8572027683258
39.2604151815176
13.45079096336849
3.548219299147604
163.04315662384033
163.33263683319092
4.132979554377016
173.37609815597534
322.90685844421387
158.12390398979187
1.8697463896023692
0.9766225509574724
104.41551264747977
3.25160494830925
3.273379556136206
226.43168187141418
2.774049406609265
211.23442888259888
250.3772064447403
1.9441126013189205
160.75929379463196
224.2177436351776
1.3374395854916656
2.610979931494512
2.698700279033801
1.8629556448522635
1.8660055541986367
33.15764579176903
1.1852629220120434
0.7038148568753968
0.9304338997626473
103.0077029466629
245.78606116771698
158.6178843975067
47.09903124626726
138.30141830444336
1.6909908499219455
1.4928939904202707
130.62951064109802
1.0880973723978968
309.38668394088745
212.42854809761047
1.113015026667199
1.9728927787218709
16.415494921908248
0.5132542502656179
107.7141523361206
2.5420116775203496
246.42332792282104
4.5846548519512
1.8241020997229498
19.1408564071171
242.24826645851135
1.9482583515127772
2.3307538563385606
348.2520799636841
1.9115702921990305
1.0895783719897736
61.88370752334595
5.773647042893572
0.9073574401263613
0.7317407841146633
17.84766292385757
1.9590310509956907
140.88789463043213
2.3674377640272724
3.14944664257564
0.990165586816147
4.557273399026599
179.55453157424927
0.7317407841146633
133.92835903167725
114.31127071380615
43.57200242206454
24.644024058710784
132.05251574516296
3.2152538038790226
37.646070341113955
206.51078081130981
10.717704780516215
3.9360010605305433
1.616562136063294
8.201717208023183
1.6674259761348367
0.999894272415986
48.3103312253952
111.90318644046783
0.7629697878364823
1.2876895849476568
127.61693072319031
2.173994888245943
2.512294267042307
4.290584860529634
2.0651846811524592
2.3638374309812207
16.199212213628925
2.8199273838545196
99.99396221339703
0.7317407841146633
0.7922789328945328
2.0548774961716845
1.0569316053879447
3.636774255428463
144.37556946277618
173.5899691581726
189.21269941329956
205.89044332504272
7.732958665117621
4.480301580479136
1.6407494039158337
4.429494556155987
315.0003101825714
2.016954069462372
314.4008493423462
178.4020755290985
25.896977679774864
387.0080032348633
131.75154384225607
183.71252489089966
16.45243342530739
283.39013862609863
9.923094597295858
38.582833552733064
34.24054780229926
109.2676972746849
78.59354475140572
11.407529590651393
13.033426761627197
12.8737859709654
374.7065305709839
109.39578211307526
361.2084970474243
226.60094392299652
111.53506822884083
179.30644345283508
127.93772467970848
261.8519244194031
82.71696319896728
64.98778772447258
44.73421090096235
240.70822191238403
136.6373599767685
20.057269455865026
58.15899438224733
68.68184338416904
47.23590138554573
17.128539477009326
14.427377992775291
12.90073527689674
80.47700908780098
42.7787999198772
17.19393435138045
98.06641955673695
169.6476275920868
195.4397587776184
215.38095498085022
13.771582709094218
135.99878811836243
64.88516947627068
66.39207741618156
49.10296647250652
222.88073110580444
62.55576592683792
191.75876569747925
52.15321030188352
15.067511008121073
13.331293824412569
158.5379385203123
168.87200927734375
12.938465086976066
272.36074209213257
75.21646928414702
203.57793951034546
71.04172119498253
8.543025585764553
27.328129084780812
25.586436000739923
211.66589307785034
43.66659397818148
245.58275318145752
47.625112641602755
106.51860730350018
203.20413255691528
28.677319160458865
14.088676449842751
43.284049071371555
171.47349047660828
56.376164570538094
86.68896239995956
14.503189138020389
78.23208282142878
23.86988148270757
193.0801215171814
33.767051086062565
11.751031337218592
161.31418108940125
161.98236060142517
128.57302153110504
20.41012835218862
215.19160199165344
48.59461902175099
168.2139081954956
62.83767529204488
144.2714159488678
18.87545722350478
48.22893060743809
296.4661684036255
319.1758985519409
17.41890882518055
105.68476122617722
25.598103055963293
70.92583419382572
206.29190254211426
104.45708593726158
175.52374744415283
144.73101142048836
2.8401806700858288
206.61452269554138
2.8809924748893536
1.579245500252
5.5887012040184345
28.01927525550127
2.4583092333268723
154.03099858760834
7.497051677142736
1.612802125107919
4.9485771065810695
12.92397018079646
236.72555804252625
59.88376326113939
314.65635108947754
3.5181569029955426
17.460885401815176
4.8836574642919
195.48494446277618
241.2400450706482
1.7134239444521882
189.9770531654358
393.72175788879395
264.3135223388672
1.6153325126290383
143.93387126922607
1.525838005552032
1.7134239444521882
3.3043765436741523
17.5611034440808
1.612802125107919
9.0263492744416
235.72158765792847
1.612802125107919
1.7542896936502075
15.070875261211768
18.60765370540321
20.132631354033947
1.9330815120920306
4.9752289346652105
10.17139927088283
10.99627621518448
4.128116388412309
195.55715489387512
34.67409264668822
385.79866218566895
2.5808306632957283
159.14686059951782
2.192839973223954
4.816903194529004
11.029305389383808
243.00069379806519
2.5808306632957283
15.36978467926383
30.703506523743272
131.37856070697308
102.93937456607819
1.7920402753952658
202.39339303970337
87.0402557104826
2.505396878666943
2.7832740540507075
1.5746745748183457
5.865982773742871
3.6271663040388376
2.5952418985543773
174.49642372131348
179.31502985954285
102.49350899457932
218.28914213180542
234.46905303001404
7.212503470276715
2.910358884197194
10.435309572494589
3.5402150412264746
4.336854596273042
1.9938954539402403
7.21261774469167
14.27363892365247
3.873992271721363
9.0263492744416
191.65188336372375
1.5042340535728727
3.0031497713898716
3.873992271721363
6.6880167238850845
286.07850980758667
3.02037899752213
175.19300317764282
42.42641940712929
10.515110183041543
19.16442124103196
2.505396878666943
5.811550979560707
5.272236427816097
3.3272293160757727
138.22022986412048
12.002752531319857
1.4746428453508997
3.1160934612562414
4.540071703144349
212.19971418380737
1.0087365450926882
1.6933538975426927
249.25168657302856
5.741639003827004
146.69369077682495
0.4115131861581176
0.8721598323604667
3.639086421462707
267.6659393310547
0.9083932284743241
218.1975064277649
1.3705005815572804
157.5292522907257
0.606183388743375
5.04411839088425
25.993359476327896
2.2810505309316795
114.95172619819641
2.548169087502174
1.0492975179240602
161.16925781965256
10.257918754417915
0.8721598323604667
0.9926628750617965
183.80304729938507
14.479742859955877
132.327810049057
217.10854530334473
144.82508166134357
196.55423140525818
2.2410103971051285
41.50179544463754
264.48868799209595
208.86745166778564
0.8384683969052276
7.0841389403212816
2.037870476808166
4.704751872108318
2.816847425769083
17.658683064044453
2.5115030090673827
19.158373184502125
2.6833030765228614
0.43727950514585245
10.242457706481218
116.34365092590451
101.3683540225029
99.844229221344
0.31641549111191125
2.005190503085032
1.703524305310566
57.40159420110285
2.208167956909165
213.00511693954468
56.26132480800152
168.19224375486374
1.2777452061527583
136.3915075212717
0.43106786929638474
235.00340366363525
98.08469581604004
1.3371130517625716
6.172391721513122
324.41129875183105
306.15768909454346
15.922684312216006
163.8378847837448
3.5941489551914856
9.359282185323536
3.373294507502578
0.8147634008200839
4.5163392391987145
0.43727950514585245
336.08294582366943
6.951852315105498
35.63716844841838
1.0858362514700275
0.5745317783312203
2.361874291105778
161.57034945487976
1.3532986940435876
1.4579997428081697
90.08918583393097
2.479288449336309
0.4833910309316707
0.4347161843434151
3.048548804188613
5.297024419764057
5.815589658101089
5.205506008875091
0.6063247989513911
2.044657051184913
133.0550181865692
9.958211591932923
2.2478367734565836
0.9048148679048609
4.462233594385907
2.3064501454355195
117.88643169403076
103.23660434409976
168.8019279241562
1.3237068078015
249.38049459457397
4.84607307810802
149.3271222114563
9.458383455872536
3.482059666479472
65.02842564880848
227.11993741989136
5.811156734824181
3.9033569735474885
160.81764125823975
78.69095160719007
1.3237068078015
92.31459045410156
1.4240894954800751
6.6277851411141455
2.2120766956795705
12.604822625406086
1.8059000164357712
4.819476841017604
3.755946191493422
11.441697709844448
293.13865756988525
135.5571231842041
81.02942383289337
5.3491916039492935
2.8064936600567307
3.6961536123853875
2.805308513168711
119.11299920082092
6.343860162480269
217.80803442001343
2.7282885766762774
1.4608477604633663
1.8622091933211777
4.906357189640403
1.1508482393692248
2.532873924355954
124.45818865299225
5.327116104075685
128.5917730331421
4.284586874346132
6.131950626149774
107.73768651485443
6.251973110483959
7.400689050555229
1.1523473030865716
15.467039626091719
180.7061927318573
7.259682774369139
235.68835997581482
12.651918289950117
168.99383926391602
10.587600942701101
157.70867225527763
4.161701495897432
119.7686317563057
10.233764092205092
14.06743482942693
121.09269553422928
300.06024837493896
3.911876416299492
8.418385854922235
95.14108084142208
205.62396049499512
7.02665332518518
143.18511110544205
4.399104859679937
16.76793240942061
2.2601185687526595
0.6039467396876717
84.78390902280807
12.36095411144197
2.30077860475285
120.9355217218399
61.90065371990204
1.624206994776614
69.12025952339172
244.92374897003174
4.214546743314713
2.9306933134794235
5.661474613189057
191.67139863967896
94.66702701151371
12.132481663953513
2.3187215737998486
143.99776244163513
3.157856656624631
2.710595166659914
1.9137550085870316
95.05060930550098
5.261100634466857
2.66626321838703
2.563467167545241
10.794060211628675
262.2234172821045
1.37277325586183
0.6904401053679976
8.50324481469579
20.132435876876116
4.770648025907576
1.6182897636317648
3.450833478011191
1.1588627880005333
2.86968006787356
84.71311839856207
3.1594396185828373
1.070820590131916
1.9140344402985647
3.1415446206228808
17.82917621638626
5.989229560364038
11.037516832584515
3.614600149798207
171.2144317626953
2.507939897303004
3.3915751400054432
161.530690908432
4.129196632653475
1.01086530356406
150.0588077902794
2.594851599307731
17.455773547757417
215.9010307788849
8.15853667538613
284.11982107162476
2.6119246161542833
245.45682621002197
46.09939272282645
1.5781069882395968
244.55290603637695
7.240021999925375
142.80614871531725
18.554106563329697
21.823907756712288
150.72078585624695
3.508996940217912
5.094666676246561
31.03777089715004
311.1880102157593
10.732870862353593
6.871748093049973
3.8502424973994493
190.6346390247345
6.433783793239854
225.26671504974365
133.09413075447083
100.35836017131805
152.1034289598465
132.2587497830391
6.547540384926833
45.11843897309154
134.32000017166138
3.4279205874117906
5.0757462934125215
175.41593837738037
288.41734552383423
1.5317397817707388
1.1084978157305159
15.559341074898839
272.9587941169739
174.63469648361206
9.544619549997151
9.84206026722677
6.608806408010423
116.37982894480228
239.6662039756775
2.7746623977436684
223.83405876159668
164.5030016899109
268.45605278015137
7.469074166379869
3.508828054415062
250.31783771514893
1.2125493184430525
1.8541982618917245
89.93686139583588
238.03182172775269
2.5243687224574387
4.580284549621865
293.9954710006714
3.608292352349963
4.068057059543207
255.09928941726685
137.72578501701355
4.047949328203686
149.070543050766
257.2550802230835
22.28886553324992
9.953015294362558
22.20898620551452
35.17668588386732
226.3178870677948
117.41276698559523
16.495238329283893
43.806823862716556
19.39834589138627
29.68879606819246
36.493400210514665
13.995392288285075
63.09824928641319
32.362220740818884
9.838618292837054
6.621705785041513
54.14116684650071
32.12986587906198
9.718040152831236
284.3655209541321
284.51466369628906
199.43495059013367
17.88590883591678
138.02088260650635
37.893478135578334
33.953891498968005
210.21933317184448
120.89998412132263
32.75123290508054
22.40673797845261
27.99578260583803
19.880902544584387
301.24421977996826
48.18938613124192
28.59461003728211
269.9482536315918
28.843834004423115
31.21495505841449
38.7174878269434
30.207492691464722
41.76659901654784
317.3075466156006
186.82727885246277
14.490726558382448
15.985571403522044
35.47255322150886
128.15893387794495
100.22531998157501
21.00205972441472
27.404040184803307
14.788264812566922
11.43478271357526
77.83855330571532
28.898086160654202
22.718559941393323
16.690683614695445
272.93140149116516
30.099348796065897
32.96316977252718
24.743443814106286
34.39821104705334
127.85155212879181
41.84860091190785
119.26683670282364
21.139102645392995
36.57421826198697
22.926399445161223
12.71126150276541
235.4040322303772
6.675833845449233
251.37763369083405
137.15861970186234
17.99282258725725
113.21381610725075
30.747970938682556
255.17656898498535
21.00205972441472
17.251696651568636
22.74874322116375
47.68625115416944
102.11210834980011
98.69371193647385
209.21216940879822
15.705872775397438
98.33893033862114
63.5654275175184
19.38743719481863
45.361481219530106
25.550673614256084
119.80437225103378
32.873445567674935
62.20539357513189
175.31677269935608
89.80511319637299
52.56173611432314
314.6311626434326
267.26613903045654
2.6960771717203897
4.46309994335752
8.03936947681359
10.978623622038867
6.133626722941699
343.4999918937683
143.82107949256897
8.972408410074422
257.9951000213623
2.5566946155829555
3.590656688204035
68.71592527627945
2.83191302799969
23.605116647318937
166.9437678605318
12.930921039544046
177.35193800926208
189.66908836364746
5.383131076639984
197.7761685848236
33.62099711596966
234.780752658844
139.98720479011536
210.2254774570465
29.480419646948576
283.692165851593
9.329918022733182
2.2045585093865157
34.92248852108605
37.02250630361959
95.57142129540443
3.4483904413646087
203.96118569374084
42.82244921848178
263.4481077194214
129.80800127983093
2.4136318794953695
19.660897996276617
166.02387917041779
7.27838499378413
324.5806579589844
60.494222186505795
190.2727118730545
50.867494225502014
18.270564694481436
117.71800398826599
24.33741033449769
2.691336013829641
198.275976896286
8.894392962567508
17.247432223986834
2.742911247383745
7.815921627916396
340.80489206314087
3.704899152944563
6.129144310951233
223.14591789245605
2.6977560177328996
127.29633831977844
42.37819006666541
2.244566088088277
34.290503457188606
62.67374435067177
3.7770275420225516
17.083432792685926
1.5512852988904342
10.984882905628183
2.456329361619737
121.39853984117508
150.64380633831024
186.515780210495
3.628122391848592
16.303183030337095
3.7381216764406417
2.4711703540529015
3.850376413727645
214.9268717765808
107.82093048095703
2.987459645024501
163.8681561946869
3.739301660361889
237.33710050582886
279.69255208969116
170.88594555854797
94.60164055228233
404.3286085128784
2.7336144126632007
28.19016233412549
49.59661298117135
11.21462163727847
267.5724301338196
2.903669719242316
322.682333946228
191.60425424575806
2.214756775647402
2.62483227904886
3.118610401172191
2.8040210010949522
115.11480617523193
1.1134476031875238
6.042704616760602
1.6585724550532177
174.29032070934772
2.2072764900512993
112.13288307189941
1.816654885886237
183.1084566116333
2.672170441946946
179.37225341796875
154.89249581098557
1.805601722910069
119.80383110046387
127.38776636123657
4.427739685983397
1.9323358042165637
2.9312070889864117
2.424334027688019
1.1884487775387242
2.322968634776771
41.92794658243656
1.1057449656073004
1.636073520872742
1.2028422949369997
140.28954353928566
2.141444724285975
2.769611084833741
117.48885476589203
2.917877738829702
254.0312204360962
2.725799892679788
3.1341221500188112
3.5085153133259155
1.3939014861825854
1.8524682691786438
3.597548480494879
1.2329233985801693
2.5390890068374574
1.546872690320015
2.132898670155555
162.87724542617798
173.9212131500244
2.4430824441369623
1.5641809999360703
2.530399901093915
2.613230471033603
146.52359215915203
157.0655529499054
3.6489507684018463
2.6139922090806067
340.65914249420166
143.1637933254242
182.81519436836243
2.3009931100532413
1.611878955271095
1.5177695098391268
21.28941611945629
120.6547338962555
4.01448528515175
2.272334789391607
104.42903435230255
1.580449374509044
121.97292017936707
1.768994424433913
96.05073452740908
1.8787494325079024
2.0372264622710645
2.168672880390659
1.5328883143374696
2.270188867347315
168.20668935775757
3.9769361428916454
112.466936185956
2.473062205594033
7.5507472567260265
2.2804863990750164
161.62858080863953
41.4486937969923
231.42495036125183
41.436268232762814
265.7996869087219
40.23128629755229
313.78869581222534
135.61344528198242
135.72677719593048
40.32542282342911
47.80290060862899
44.400329142808914
39.74228302389383
45.233413712121546
45.920256927609444
121.5532784089446
361.84722232818604
223.71836948394775
307.7277956008911
52.14477229770273
67.16777962446213
168.71968758106232
48.82702775299549
138.49587124586105
143.61416471004486
69.14326959848404
92.34777420759201
59.83613969385624
61.23752820491791
258.47432708740234
169.7178716659546
174.07705157995224
39.122496992349625
76.00044018030167
267.54057002067566
292.11333751678467
55.97245408222079
134.5898191332817
81.78229230642319
67.68170326948166
250.36180925369263
230.98166155815125
205.94008588790894
53.9632792044431
162.13657447695732
120.47716069221497
190.62697839736938
243.8228759765625
121.175845451653
353.27384090423584
274.42113065719604
109.372918009758
127.92188143730164
140.61814707517624
76.08966383337975
55.156219363212585
229.32799863815308
321.5725574493408
38.75701279193163
59.3339766561985
151.49009013175964
108.94470477104187
92.21497601270676
57.60615289211273
38.57686149328947
49.345766723155975
63.07887288928032
79.7957501411438
66.96255221962929
109.96929204463959
211.48752522468567
56.79901680350304
57.93850287795067
247.29659509658813
38.31551104784012
91.53943610191345
247.5162010192871
248.58516883850098
273.33158826828003
292.70911836624146
271.1031422615051
241.0290150642395
274.91149711608887
101.0989576280117
321.0528473854065
38.55759780108929
135.529682636261
48.64658259600401
254.70544910430908
286.29715061187744
187.18743467330933
117.29862301796675
60.941908463835716
108.01280098035932
419.60388946533203
89.55721819400787
67.20550346374512
353.66963148117065
191.51968079805374
3.0941283204592764
3.8245496499584988
4.984840993303806
54.59688224643469
2.8343604454857996
32.61775779724121
6.892766680335626
2.8991182654281147
2.628855848706735
7.894662187434733
2.506870553086628
5.2900274341591285
182.47270226478577
33.680490266531706
47.088481419719756
56.862008810043335
33.485368203604594
3.975174158811569
125.40121668577194
24.375675259158015
43.69757066346938
204.75485920906067
2.6881537539011333
12.381334790959954
4.532369581982493
4.335397442919202
11.54274382814765
4.5838320119073614
88.25164999812841
95.9533000588417
60.14942544652149
154.62400007247925
5.46589245647192
238.93213510513306
2.6350719491019845
8.805439301766455
174.65240001678467
175.6865906715393
284.86031579971313
46.78359781531617
4.016561886528507
9.901899192482233
72.54990595579147
13.5623461259529
4.02173042006325
4.265455046690477
159.24339604377747
248.59475231170654
33.4086819908116
281.86881828308105
247.3866045475006
188.64149236679077
2.5289779047307093
5.98631144897081
3.840692659956403
14.085595093667507
8.801098877331242
6.465541901998222
6.394857525127009
5.17382131703198
188.75351190567017
2.2774506502610166
162.100923538208
50.23952330555767
5.6599355400539935
4.539960389491171
448.87761306762695
241.90466737747192
225.88603353500366
4.434745610458776
7.870813442277722
163.71672010421753
8.347231697989628
248.60313510894775
84.72036904841661
11.453413826413453
8.665003049653023
2.7115006370004267
147.91524600982666
59.198858523741364
324.0205614566803
11.013646874576807
12.556011718697846
14.250101555138826
216.23825693130493
84.70259423553944
29.612400551326573
141.27683925628662
53.36153676896356
8.209144313586876
5.63034740020521
302.1781859397888
101.6884354352951
15.356705632992089
145.7713873386383
172.4129239320755
13.542717471718788
278.5065302848816
7.823707282310352
7.816403592121787
54.724147617816925
19.370634452439845
8.084506385959685
56.464897722005844
155.4917631149292
14.189210902899504
11.946793971583247
108.71539539843798
13.785965200979263
81.0093115568161
11.559492490952834
16.265759634319693
12.849378740182146
137.53987050056458
51.97583742439747
11.97600507712923
21.866205256432295
111.41616719961166
7.015422118012793
6.977395892958157
6.451416957890615
133.34972149133682
208.92772889137268
191.25731813907623
167.14638113975525
6.977395892958157
58.659617215394974
184.36536288261414
118.0216049104929
20.087110962718725
20.944921609014273
13.88970286771655
19.370634452439845
11.946793971583247
13.239683819934726
58.576150976121426
36.83462375681847
11.462757779983804
155.39443141222
18.826339326798916
13.899453419900965
7.4957442107843235
221.0113205909729
148.65740656852722
20.305523773655295
193.6582155227661
62.658267482183874
13.239683819934726
82.67436408996582
5.722416144388262
374.72268199920654
115.77991938591003
48.10228471737355
86.93144237995148
171.0401952266693
14.95753463357687
274.2386779785156
133.57822680473328
4.2599206424783915
5.564502705237828
78.65134196728468
147.21952694654465
256.2764139175415
110.59304514527321
98.56698274612427
11.198839626042172
20.80230333469808
6.344620099465828
71.34394044056535
63.555174976587296
24.50880628824234
21.197134613990784
173.0323600769043
3.8123806264102313
39.00309283286333
19.944357755593956
268.46791076660156
178.57560110092163
406.8299865722656
30.271988838911057
103.39674952626228
101.2234380543232
182.52470064163208
19.049649680033326
81.53264665603638
11.538735988317057
94.47315141558647
130.41674840450287
237.02356052398682
8.778404179538484
154.25263711810112
214.91027164459229
37.17187670618296
7.081538783502765
6.293564814928686
7.379481023817789
229.9555950164795
2.9604027598264793
52.249422028660774
162.80933952331543
36.33552145212889
9.324034822406247
60.26274821162224
6.037918611080386
23.372911237645894
187.6685562133789
4.658034612872143
34.123581141233444
2.9690141531937115
10.277871738187969
188.6194944381714
5.217780985898571
142.66961440443993
255.4709553718567
145.50428795814514
6.557920808878407
208.52555751800537
3.252481586387148
18.49303561123088
76.44436460733414
45.1987299695611
11.392329085385427
32.32703696331009
34.35676353238523
8.980543168072472
4.356658117616462
17.914475672878325
7.385726132779382
21.66967777721584
4.535046668115683
54.444986747577786
172.07312107086182
182.74554628133774
141.3709461390972
5.2576618711900664
51.79622305929661
18.959685111418366
41.61477720178664
19.0597937554121
213.70251524448395
6.44923306137207
8.642958031850867
19.71032115566777
156.93488764762878
12.943242597219069
6.907662980025634
121.47571305930614
6.6560009746172
170.51761066913605
5.967963973160977
102.8989816904068
29.27707275468856
20.142654843628407
75.48950207233429
164.71930313110352
37.24354714807123
277.2315435409546
51.04814338963479
5.385073415738702
60.15623712539673
22.90136721660383
9.154397189849988
115.52664017677307
16.627852977253497
10.282862231360923
6.549997918074951
5.405721226532478
161.5091896057129
206.94509649276733
18.548061411478557
11.775675215452793
7.466199550777674
4.32286230562022
178.50869661569595
212.2291784286499
19.438200340606272
16.535934755316703
150.0472023487091
6.111973679799121
156.42756059765816
183.46407866477966
41.51417209580541
147.58908849954605
6.728511656678165
290.4721884727478
14.288199472241104
7.76548731373623
26.239606841583736
1.6657210396806477
2.6187682323215995
1.3373769167756109
9.877641938626766
150.17872416973114
140.40289282798767
2.9033578543167096
3.8173403138061985
4.704204929992557
4.182910874049412
3.6952862158650532
78.90521261654794
8.129856338957325
123.55302472412586
23.62167196162045
78.58312287274748
7.786595424171537
3.498150672763586
1.8567491145440727
2.6592068587779067
3.5894927233457565
3.3584565849159844
2.2357764830594533
22.581123370677233
3.727529152703937
1.9884074333240278
11.17387469112873
4.417423502163729
208.80633640289307
73.65191509015858
2.4786064111540327
317.6517562866211
165.70275604724884
2.009425322758034
136.73437023162842
166.39826035499573
86.83498440403491
5.1211155964119826
7.420365548809059
7.28895745286718
2.3382741967507172
6.1166250691749156
7.633021835194086
3.022571302615688
9.138561693427619
221.92416143417358
3.87561733025359
14.86095751915127
2.7249007102836913
4.096782364184037
239.56997203826904
132.94548551738262
3.3193206950090826
16.61224137339741
42.091331388801336
2.080368614035251
183.6927399635315
8.57123779784888
86.22666811943054
4.595077928737737
6.343061130959541
222.59866070747375
185.26362991333008
3.5767329181544483
164.74126386642456
3.0630062021082267
231.76892042160034
26.778714079409838
47.96819832921028
113.21328353881836
3.9219255780335516
169.66746354103088
6.607550351880491
119.09165108203888
212.38543248176575
9.492389356717467
152.04219043254852
3.1095312719698995
87.07862569391727
37.07427731156349
88.91771601885557
81.25414978712797
3.1152736741642
134.0820484161377
88.2228591144085
20.117497712373734
3.17795487701369
137.97682663798332
3.365643196259043
8.132453157217242
19.11012530978769
3.3011257887119427
113.760324716568
5.447000362211838
2.6916821543563856
118.2970781326294
58.68756344914436
10.956138441804796
2.2431892878412327
4.690234693349339
59.74023897573352
33.171284773387015
122.13133198022842
89.90911015868187
21.046626586467028
204.5952661037445
193.45338129997253
30.72729690372944
62.83651351928711
15.37285648228135
141.13045632839203
16.669497672002763
50.193286933004856
23.446713705547154
128.51480704545975
220.98217034339905
65.86403940618038
174.41348528862
182.60750198364258
63.46079009771347
25.89605914056301
21.76413341728039
32.10276625864208
41.549307238310575
117.39618039131165
27.805025829235092
262.3084259033203
41.95253840088844
103.06535376608372
22.424350302666426
25.669056836981326
23.27315559098497
26.88673742787796
378.3951654434204
218.29138374328613
43.29121036268771
24.350896088872105
186.048996925354
245.53157711029053
16.587613616604358
36.3353936560452
27.805025829235092
183.96584153175354
148.81133091449738
52.15656455606222
137.5845263004303
44.874399334192276
192.62518429756165
20.621900755912066
36.73228224134073
215.4753875732422
17.494231176096946
207.4856309890747
82.27413595467806
44.950104504823685
46.33465585485101
29.363399416208267
45.59229212254286
203.06626784801483
131.17120339907706
169.71961069107056
24.703447986394167
23.550564585253596
30.622453348711133
146.4114841222763
28.723432468250394
240.94624614715576
240.39481616020203
72.44971729815006
34.32205703854561
31.771267104893923
36.944431360810995
36.05013583507389
19.223546862602234
53.38771866634488
116.39675307273865
61.55093601346016
21.635083705186844
125.34083938598633
182.6750762462616
26.972706018015742
25.411632434930652
19.805367849767208
210.67824292182922
54.87021055072546
34.86973210610449
13.061564057017677
41.32627586927265
319.2093687057495
27.26404546573758
343.00367879867554
353.6947946548462
279.28876399993896
41.61389410123229
204.98470389842987
36.73228224134073
12.496402447531182
13.291497355763568
273.6518802642822
7.764510544599034
170.97651302814484
84.83360979706049
13.774206769609009
205.7671000957489
17.275128237786703
13.384487565606833
174.04176115989685
13.85852469663223
7.359066976001486
8.133253331761807
183.121661901474
41.599386639893055
189.30919551849365
151.56035447120667
160.3644540309906
16.181930732127512
9.322603955573868
16.965518370096106
9.48298597946632
6.626223430099344
28.07303701993078
21.5000804788433
5.758586557107719
5.6092221395506385
90.20406651496887
208.95277857780457
252.6640124320984
12.557658402642119
134.9761426448822
9.246436637826264
11.8250411814588
21.69546134124539
122.25552082061768
12.430551639889018
162.01166903972626
194.55275928974152
66.26979328878224
228.10035371780396
328.46929693222046
310.36139249801636
29.323474435601383
52.15400933101773
65.44265723228455
7.9743116236058995
160.6265676021576
55.327859764918685
84.3029545545578
14.420108712940419
112.64104318618774
273.86936378479004
116.22546148300171
70.71407848596573
29.452874370850623
8.173700753133744
55.7128475792706
17.423027126584202
19.71577318117488
97.95298904180527
280.68415546417236
34.73096956615336
331.04987239837646
56.63796028494835
205.18744134902954
15.132457359344698
12.519926236750052
123.24122416973114
13.924419237664551
190.60432958602905
12.519926236750052
134.722123503685
13.924419237664551
23.274870705179637
219.84745359420776
5.1397156118182465
6.263485597199178
3.3846363644115627
255.75143575668335
13.383921622298658
255.76068115234375
15.061241378542036
51.21865909174085
193.41461408138275
40.89597477065399
5.675522381148767
8.137358678504825
10.213378359876515
9.670673057204112
4.918431261176011
128.79205334186554
153.09469723701477
11.433722569141537
153.16995978355408
152.70444679260254
31.018815334886312
4.016825635291752
352.7549171447754
7.4098525076697115
4.5641684287111275
49.32666081190109
113.70322060585022
5.908777316799387
8.926957141440653
24.084467248991132
8.318434918219282
267.63911962509155
295.1447558403015
6.332102340500569
31.954303979873657
304.8289678096771
33.91866706311703
268.0991721153259
6.97156543075107
4.346695439671748
525.3043661117554
173.88789090514183
280.17151403427124
234.48181009292603
264.60578632354736
45.262264132499695
209.44806241989136
8.938076825696044
205.62924122810364
4.879476992413402
182.64948439598083
56.570655435323715
9.7827572748065
18.57038954552263
7.205214194022119
28.80760745331645
26.30502791563049
6.981767010191106
6.581291471578879
289.6786904335022
18.3025374552235
269.88323974609375
6.9651778030674905
210.20037043094635
58.53344225138426
57.82485032081604
4.859359377362125
154.04231709241867
263.71355533599854
3.3646439362491947
5.7011071619344875
246.47923040390015
3.5805602631298825
6.460511408597085
7.119823405315401
26.740044887235854
38.70253549143672
5.5445231719641015
4.908322933828458
247.4050760269165
352.06444931030273
68.91055293381214
225.67113518714905
5.863089267862961
21.575115112529602
6.925581983057782
81.16546023637056
8.773295585531741
261.0282726287842
13.240111182443798
40.706525852903724
12.575376564636827
22.869832522643264
30.44489201158285
9.948626550845802
122.0531587600708
118.61243522167206
2.4185377238136425
1.1517311357845301
12.271494567510672
21.49453639984131
134.49296879768372
8.55147307729203
176.96462559700012
12.997775364900008
136.1291229724884
282.35488271713257
4.155621789359429
39.11571995168924
9.46556531288661
4.092455981356579
3.2449286116607254
32.24308526515961
16.004723617603304
43.28339812532067
12.78391992719844
45.78452357277274
2.136783719573941
19.4829416644061
21.542874425649643
113.36889290809631
43.85363945364952
11.145047394558787
290.4822196960449
205.19632411003113
28.072592422366142
29.38898884356604
7.573070871178061
237.19506931304932
5.775839260080829
163.03877770900726
2.3518469021964847
22.48836693353951
5.666613620935323
27.352489113807678
211.11697053909302
35.98735845461488
185.9589295387268
4.741040693596005
55.43248462677002
244.28441381454468
231.4334535598755
4.931495037926652
5.7993975933641195
166.4534933567047
272.1192235946655
5.858109663109644
1.5945897764977417
42.625310108065605
258.8606266975403
4.045827695154003
221.77715015411377
6.022155879501952
2.9631412169787836
360.0602502822876
4.891147347574588
240.78433895111084
39.832179829478264
13.01432234980166
6.046219198611652
79.554452419281
126.1348466873169
220.88854503631592
16.36919266625773
222.30582547187805
169.99123394489288
12.79166492447257
155.58816719055176
4.522615863952524
110.63969016075134
19.034635700285435
15.3137360624969
2.1152853422026965
13.94154231948778
212.39142990112305
1.3836055351168852
183.01368236541748
10.178032139549032
187.8271369934082
59.50753611512482
179.42170810699463
22.434956077486277
116.87535095214844
142.0990514755249
33.31573209539056
13.335017496719956
22.279885079711676
199.4249143600464
25.39737725118175
66.06999841146171
16.2195941824466
23.56105316011235
205.57867431640625
232.7241153717041
251.98249578475952
198.61314511299133
13.848910724860616
36.22491315146908
308.8198137283325
13.686606081668288
10.072181013529189
236.852144241333
170.5669333934784
25.39737725118175
18.086587654892355
63.03136903047562
225.6287865638733
14.035398073378019
10.536241145338863
16.735160170472227
140.81270813941956
22.279885079711676
156.66205257177353
37.84262192249298
25.39737725118175
15.205541238654405
189.8261432647705
22.279885079711676
22.279885079711676
10.4418516169535
169.55011987686157
213.16122913360596
10.536241145338863
261.4699544906616
25.39737725118175
16.79589908197522
25.39737725118175
10.673504408448935
17.626655124127865
194.44361543655396
174.86421513557434
14.001801633508876
208.36189222335815
128.18532180786133
22.953430209308863
141.0148687362671
221.61960220336914
11.262843207339756
125.59639978408813
252.99707078933716
256.29147815704346
48.949619591236115
184.13760662078857
18.049383483827114
14.50444786483422
18.020521776750684
17.747543981298804
134.29786705970764
246.78789734840393
15.980017134919763
113.36461144685745
14.327301921322942
20.79716347157955
20.453563563525677
10.320306087145582
123.75158405303955
26.29419901361689
202.66342043876648
147.21299356222153
22.279885079711676
229.6603078842163
105.79899942874908
23.034894996904768
59.07672008872032
169.92153120040894
30.086508229374886
21.814084951765835
33.76311717554927
251.19402813911438
257.27637910842896
5.467283250145556
6.829359563183971
10.031068070384208
110.19828128814697
113.63861864805222
186.00329160690308
15.116559426285676
14.332817894173786
112.14019790291786
5.337255059508607
9.753178678220138
2.9103157047065906
332.19323444366455
6.627483386109816
3.4927566883852705
3.5981086583668684
17.59722715895623
188.9070372581482
178.45433527231216
89.49465899169445
100.89258843660355
7.165893798923207
3.6731112939551167
6.81833449008991
9.220888883341104
113.7588384449482
4.673989554532454
7.139699491490319
213.5487561225891
15.921339148655534
4.9291765433736145
156.48745316267014
112.28904569149017
165.82147598266602
10.314865188673139
141.13485026359558
114.96556437015533
368.5869264602661
60.379746387246996
7.088241560180904
6.076783158554463
49.709960997104645
3.51937631804401
6.2745786704763304
17.534597250865772
10.480180917307734
3.6562261607323308
5.2615069408020645
199.72260427474976
4.370798646239564
159.17840099334717
6.397344925906509
3.451796745546744
14.041700485628098
6.7437103315023705
200.51157331466675
4.575770160387037
148.29569470882416
266.1989402770996
129.96492952108383
6.402944149915129
100.23173493146896
15.039610924344743
35.90055816620588
221.72756338119507
113.86255252361298
252.1182656288147
19.062425658106804
182.1132526397705
9.440814166795462
93.16537964344025
3.9214312427211553
4.795367068634732
424.7781095504761
12.271501024020836
5.76218310627155
10.417474052490434
135.82570886611938
176.2889952659607
146.08634996414185
5.295960967661813
4.641949089011177
1.7244261242449284
145.7354655265808
1.5269946220796555
261.5564270019531
147.24847269058228
42.95088791847229
0.9228428702117526
250.1671645641327
92.92985069006681
13.735797464847565
229.91632199287415
105.46022355556488
328.0373001098633
205.8417763710022
323.5167579650879
208.80628299713135
5.083668626844883
260.96155977249146
231.28513836860657
7.031773609109223
24.22294606268406
118.99812412261963
206.10520613193512
73.05899339914322
2.3257774009834975
145.89459776878357
62.75322836637497
0.9005065276287496
2.9893608498678077
2.4876106050796807
0.5539931871317094
35.03794362396002
114.30804932117462
6.893617582973093
4.797896338393912
49.46291962265968
230.79920935630798
196.58818221092224
5.103281432762742
7.952055065892637
157.3882966041565
197.07248049974442
8.49092972651124
2.845649898867123
201.08898377418518
34.64320947229862
189.2497420310974
8.916866537183523
11.361407328397036
0.32027033730992116
0.8336418762755784
3.1144232293590903
1.3439936266222503
124.34005714207888
174.7299666404724
1.3906417689286172
2.763109076069668
1.3836531402776018
4.691166556576718
4.949183480377542
0.5209425868379185
2.3130878604133613
85.01248297095299
0.8336418762755784
8.568670086096972
174.55844831466675
2.5234217531397007
0.5641678919710102
13.832621693611145
2.496051865397021
158.9342906475067
230.07133585214615
176.21074199676514
6.209183005616069
116.52216792106628
81.32933807373047
282.52623081207275
2.4366570816127933
4.912442721019033
328.1877565383911
1.5828837829758413
176.2901496887207
4.06510051083751
17.922860711812973
223.2327356338501
0.9749717498198152
217.51916575431824
169.23026353120804
3.8291563965030946
117.52326289564371
171.48163092136383
46.22906497865915
209.14627695083618
3.412249215762131
2.522599705727771
341.00321769714355
3.9763142191732186
2.818714101333171
19.156494218856096
162.77161312103271
31.629422955214977
182.38579535484314
224.79597568511963
372.3650312423706
52.60469567775726
220.27909398078918
60.21996343135834
126.30544325709343
154.95485162734985
94.8087140917778
115.40710631012917
80.60802376270294
107.95790339261293
161.93502795696259
49.8348283469677
222.29440450668335
336.3015785217285
230.01773357391357
24.020815443247557
244.01643753051758
244.77218532562256
13.69076987914741
90.77740941941738
182.81607246398926
46.09028996527195
12.76499902177602
23.201001450419426
102.0916838645935
268.5483555793762
24.552445892244577
237.22249603271484
21.10896085575223
172.89194750785828
19.78340694028884
296.2127547264099
27.4076145067811
44.90931171178818
61.323166251182556
22.64045114070177
202.7928864955902
43.85348537564278
28.8673197850585
34.034389801323414
39.36521416902542
152.31818389892578
21.485326126217842
72.2504158616066
256.66418409347534
117.83924174308777
211.71302938461304
27.055054320022464
166.0971611738205
63.05077335238457
30.357033610343933
105.6075268983841
253.67723989486694
176.2805516719818
17.645722422748804
45.40795608609915
24.190640321932733
27.083548977971077
197.17990028858185
113.73827934265137
108.83275485038757
90.54827371239662
41.1856256108731
24.816689029335976
85.77659636735916
219.050705909729
28.43747996678576
67.53294005990028
18.644273014739156
22.288828767836094
287.38838624954224
218.786456823349
67.66193577647209
160.94806671142578
69.48064038157463
33.67559005320072
300.8547987937927
168.95448780059814
88.12997421622276
195.54761028289795
141.85897770524025
186.86866211891174
305.01897621154785
253.94668769836426
49.13932508230209
68.03425725921988
32.56871320307255
80.57539500296116
256.79548740386963
202.4733109474182
239.16336822509766
52.18982116878033
88.9333359003067
40.04288749396801
102.449318703264
7.159283184126252
169.47653245925903
259.4963035583496
107.00842916965485
10.677248971536756
8.638061894744169
16.74385125329718
8.214994461031893
110.11386543512344
6.219856875017285
9.024060192325123
109.71103471517563
12.155594256240875
10.941821147484006
17.042319456872065
17.042319456872065
5.52969464501075
13.974093426950276
35.680573920020834
102.41712349653244
8.105665595609025
172.4555389881134
68.04698625952005
257.20224475860596
159.74132418632507
85.01070559024811
14.557006861723494
164.22186517715454
89.29336082935333
18.788944778963923
7.101077131803322
167.42765831947327
44.25876992940903
8.574547983938828
165.96708464622498
163.87181329727173
31.60222754254937
11.205220428586472
172.37033998966217
122.81740802526474
102.38643430918455
7.183201651205309
21.66451455227798
196.59235739707947
222.18239402770996
6.777473166770051
9.913863629335538
203.248841047287
21.886637896299362
9.215765591186937
6.864824826072436
33.429382026195526
226.3816568851471
6.938484740065178
18.706659239716828
6.174468147002699
65.60529948025942
279.8680691719055
46.92506927251816
75.76623070240021
143.66650721430779
158.36363554000854
219.5213942527771
173.30510020256042
17.71266991122684
11.820343317929655
216.01215314865112
6.789854636750533
193.31568348407745
26.343690088022413
6.324843701440841
16.608764267526567
26.854069769382477
97.64117765426636
137.39338675141335
1.0753895587537272
1.9845379816542845
3.5158865461999085
151.57139825820923
7.132710309786489
97.29350733757019
8.771562302725215
134.00194478034973
9.820507005788386
82.34747385978699
4.135898334818194
192.52970623970032
30.05078336596489
11.796570154838264
186.11289024353027
22.269566217437387
193.19068598747253
106.48492515087128
62.059437304735184
247.61477255821228
191.6814489364624
12.147782486397773
13.47625132277608
17.458533795550466
236.60734939575195
106.50674021244049
280.39513635635376
135.72570657730103
3.174794115647501
16.110932441428304
2.672368542287586
11.030346407438628
4.290752717664873
3.07148008187869
61.65560690499842
4.384081465696909
6.48820715041802
249.08610153198242
3.3202145675604697
1.6216523108596448
5.788629045709968
97.7221627831459
7.61500691017136
3.8357558254272135
2.8287914458778687
313.278169631958
5.745111640077084
142.10290431976318
2.3723529442318068
9.562840305559803
8.687121406634105
12.921434519346803
162.95679020881653
229.86468958854675
130.70253816246986
123.773273229599
8.52288768987637
125.67030239105225
15.372853113338351
227.56620597839355
2.767618515797949
2.989200689306017
4.163795065891463
147.6723109483719
1.4394207307923352
17.80651777901221
7.522490490286145
3.9906549437582726
1.623479376139585
2.5453467759944033
105.25484371185303
6.320626221364364
2.5202546680811793
21.147215720266104
5.22979306220077
2.143682114759031
4.0583416756708175
101.59628884494305
271.26945972442627
167.59554243087769
268.48879051208496
117.4191722869873
137.6516543775797
1.7864349449810106
2.4178707833243607
196.709969997406
8.933464996516705
1.3149709116395343
20.437377154827118
136.42742586135864
2.674519811378559
88.38363645970821
3.0291214406024665
6.765035425778478
130.43040843307972
4.60340959019959
5.075618199305609
4.310686496435665
31.413916412740946
1.8539115153694183
2.008818840913591
2.2463412441284163
108.64644777774811
139.387965798378
18.27460901066661
5.2190259613562375
8.810082883574069
1.4275224698226339
73.93715226650238
2.1261224444351683
26.37427569925785
2.7968386859138263
85.20812324807048
3.651973936945069
2.3245067473617382
1.7146356966040912
2.839054209238384
147.40211009979248
6.80955980764702
216.2644557952881
123.39234554767609
9.849011834710836
89.23158158361912
207.7503843307495
5.9625945874722674
234.8976092338562
23.60542124696076
66.54108464717865
1.8277000552334357
125.6058977842331
140.43893241882324
1.1676028615038376
74.15977144241333
2.1774157861073036
1.505476857702888
6.388917685631895
7.267026468645781
25.60165238380432
116.43458569049835
7.479638785123825
193.28698015213013
1.920284874329809
2.883485669037327
6.762627943186089
24.356976464390755
183.6222940683365
2.0022976124309935
11.010799331124872
27.64839045610279
3.3129858976753894
2.480347011820413
11.15206825081259
23.003504406660795
7.103171718074009
93.00775992870331
242.20668840408325
48.42617319524288
125.79345658421516
1.9369308340828866
6.3635757551346614
18.472105333115906
7.209805354010314
98.33566623926163
70.22122958302498
7.760712087037973
57.23199491482228
13.793518167483853
212.30302542448044
44.97904361598194
11.960272538039135
19.558383628260344
6.899888006737456
9.7798589784652
4.859159806277603
4.420015066702035
7.278505043657788
171.40067254006863
16.961768894259876
226.21633529663086
10.42111799718623
9.79255782700784
7.136538355785888
6.3327970210648346
5.718468214701716
5.432758434668358
5.178042590784571
7.964243850538423
11.271641719067702
261.8923444747925
43.147315049311146
9.218708378291922
4.048358427098719
7.443992729506135
80.59946069121361
257.9427433013916
28.940742595586926
14.19586554945272
83.09236703254282
32.9479879043065
227.75663602352142
14.736119203269482
182.34457322955132
8.97472421938437
208.62798261642456
89.67918705940247
225.36169147491455
253.24039220809937
39.55240923538804
7.225408458914899
5.017537229578011
161.52528643608093
274.94452381134033
6.211413010489196
221.6229224205017
8.711111692060513
8.988521149804
157.75616991519928
5.487961240054574
11.085587725123332
11.897914788067283
261.72845220565796
222.357752263546
7.568822140499833
28.516529876738787
9.735063838568749
10.436712283920315
276.15859603881836
15.636225587091758
47.28440675139427
179.94521099328995
11.172104409430176
6.345325978269102
19.39542648533825
183.22814691066742
110.08201193809509
11.511228768358706
32.24061657767743
41.666697749635205
125.86542695760727
10.218427141540815
15.133928187191486
4.509045241627518
18.62456046171428
5.195109255477405
97.79524147510529
9.584458112571156
233.75626516342163
8.353837419215779
8.838579703122377
236.67536664009094
11.832758341100998
7.456117649766384
17.945998242183123
5.114628875928929
227.0425808429718
274.59963178634644
193.30502367019653
1.1418378002126701
51.28656709194183
219.5572031736374
1.3342965520314465
2.9693118042778224
143.23987863212824
189.06726789474487
276.08391189575195
143.10172033309937
1.9862439589051064
2.4587021402912796
195.1518555060029
98.89808082580566
102.80141425132751
7.95383897703141
4.635290566691765
1.385950825366308
16.89411323866807
235.7825813293457
241.8298110961914
1.59478799317003
223.87027740478516
1.385950825366308
2.081715022941353
13.865791380405426
127.77726244926453
3.1262837573885918
14.685278537683189
3.2980295557063073
140.66891741007566
6.474262190982699
5.489539544680156
1.2230815236107446
151.17465014010668
2.368553155552945
1.3229541840119055
2.171901868394343
6.67364261415787
2.789397769534844
139.70647883415222
0.8585699184168334
2.669581809779629
1.066357266234263
3.198460870233248
19.989807080477476
0.8719136332999824
1.7757379916583886
4.451358527876437
7.308022787794471
311.6599831581116
2.9846203116176184
346.3163151741028
126.75367069244385
195.67716693878174
11.708241121843457
1.7188113000956946
13.536473872663919
173.50664043426514
93.92197105742525
2.2120211982546607
2.677000809198944
1.3068763595547352
5.510856490000151
3.8942252821289003
1.1466848091513384
2.5570773418294266
2.9622894725762308
148.4176721572876
205.82710671424866
9.394726493221242
144.18072843551636
2.036889941286063
1.9787151701639232
185.37512766569853
3.61589973543596
4.75353666767478
1.9035234613329521
95.14415603876114
1.0702040569112796
202.34656888246536
202.53293323516846
124.28455027425662
210.63525891304016
1.00785693407488
0.9805830446894106
1.8858854358550161
0.9876462633365009
8.615909287706017
27.608444958925247
179.9369113072753
35.64609184861183
143.9912922680378
22.134181801928207
35.60504835098982
36.51618767902255
49.83501897752285
13.502341063300264
23.702365018660203
24.37203335762024
95.43535515666008
223.80993843078613
77.29904799163342
14.576158629293786
94.18511915206909
94.4319498538971
30.00580967287533
15.924429584294558
33.45023387949914
21.449976032599807
77.31958538293839
163.54658222198486
197.3008415699005
65.17418852075934
21.30365903279744
223.57171297073364
24.00752470921725
16.28175149857998
17.122392982710153
13.881369563750923
21.150917096063495
165.661616563797
55.804591313004494
39.08037484437227
17.11499094957253
15.768515538424253
16.670541147323092
