12.40952040454431
11.08137506674393
253.3551481962204
8.8093963212159
17.511260848492384
34.124810084700584
14.885554249689449
104.45316684246063
246.203378200531
182.99097228050232
14.93410678114742
10.37548834196059
10.983272106212098
197.87715578079224
11.017198832094437
11.546122485771775
60.752109706401825
212.93277883529663
8.800938537766342
10.6999975497165
10.676576748257503
11.67693362236605
18.342157747596502
15.084852810250595
21.07115560164675
200.99578499794006
138.83840084075928
209.0713722705841
13.51902265616809
13.328218212060165
14.919694808224449
135.90496039390564
42.15642178058624
115.06184148788452
148.53937888145447
191.94211387634277
129.15820860862732
31.625286296010017
19.64933045580983
134.13317775726318
128.678207218647
26.87114796228707
111.46512827277184
23.724775192327797
21.707983474479988
17.774242383427918
27.07000677403994
165.0838297009468
22.85633258149028
19.679836109746248
21.216988744214177
27.450146436691284
177.09177947044373
18.146745964884758
137.72394585609436
20.72842937707901
58.52466431260109
140.08074629306793
20.059967239387333
25.14588645659387
21.150040013715625
190.40239012241364
29.108163626864552
153.40371775627136
188.03007435798645
37.71291830390692
32.7138557434082
24.863924429519102
21.367645825259387
18.330271186539903
16.17331060062861
24.295230275020003
167.91548490524292
45.736188136041164
30.493747103959322
23.484064840362407
28.683546274667606
15.432043102569878
286.4151508808136
17.788328271824867
15.358404786791652
23.017298406921327
20.33903612056747
23.520303660538048
18.12202346662525
21.04640536243096
140.74861121177673
34.16065574809909
21.524907243438065
15.31437067000661
239.52068853378296
23.847259647154715
24.5716364744585
22.743201286531985
13.874769018875668
14.029006515091169
230.1362442970276
12.93219638968003
15.987080549472012
12.840310596286145
247.19264698028564
12.771537603461184
13.22890566624119
15.58930167928338
13.5259240163723
17.151390247046947
19.536820836365223
145.37993621826172
15.656385264825076
21.112750434316695
22.687778695952147
17.098667182493955
112.82217574119568
18.714712584856898
13.253474511031527
134.53061151504517
241.50500297546387
16.011638473253697
99.72712969779968
206.5287685394287
8.369262820109725
21.42486961185932
161.43661656975746
12.761076886206865
5.145634177781176
6.902574324980378
120.0574402809143
6.161048328969628
4.9622782446676865
6.438413749507163
6.202267556684092
8.632324658334255
6.300455929362215
237.02368235588074
27.684437580406666
14.294547617435455
97.68143665790558
19.69552331790328
14.88062079064548
14.643216779455543
73.20782995223999
233.94559359550476
90.00365626811981
207.65920495986938
160.92832100391388
33.68938670679927
26.680347271183564
25.818605200765887
21.542755721136928
26.261198429390788
123.9562885761261
98.95209622383118
35.34333821199834
53.526580184698105
48.48133137822151
40.37355836108327
181.6653401851654
31.020103157497942
42.86531836539507
226.66317772865295
28.612629519077018
31.045192666351795
25.170071157161146
279.5044870376587
295.2091393470764
63.58054339885712
153.64980614185333
45.86596056818962
138.162983417511
45.026479598134756
174.07455563545227
70.57787016034126
63.45766977313906
28.221955978195183
23.339488299097866
14.023763126693666
13.544215824222192
207.13276624679565
26.362117874785326
268.38535046577454
298.8948497772217
11.141952873789705
11.618774246366229
11.803647519205697
11.828370563860517
10.334072129218839
7.717162428918527
9.432596217724495
9.15315541997552
9.814525933470577
10.728751200134866
63.91131007671356
217.11694884300232
17.470008328557014
11.569071856734809
208.1902313232422
16.46433311700821
115.86146354675293
11.802937809727155
202.82603573799133
226.03775477409363
13.615243507083505
18.017537597566843
154.75690758228302
179.68583345413208
121.07912564277649
18.729053385555744
17.552811734378338
123.32212889194489
28.034369319677353
10.114849969744682
159.76046514511108
7.285687907948159
8.534956572344527
10.507803190499544
11.473783905152231
89.61320316791534
15.892846645787358
12.846523359417915
30.437752252444625
89.97860932350159
26.75164759531617
12.199030857533216
7.8065405478700995
85.6137433052063
135.35074412822723
9.553108328022063
25.611185505986214
66.61863733828068
167.35573732852936
14.49414947628975
97.94077014923096
13.09557730332017
16.22406619042158
17.18877576291561
28.621706534177065
16.012634731829166
148.4382312297821
8.931285662576556
152.20160007476807
9.874635010957718
164.06941175460815
14.480703677982092
42.66722413524985
26.62794768065214
137.60086953639984
12.691795943770558
16.631794936954975
160.77520942687988
331.68526220321655
27.19393350929022
12.841543674468994
93.21126782894135
8.822630537673831
9.991164059378207
9.513244886882603
305.7993278503418
8.998464974749368
402.710054397583
8.816936954914127
8.74488994613057
314.48171854019165
61.24138456583023
11.39800626039505
10.283837730064988
13.772320952266455
100.52943277359009
119.28148365020752
11.80662932805717
207.63129091262817
9.944345199503005
8.29296562448144
10.395965171977878
319.88245677948
232.79799461364746
72.63834625482559
205.29342186450958
172.673819065094
29.461629784666002
22.809417967277113
24.86077280784957
228.22737765312195
32.150812407024205
270.23147535324097
16.883101856219582
18.4634361686185
45.39231690764427
225.02846789360046
21.63290190626867
25.986723789013922
26.9809124590829
50.21256048977375
38.797098826617
38.939926920458674
42.956525675952435
219.44368863105774
81.30130753852427
6.132578728836961
12.996489552780986
8.265371934510767
71.79826653003693
14.407772950362414
9.676711967564188
167.27089536190033
11.502634540636791
7.9772147401236
142.72343969345093
7.764778641751036
72.1943547129631
6.7913988144428
5.373424025834538
139.25445152819157
9.404082567896694
10.250548135023564
5.655600292375311
22.722860351204872
20.734468683600426
130.8895527124405
86.30981159210205
114.85440336447209
174.15241074562073
9.632142188027501
112.7293701171875
236.78440690040588
10.933721204753965
171.03212934732437
6.82635429315269
9.916280823759735
158.58722531795502
26.07441622763872
27.391001664102077
150.12900590896606
27.17586911469698
140.52061235904694
99.83299005031586
145.7173574566841
26.62618574872613
26.762859623879194
22.36222341284156
162.20189905166626
20.800232872366905
147.26051092147827
29.57911878824234
25.655224483460188
139.1204251050949
150.07698774337769
25.354819290339947
119.16574311256409
282.06327295303345
184.60412120819092
159.1280176639557
57.161642380058765
59.59220011532307
73.41679687798023
209.3196997642517
96.53372383117676
93.12206423282623
218.29954743385315
237.03816962242126
234.53642177581787
200.01443886756897
175.95518910884857
66.76272741705179
90.030019313097
81.56387737393379
173.8570454120636
62.52708828449249
123.43212723731995
74.96755909919739
67.29997628182173
62.9593109190464
181.84006786346436
108.49899899959564
85.66920632869005
70.83832021802664
185.0204794406891
10.342118510510772
13.440397299826145
39.06197263300419
18.629460820928216
161.10012340545654
7.8950982306269
9.722763440397102
142.7452630996704
9.070318781319656
13.306051542749628
246.4760627746582
11.675278258277103
97.72107315063477
204.19308876991272
6.837132164160721
143.66871333122253
8.980344835668802
9.220647621899843
138.9822996854782
9.478850705549121
6.03266462078318
6.971982741728425
108.64434456825256
14.817998595535755
7.4346750024706125
173.73392939567566
11.097051264718175
9.251519187935628
151.88755917549133
16.577286444837227
13.825036464259028
16.967927498408244
224.73564314842224
14.766160698563908
21.410369702905882
21.765214226092212
41.110451240092516
264.1455166339874
23.558587569743395
21.332556924782693
20.015453797066584
14.836192295071669
14.51482491986826
87.1643694639206
15.191027260763803
15.982203322811984
263.31517457962036
23.194463165011257
22.55295893899165
18.276788174873218
33.693534187972546
24.947582453489304
109.05595755577087
274.179967880249
39.141525499522686
129.91537988185883
180.48022639751434
16.906922755762935
257.93359994888306
13.568576019024476
12.768597935326397
36.301409125328064
94.54827499389648
33.224130649119616
29.478021966293454
12.218130914727226
256.7511987686157
156.63110798597336
8.312936689006165
195.4284689426422
128.1716761291027
7.371334229595959
131.46665215492249
8.891106409180793
14.483877764316276
11.713822266086936
7.096945941448212
144.1311019361019
12.747292532993015
12.032031714683399
22.171543734613806
184.58313608169556
22.62220657407306
21.618535324931145
27.327854869887233
24.73059304454364
26.82155567384325
209.03611159324646
23.71266568894498
42.95546916872263
76.17177486419678
29.864439262077212
29.714955028146505
181.72102963924408
49.45108588784933
232.715558052063
128.63602018356323
167.22982090711594
56.69448368996382
76.72416338324547
184.39893674850464
252.17386150360107
175.74649047851562
46.24702502368018
65.15232117567211
177.88507044315338
232.16550493240356
49.73615876585245
52.3496119864285
158.72645926475525
158.62536191940308
10.955563465715386
12.711408771574497
263.5143971443176
118.51233434677124
6.874223194419756
9.606441715965047
103.56145099923015
83.3112963438034
102.42706130072474
6.719480940970243
10.244049606844783
7.217516245669685
14.107427916489542
9.627853077778127
14.189439579844475
12.219769805204123
134.90081226080656
149.393002897501
18.402160339057446
10.13285552477464
12.790915524587035
15.062447097152472
182.59492933750153
15.271167561411858
14.76949997805059
165.846646130085
80.00743860006332
115.18964302539825
140.49606716632843
71.58389334380627
125.91186344623566
55.88861230015755
49.25226228684187
172.39857268333435
76.5560919046402
78.20741580426693
59.856052942574024
62.20552867650986
62.728398501873016
71.9533666819334
79.17292884737253
263.74709463119507
115.95935761928558
154.3604292869568
69.53967829048634
70.94005523622036
164.8611569404602
70.44182033836842
230.73712253570557
74.84823614358902
209.69155097007751
63.97540283203125
298.4563641548157
50.81333786249161
226.69871854782104
247.35217881202698
66.31713938713074
126.607013463974
23.79554521292448
27.35258118994534
12.063824946875684
12.340596551657654
11.061642415617825
12.9803206929937
175.4554488658905
193.71692371368408
15.874588278937154
18.170702261850238
17.842213300988078
11.664346444158582
15.64939599786885
17.542955481563695
18.91821822570637
22.40411319024861
21.27585350512527
269.8305244445801
23.316265958361328
31.274863043799996
28.800335241947323
91.80029821395874
26.8180484008044
28.72001841990277
23.96266366355121
141.3070423603058
129.7585096359253
130.52543878555298
24.566263811662793
24.516878662630916
231.67487955093384
29.87828597985208
26.088292123749852
21.701085506007075
193.12143301963806
53.07633516192436
65.2234675437212
125.25547420978546
64.42604210227728
33.03978409897536
39.493744497187436
42.633251102641225
70.09227184951305
105.42644906044006
100.93208050727844
73.0055962651968
47.14069188758731
39.649713188409805
124.54905033111572
71.0049982778728
270.3252944946289
39.04128638282418
146.31776523590088
46.87894383817911
113.37083524465561
343.4594736099243
192.64340710639954
301.53208923339844
21.955257198307663
21.230002937372774
315.82417488098145
27.69775746250525
21.64954534987919
17.17142581101507
126.41128659248352
15.957650118507445
15.504526367789367
19.50905603962019
25.015395330265164
48.16203702241182
139.15463626384735
37.01660627126694
119.20225369930267
46.88356573879719
152.71270263195038
58.641844898462296
46.69673818722367
39.88863774109632
194.79904460906982
34.39332676958293
54.55721044540405
230.07299184799194
30.80283672758378
28.911728620063514
29.874458892270923
31.406055693980306
26.353866214165464
25.39257222856395
33.01021131593734
34.518177879508585
39.00653334334493
60.26533953100443
292.51725006103516
289.8791072368622
44.43018940323964
30.265318423043936
26.53454526560381
29.607467751950026
152.2243331670761
32.315585657954216
141.5536458492279
60.96261045336723
147.26151359081268
197.59530019760132
44.79566668951884
40.46914738742635
173.07273733615875
53.33806137274951
159.34887981414795
143.06509506702423
46.23538481397554
29.36348993476713
37.174463792238384
122.54361164569855
33.41939927067142
120.30790543556213
194.94177746772766
80.56708014011383
34.860748790204525
45.32602670788765
69.59628620743752
5.326041238789912
183.7492750287056
7.800944577436894
125.38294040970504
4.286152801141725
4.129603944798873
154.48357784748077
5.9908782887941925
5.611428494092252
3.920088171122188
6.414638273825403
6.1117568131303415
4.213089969183784
4.574621716281399
6.807270274264738
231.62501549720764
42.10811024904251
31.937503345310688
12.781794376671314
8.853994441509712
8.436720009020064
8.836828236759175
162.36325097084045
7.295088713945006
12.055813904851675
11.60122298868373
13.534271773067303
18.902879441156983
112.4609645307064
129.1069164276123
34.074669655412436
37.43849941343069
26.020172100514174
12.34852408268489
12.82523117819801
12.65974659199128
172.4269963502884
9.930252671358176
136.4580682516098
91.16087114810944
11.120739948004484
14.242423299700022
15.325820192694664
15.361588708125055
153.16469550132751
12.891189381945878
214.0981457233429
214.32859301567078
19.658071061596274
152.32202166318893
118.78649473190308
123.17129437625408
9.304160164203495
11.209687717724591
12.590436903759837
155.97738599777222
65.10883720219135
78.10187575221062
69.67517404258251
151.4786820411682
253.2529911994934
76.20236349105835
78.17051085829735
77.31629773974419
324.5302634239197
72.55681467056274
101.84415403008461
101.47832137346268
242.35891795158386
184.63383507728577
74.7416609749198
215.37912893295288
178.09562647342682
109.60138642787933
35.088358253240585
21.043751262128353
20.08276410959661
177.26379644870758
157.5588150024414
100.95752120018005
28.67007375508547
12.546227231156081
78.2782022356987
13.906507284846157
104.18371450901031
170.96855068206787
12.236606488469988
26.722586050629616
247.8089461326599
27.271083191037178
15.588245604652911
14.581387497659307
11.458533560391515
15.936820519156754
125.69338488578796
11.224008865654469
15.75201741058845
17.194325319724157
15.60556984366849
10.934626571135595
159.5748335123062
16.88183564587962
140.43859499692917
70.9196161031723
129.97155663371086
65.93464946746826
116.32022042572498
16.61204908695072
16.074069295544177
35.278412617743015
21.21761455014348
121.33326542377472
26.1507471408695
40.84764149598777
192.59147334098816
37.43293886631727
182.20834016799927
65.7254182100296
30.97229951620102
31.502711601555347
23.818735335953534
131.62226104736328
27.74320806504693
27.719926442368887
27.458164578303695
259.37728691101074
204.42014527320862
31.68187504587695
30.423717830330133
