11.804334205487976
8.107860007905401
10.98107820248697
58.498443841934204
151.70478010177612
18.664043542928994
11.896472199587151
117.35127365589142
20.047566697001457
16.45531330537051
168.47043246030807
71.46894204616547
64.93415926396847
6.767249256372452
64.2449102550745
59.4482053257525
7.35086323088035
5.692223777325125
65.86601945757866
7.7919241088675335
59.635112047195435
6.736668164507137
89.37843555212021
78.2252100110054
78.83339285850525
84.31325979530811
8.403429202386178
9.488341359654441
67.07180917263031
10.040841204870958
10.416182255954482
88.84838664531708
10.981859863095451
11.89674518816173
119.92006134986877
16.617140086367726
11.542455475078896
12.435755796905141
9.878219573933166
10.119404228607891
53.54555508494377
12.220060066320002
67.89866679906845
14.654088308336213
11.15069545834558
12.414252441179997
96.21600025892258
13.62280895281583
71.24001194536686
12.54984622146003
40.89905545860529
8.909671408240683
10.929717976832762
65.62986333668232
9.084418106649537
50.46780353412032
10.084186412452254
10.684606745868223
78.55325478315353
13.47135361051187
11.767558369669132
14.192786382045597
48.7853098064661
44.578898042440414
13.068628336652182
12.983394891372882
12.99570097468677
15.732397812709678
13.028621924866457
74.49843403697014
11.184052910655737
24.705242578173056
28.4882136908127
28.30889612995088
108.96247446537018
25.436575003899634
29.13831385690719
20.23222535860259
18.72023143316619
19.806896195048466
16.821713605197147
18.042111478513107
143.4597282409668
22.723034696653485
16.6769548720913
143.74353432655334
20.46979379095137
131.7492914199829
22.916873801033944
16.75984990102006
18.484011926688254
117.37620908021927
19.674433558247983
14.751638768822886
11.810827944980701
149.4943658709526
12.37889070250094
10.76770738180494
13.255533003888559
10.039865025813924
172.36129903793335
10.881922780536115
9.490703462361125
10.025282833754318
10.568010243121535
10.187786709575448
10.018860729469452
11.133289225603221
68.22467394173145
87.82323408126831
14.354777452186681
89.81675010919571
12.711898251029197
18.024858337303158
96.553435921669
113.34337374567986
96.54339684545994
17.270485428685788
15.240165836177766
13.067548539955169
88.85575699806213
74.77427829802036
48.128765895962715
54.653850603848696
8.021324656292563
104.91596001386642
72.24756072089076
8.609178893384524
6.556067480123602
6.812524204666261
69.57466241717339
8.423189646797255
88.5954600572586
7.044650541793089
16.74488760251552
90.17103989422321
14.684276641346514
82.95928120613098
12.503907108679414
11.208382909419015
11.284990352578461
75.40110387653112
11.742853005998768
79.0634588599205
77.09123107790947
15.730352707440034
17.505838221884915
18.696556858951226
14.787410509772599
18.398540830239654
18.499717996339314
79.57543382048607
96.3775349855423
77.2798308134079
74.58579203486443
18.302082251524553
71.9213455915451
64.44784820079803
85.02729296684265
17.16030264343135
17.7113675060682
15.181154167279601
83.12236630916595
20.68422545865178
18.204534985125065
154.54030108451843
23.76461295550689
138.3054461479187
18.911927442532033
26.03543016826734
119.12440264225006
23.137016919092275
109.44638931751251
27.61579132359475
94.5514644086361
18.873238000436686
18.227557024452835
18.701118073542602
116.68486085534096
106.64435876905918
22.09841656172648
14.101865773438476
66.95791752636433
69.55161187797785
79.36830905079842
46.8952920883894
51.0082442574203
13.582441604230553
60.145998165011406
14.271429082611576
16.114815791370347
82.18052181601524
60.17859781906009
17.480994974263012
18.505789001705125
62.90843829512596
68.26357018202543
15.989088247064501
22.414580977521837
19.238662159070373
90.8360710144043
74.37240606546402
121.85503268241882
3.997822793040541
4.4855630992678925
7.029045097180642
101.41747051477432
98.64975357055664
113.16503250598907
94.00259459018707
83.73080945014954
83.4545230269432
79.43714806437492
4.33275199761556
83.2508907020092
114.20754814147949
12.005579007498454
6.50131981773302
168.32301878929138
11.804977176012471
5.628857170289848
11.54949185415171
63.391202449798584
3.768975609487825
4.854822406952735
41.84828955307603
3.7849809197505238
13.221430398058146
16.63233177154325
66.40603172779083
4.8268132959492505
3.7662786469336424
4.284634470401215
44.0150041282177
4.705395076831337
82.12176793813705
4.409516337982495
12.450243359431624
3.5901582791630062
38.63831854984164
48.216148272156715
6.3546644779562484
5.527935792750213
80.96179264783859
13.136146316712257
3.9582141643186333
9.728621884743916
11.169438462122343
14.751912496518344
155.73006987571716
13.496136791509343
6.403900324599817
6.9926814756472595
6.578077792190015
77.61765207350254
5.889998867874965
6.6890401382988784
8.357731649564812
7.303607298672432
8.329312493733596
58.47139756381512
9.221018027630635
70.79456994496286
95.25506263971329
7.803671233676141
66.88549226522446
61.45334078324959
112.15869283676147
6.594765619200189
142.1569665968418
6.152994331539958
6.093157094117487
6.602397402341012
65.25467918813229
53.73663682118058
69.47949931025505
71.98273694515228
56.04535096511245
38.75344735570252
97.09432435035706
82.78255045413971
118.03379464149475
36.89559433050454
32.89283512532711
75.60346357524395
40.101679829880595
33.144928773865104
27.478752253577113
64.59695534780622
77.53503078222275
67.08791963756084
35.1739356815815
69.5447410941124
44.33529278635979
68.9345375224948
42.05861207097769
6.523268461460248
5.769554685073672
6.903044901671819
45.74395058938535
6.871092005283572
8.06979918491561
6.779921445006039
8.222375607612776
82.12545591592789
7.042679750302341
71.57874206826091
6.365514616947621
76.12796848267317
52.532139521092176
5.468511836777907
7.983072919771075
61.79470892250538
6.148788243997842
5.754958512319718
9.523603342822753
9.148330626368988
10.387291853898205
81.45367595180869
6.824523617426166
7.223162492242409
7.985336180310696
61.90030281897634
6.754344548971858
70.50533154606819
6.909271715499926
6.035487406668835
6.487127087020781
77.5212434232235
56.275930158793926
17.06555111554917
18.145651866216213
16.45821308842278
66.42320750374347
77.02179011702538
15.339365466425079
20.154886992066167
51.038075260818005
48.13830148987472
17.561990889225854
17.713937384673045
50.2449187412858
39.93800700828433
65.32062075287104
51.433647856116295
94.86745285987854
17.042883387592155
50.54761157557368
16.08289243856416
47.10845850408077
117.23609507083893
40.656694980338216
112.82059115171432
37.64700165763497
32.213294472545385
33.484379400499165
75.6529112458229
29.55652337707579
37.653920001816005
25.970890756696463
112.02669358253479
107.44614112377167
125.7090311050415
106.00934505462646
47.68396171182394
42.52735806256533
38.10406045336276
37.58308820705861
96.13613483309746
94.86654622852802
33.647914317436516
103.79389345645905
124.79191839694977
47.15145603008568
38.52098372578621
111.50768709182739
11.13793846318731
94.33768701553345
11.988767320173793
92.01626294851303
10.658322272764053
11.119174408057006
90.032409876585
59.93057123571634
82.0786005333066
12.205832554260269
13.936738012067508
12.0860775707406
70.81823446601629
13.118376292273751
10.219931237428682
73.69706920906901
89.47411516681314
11.43392319715349
9.689816173773579
7.087095911832876
6.784936297888635
85.8768190741539
7.659878770744399
10.23490191460587
81.62027817219496
8.683874263064354
9.438521036761813
103.60328975319862
9.398662584120757
15.772909649414942
14.918210902716964
114.32639533281326
112.03150868415833
12.912155263475142
109.68621802330017
13.410920519847423
22.26821195334196
108.24261283874512
168.6983687877655
24.97692708298564
15.314030025154352
110.96330052614212
128.56082874536514
14.998218386434019
13.762578623369336
14.289494005031884
14.329301028512418
108.91559994220734
24.7219427973032
99.29329386353493
11.814972249907441
10.248309501097538
117.52327883243561
11.645415374601725
131.7610729932785
12.587377725285478
10.086421110201627
92.12371051311493
6.634571754198987
9.311967626883416
8.12909425336693
159.35179567337036
153.90589928627014
12.58390137529932
11.592018824419938
7.128414611011976
8.423731062095612
9.488562534737866
50.92722404003143
57.54255663603544
47.97219543764368
6.625967900523392
4.4635738203069195
41.01634211093187
43.821363498456776
6.183639456052333
40.37146280426532
58.644823513925076
5.9010717887140345
6.341557475039735
102.82452863454819
91.79741378128529
84.5002952516079
82.15501546859741
17.75766229070723
109.72746759653091
25.70781343849376
107.76368278265
19.815736842458136
19.18769418867305
16.90928016207181
102.21184515953064
17.766850025742315
15.268895517700003
17.651156859938055
17.9315860576462
13.659633051836863
15.31968741142191
20.759490629658103
31.203703237697482
138.35596776008606
119.83352014422417
17.637528808787465
15.175017925561406
16.81661734113004
116.31572381407022
18.71205425146036
122.66679620742798
18.47844712639926
28.136362109333277
9.755480154097313
12.69016345946875
10.227540764557489
59.44064171612263
62.58782320097089
39.939213865436614
59.26791783422232
9.794148115819553
13.827469751850003
42.15861938521266
11.49813476804411
12.950469916686416
9.577877390896901
13.523243582050782
10.788925524975639
9.287071716040373
8.728622965980321
9.191510439763078
41.44478350575082
62.644120931625366
8.153219513129443
8.831889176857658
7.338728524278849
7.598984903597739
8.287968646618538
57.65027178823948
7.560685342235956
63.355104465037584
24.256102216313593
64.7775456532836
56.71305459924042
33.30984286032617
26.42808416171465
100.076286226511
20.65753525821492
21.374618555186316
22.893505576183088
27.690901677124202
28.262888831552118
33.00462219398469
109.72175334393978
37.78189227171242
36.343753930181265
113.84710386395454
37.33754713553935
35.46399527415633
141.31539797782898
24.215096722589806
29.80890255072154
23.551848016533768
25.293094505672343
26.051671164110303
37.674663096666336
117.42666697502136
30.277220270596445
111.68049401044846
105.29659563302994
27.73164169304073
165.01568585634232
37.2700346398633
129.9191735982895
22.14793264848231
22.475249479359263
119.72192594408989
28.811349765299383
27.39237466560371
28.304644690768328
31.064669380430132
109.0628872513771
122.24278950691223
26.935796328965807
129.5604653954506
29.768242708407342
112.77738404273987
34.360372515860945
33.51078816090012
29.30332642464782
13.841559200547636
143.2181819677353
15.285499506513588
48.30213004350662
15.444371303077787
119.35027980804443
102.70724844932556
13.508759386881138
12.251874543959275
15.313691475370433
12.935227360576391
13.18011981237214
135.3624416589737
142.34978604316711
116.24772861599922
12.741195823560702
50.868458945304155
44.938945800065994
107.83102405071259
55.196121107786894
84.79621267318726
82.70725217461586
46.411136105656624
76.1928693652153
72.48102878034115
51.520545080304146
65.99393930286169
47.83322702720761
29.445485743752215
26.830806815996766
115.61857482790947
138.05437517166138
28.812384707212914
18.70760697638616
94.39820972084999
130.53999119997025
27.095775111578405
18.12884392857086
119.95730459690094
19.285377322059503
205.09622418880463
22.346918394134264
18.883739575820073
18.878550963156158
113.69677403569221
89.39644722640514
18.719706025567575
120.16145086288452
21.575728028772573
17.56331747031072
30.450328606180847
152.47859632968903
35.98558538954239
32.92382809217088
34.74196052690968
33.418338261544704
234.02898263931274
35.118002301547676
129.72766292095184
122.59541475772858
26.182265935465693
116.8955647945404
34.25596232712269
29.80691069411114
96.2804707288742
31.690672075375915
30.05581410229206
28.00439310632646
162.15365195274353
30.197352327406406
149.65774714946747
40.383826326578856
57.79209512472153
32.84519408643246
32.87959688156843
146.99092108011246
132.25964665412903
30.247150608338416
23.43350855074823
25.292089078575373
29.19457483664155
26.51329026464373
30.4956589974463
27.225119775161147
132.83067893981934
36.75734170526266
18.404414030723274
19.291747147683054
21.225257515441626
25.78770838084165
32.178123203106225
174.03008008003235
35.629584331065416
17.4580403722357
107.76534789800644
102.25979399681091
97.48131823539734
25.986334886867553
124.6999580860138
112.82135605812073
17.427188829286024
19.735430024564266
17.068949154112488
2.7833185251802206
2.823206582972489
31.06517623923719
4.211136532307137
22.300457901117625
2.7537758344933536
2.295793930574291
31.817745158157777
5.140590003436955
2.8808515434357105
25.927158662932925
56.938000589609146
3.472462588403687
35.76418950059451
66.35813550651073
8.034004145301878
38.79599973279983
4.825375742628239
36.52631871122867
31.847202279095654
24.090956186002586
7.3469010762055404
5.597090061695781
31.97036414500326
64.30327114462852
23.9635590352118
75.1170589774847
121.81649768352509
62.93007040023804
13.828864664770663
16.446086970623583
18.406585320131853
14.067641420289874
7.9781336876621936
68.0232997611165
9.036728993116412
62.10168591141701
8.004391791997477
48.546610104851425
33.73526051361114
43.73742862790823
10.528656644281
12.903694277629256
61.32642673701048
7.113708442891948
7.159314568998525
8.234561120742
39.89653539657593
81.42528080940247
9.170426745084114
58.240392714738846
13.003351389197633
65.14085477590561
69.17894315719604
9.530182262999006
25.380721289664507
58.35000425577164
24.714592948090285
30.457038463791832
79.56178909540176
28.920195908285677
30.243093200027943
35.97403238620609
139.0518161058426
107.48571354150772
30.451452946290374
134.89783549308777
47.605959482491016
35.06974774599075
36.21468558162451
39.51611848734319
28.52981187682599
30.325207664165646
87.0685304403305
7.489721426740289
7.609281867116806
54.1581964045763
7.906658937630709
56.98848234862089
64.08390699326992
7.264201535173925
6.294921301639988
7.935631912434474
7.150280996844231
9.134582691069227
7.796537486552552
65.07243848592043
52.60477317869663
7.441405733698048
6.99637436363264
7.352760090259835
79.40769881010056
7.980891425264417
8.36574827239383
8.738949398364639
56.83289307355881
57.6557831466198
63.981973096728325
66.3978765308857
6.184817790868692
67.16574889421463
8.628342926735058
7.429304871009663
7.096360374591313
80.49624073505402
8.286654318450019
55.85568303614855
9.214946528489236
8.288500209455378
8.550305664073676
8.494358544878196
8.010917378705926
147.74261689186096
36.089243998751044
18.637450321926735
80.52024891972542
18.804595589637756
18.80768343922682
76.11440221965313
15.409259159248904
15.400875168968923
51.17150763235986
42.75415637623519
49.21025281189941
21.881822854251368
72.08137542009354
69.844557473436
20.067722120089456
78.06871633976698
