9.340599732473493
166.07789397239685
220.57142066955566
12.699210576713085
9.593975828960538
11.887610076693818
239.1171998977661
10.75004608836025
29.666635643690825
4.919009327510139
221.66229796409607
286.0358591079712
7.202691462589428
11.175397112034261
271.9708585739136
15.586419694125652
277.64344358444214
11.166289034765214
222.9087371826172
241.0433897972107
56.6323027163744
229.02958154678345
223.5667862892151
5.340942948882002
2.1504728631916805
320.01274156570435
321.33554315567017
7.323975141276605
5.54771196609363
10.44538044393994
349.64018988609314
231.64311504364014
224.22466397285461
7.7181091592647135
11.744297967292368
165.22860670089722
177.28747868537903
281.3241391181946
183.5564525127411
8.233929350040853
192.184556722641
121.73807349801064
302.65733528137207
308.15023946762085
314.6581916809082
360.8556709289551
9.247956689912826
202.2816367149353
10.638742093928158
5.124080006964505
118.48237955570221
188.28027629852295
289.73195028305054
6.024202601227444
12.573106329888105
197.37894821166992
28.15525671467185
14.17666744068265
13.127480025403202
71.01458403468132
8.207637843675911
122.51445305347443
231.67301273345947
9.929297079215758
133.99547481536865
7.8005813682684675
23.022772257216275
336.74999475479126
301.1005973815918
18.785784010775387
7.37712998688221
15.267724625766277
110.45324277877808
4.26693736971356
10.214965055929497
31.1703641153872
247.6892285346985
226.7984881401062
6.1759630013257265
12.783853020519018
125.78478288650513
238.3744101524353
4.4009976258384995
8.12717758922372
181.25033617019653
16.306584671139717
387.4821367263794
263.01447105407715
13.404007503762841
355.81633377075195
17.336190330795944
230.74352598190308
273.6527750492096
15.08750475384295
233.39040637016296
291.15034580230713
16.577773409539077
39.903188734315336
343.0748233795166
15.573787845263723
229.1388282775879
113.17200607061386
121.51992106437683
246.84868240356445
58.61704170703888
186.5830795764923
33.33728303015232
172.20601749420166
35.17604386806488
132.75922882556915
33.06501525454223
46.347400426864624
224.7455813884735
256.1025891304016
23.684198931558058
14.768750747665763
17.009055141810677
314.4423294067383
95.4316886253655
16.90189245858346
119.37475180625916
143.53192752599716
239.86506700515747
63.02040761709213
148.06224739551544
20.982035676483065
13.018872480664868
247.9554033279419
79.17677117139101
106.26487874984741
30.952535793185234
204.39024746418
20.065713718999177
25.61834973727673
98.86681342124939
237.36989879608154
67.40905521810055
31.31462854333222
65.48961146175861
49.25037384778261
199.65823221206665
12.433520061096715
9.289908566977829
6.15186553989588
19.611124798771925
17.009055141810677
148.72089183330536
80.2425626218319
146.80383157730103
18.756903864617925
151.31275981664658
432.7529845237732
15.589885611087084
254.88290119171143
11.610979158693226
214.28011059761047
146.54825031757355
117.89009185135365
20.21718529239297
12.240287475055084
263.5865116119385
92.98019552230835
121.01120555400848
86.2339790314436
42.15232986956835
123.29327511787415
207.51937675476074
282.89269065856934
110.87633341550827
16.123921768012224
15.105172169278376
8.832409664755687
214.19990968704224
38.447232112288475
141.32741587609053
233.16412138938904
20.14871650491841
176.72206449508667
80.12165124714375
212.4484305381775
109.28990585356951
56.73821222782135
239.5618085861206
135.01931416988373
2.3642241135362383
1.7421451994532617
234.6955075263977
13.273452858440578
2.0119400972940866
26.05065779387951
126.99207973480225
123.0886890143156
3.530971020561992
170.80220997333527
4.740067934457329
6.148541853559436
2.382060121781251
10.66959694866091
119.1182238906622
200.7750358581543
53.268373280763626
132.9879995584488
93.91719767451286
209.84092473983765
97.66396677494049
173.00288313627243
8.97396874029073
305.83423233032227
180.43447971343994
193.09066677093506
335.76143407821655
221.27101612091064
270.49354314804077
211.22389125823975
18.280487010255456
11.257003854960203
168.37544655799866
90.01623433828354
176.54391300678253
203.46154713630676
2.6334284119739095
18.970066959038377
27.294982383027673
3.5924995012464933
13.142422454431653
227.40618860721588
3.875707294393351
1.3862893832374539
236.40670108795166
10.413831758545712
5.202374256637995
2.779760545080535
2.4244337744830773
3.8679127070499817
270.51933002471924
138.78543597459793
6.388835579225997
114.05460774898529
20.86922287195921
3.6760860225111855
35.18741678446531
122.11812329292297
199.47061848640442
52.96248225495219
9.170714472216787
3.6987095387453337
107.17658710479736
211.50927758216858
2.634883820086543
2.6147480923318653
216.1204948425293
172.51705479621887
1.637111246423956
138.850088596344
5.696695197606459
5.806962934089825
329.69431734085083
10.104416878020857
346.7726058959961
172.48794770240784
1.679158954736522
4.240458956977818
102.7981806397438
8.684872368699871
4.6267040626262315
166.48396039009094
316.009304523468
85.15690754354
10.175277825444937
299.771954536438
26.326131217181683
21.047144319163635
202.33665919303894
133.42365446686745
302.4871072769165
6.281847613630816
4.595634503117253
2.0336059074979858
4.979061497724615
167.40873831510544
2.4832371018228514
241.82278990745544
4.359106793461251
181.88195741176605
125.58480271697044
3.0866497880997485
283.9970746040344
245.77965903282166
63.47185879945755
3.7303570883523207
285.01412057876587
327.6272077560425
3.489014960847271
4.846018801021273
5.14610195485875
3.550861460287706
141.46881771087646
218.60615468025208
165.55668568611145
285.0639090538025
173.73771023750305
3.5543760307336925
2.782052794802439
104.64463263750076
56.0957255512476
134.32286131381989
88.25386667251587
2.0533693612233037
242.15420055389404
3.008332140118
226.22118759155273
259.5219621658325
6.9178909109468805
131.21164265275002
330.25735092163086
1.9635039822896942
69.86376026272774
5.7382275818963535
3.180265973765927
6.928304978064261
286.8520722389221
28.55669504404068
173.58098649978638
91.15452790260315
7.964606633409858
4.705728428554721
5.780935881077312
2.9567228560554213
68.6273484826088
158.84231042861938
2.6342168195460545
213.32266688346863
35.40579039603472
149.77858835458755
5.5693639307282865
6.161410253494978
4.591031233321701
3.135131779083167
183.52985501289368
326.55557203292847
218.4533348083496
33.735642263432965
207.36917090415955
6.0590377050684765
32.1166645437479
139.64757472276688
176.91235637664795
172.66386079788208
68.0597984790802
16.871570032148156
5.3581719958092435
5.100239293649793
162.2635715007782
143.12988755106926
3.2031929585064063
16.99776939675212
13.293847121298313
279.2037687301636
231.38026523590088
354.0434350967407
205.8521122932434
167.95833456516266
35.19416315108538
208.00427317619324
69.92050296068192
46.43597054481506
2.605666349234525
6.4487652813550085
5.62877869210206
190.5049763917923
3.7526609125197865
3.0017363292754453
136.54884600639343
132.4196524322033
106.52736067771912
132.99276781082153
167.65562796592712
72.73678854107857
6.784785687494832
6.477490303004743
6.516241164994426
3.9041010816581547
10.44393349965685
8.389870875515044
21.4473246820271
258.7945713996887
243.35514736175537
115.97056084871292
15.904509875457734
199.0176978111267
24.644267570227385
193.70490670204163
232.90633916854858
135.879452586174
250.54203605651855
36.13035999238491
373.05558586120605
131.53328621387482
25.341219641268253
336.31696701049805
29.426511146128178
260.6938796043396
51.27334380149841
54.57004393823445
204.7805199623108
145.91423749923706
83.88422760367393
37.04190534725785
65.87478150054812
237.10394430160522
190.28603887557983
42.27047401666641
205.52483439445496
65.65366286039352
35.647674288811686
170.47762894630432
52.2071930244565
260.06602334976196
15.774677391862497
195.27511286735535
137.27903699874878
26.48983691353351
86.80658960342407
196.25259637832642
176.02654647827148
220.3577332496643
21.19844128564
159.96291780471802
210.8254632949829
155.35397386550903
80.97146886587143
118.84506225585938
25.920526997186244
52.89067094027996
215.61014235019684
16.930156365502626
17.6974562110845
273.5381832122803
179.76027822494507
13.327457806561142
38.403458438813686
332.09633445739746
73.4221038967371
51.294878128916025
235.83735704421997
57.76657714881003
75.13023018091917
44.6881462901365
305.5270109176636
210.88984727859497
91.61520603299141
52.151824075961486
283.94251251220703
312.36979961395264
13.529718248173594
49.36231774277985
114.97818499803543
60.51370805313127
92.59592854976654
19.359186314046383
31.69875540526118
306.1700119972229
63.282828577794135
220.9678020477295
198.4604823589325
102.52999138832092
213.78719997406006
146.98379319906235
106.98776349425316
313.65744495391846
249.97277450561523
60.858886290341616
48.727853749878705
143.6339795589447
25.760652467608452
61.77933940291405
323.31511640548706
21.555327193811536
98.67799717187881
46.572022372856736
39.93849115725607
173.29372596740723
394.1234064102173
138.72731971740723
163.6034016609192
9.91982455883408
280.54962730407715
11.865934622706845
11.061762792320224
279.83143949508667
162.60390996932983
193.88821947574615
117.33880603313446
175.16236305236816
139.07168769836426
98.79348637908697
23.893201261525974
90.47184202633798
21.70608774316497
25.940925074508414
14.966163808479905
15.096340432297438
48.6968697309494
130.99332472682
12.132074763358105
10.114927962480579
11.551719852956012
236.08843636512756
11.841278827516362
12.407547317445278
11.568374573311303
17.27242481801659
11.063544129632646
233.92510175704956
358.38694858551025
25.03085431456566
12.132074763358105
22.171995610697195
12.295602350262925
12.132074763358105
9.61680478049675
90.38862550258636
35.67426136881113
101.91382943838835
24.928331822156906
8.920652359520318
12.98680894568679
105.53707832098007
10.62315199272416
103.03978733718395
130.62584470026195
285.03375816345215
123.44295516610146
146.87171351909637
150.65550291538239
23.319465939188376
286.6045870780945
139.89775383472443
13.14445597602753
246.34763860702515
98.56884865835309
89.84365133196115
105.0778301358223
202.49592447280884
15.377290835953318
189.9143717288971
190.01648926734924
59.95386227592826
10.569412706186995
11.246114414854674
177.6993010044098
40.290299862623215
7.958514303099946
7.6086285717610735
61.983828619122505
265.5693311691284
117.83466637134552
153.6585773229599
253.43280935287476
30.00722604757175
15.356582241132855
111.68589317798615
134.40300327539444
25.6290958635509
146.5331836938858
85.39974781870842
308.2577795982361
235.47974824905396
325.0732045173645
14.398982450424228
180.74861311912537
153.26856112480164
13.500900545623153
219.84537482261658
200.87902927398682
26.680489031830803
20.926077804295346
101.84700840711594
280.1901021003723
194.2886826992035
21.55251416162355
124.56845812499523
10.694306962250266
46.13716648891568
236.62136912345886
137.20968437194824
127.62011516094208
192.04979419708252
7.65917231189087
78.72195310145617
244.51039838790894
357.45769214630127
103.93491303920746
1.5833473942147975
1.3358340872364352
93.9986161282286
159.85868000984192
2.1813341623637825
1.172332133661257
3.582374632358551
2.87396695651114
180.81360960006714
264.87249851226807
2.140732865271275
304.14077949523926
53.77135029248893
133.41719150543213
151.15790343284607
2.6353164991014637
87.31264719367027
1.3358340872364352
189.08578419685364
373.7256088256836
171.68393230438232
197.0972619652748
194.17446279525757
3.6396677943412215
9.170238280668855
2.185550070076715
45.119179867208004
237.92031407356262
12.701988145709038
2.1198201104125474
5.955122115556151
2.756963612337131
181.15838813781738
179.41484570503235
97.14124834537506
7.12306272512069
253.93690633773804
3.9754943886073306
0.7739281821741315
223.46417379379272
171.09900879859924
291.6070442199707
174.74512696266174
105.97817468643188
6.17996192863211
122.51987860351801
334.4944763183594
301.24221992492676
262.79965353012085
308.29856300354004
1.1678053918803926
306.2744302749634
23.58841784670949
2.19672712078318
1.1448132848745445
36.20327681279741
4.423822637225385
5.550989199138712
302.1224570274353
1.1940716071840143
10.382553454488516
129.28723414242268
2.053206771495752
15.133219421375543
13.769472854211926
249.49040412902832
5.11830947000999
0.7739281821741315
210.2787368297577
10.334150031674653
181.58114290237427
289.22921991348267
3.0218033489363734
3.2552201762155164
102.12814526259899
261.99318981170654
286.65678215026855
282.54615783691406
139.70039610937238
81.60510182380676
1.1516379928871174
23.538162302225828
166.23630571365356
267.94274854660034
3.7352741108625196
268.6433081626892
269.48369121551514
165.83481550216675
260.5351333618164
402.40978384017944
9.752133674919605
12.471292451024055
278.5869674682617
2.0063397616613656
2.0063397616613656
168.2762885093689
2.0063397616613656
238.02794981002808
6.651395698660053
10.264781871810555
17.486068807542324
5.115637681155931
104.69206339120865
197.20454216003418
11.681908138096333
157.14601230621338
110.97700326144695
5.795997634530067
159.37092852592468
174.3691065311432
205.07282543182373
282.27749729156494
160.510400056839
22.52185775525868
121.42304834723473
179.45293259620667
351.9996337890625
8.221889303313219
117.91216850280762
10.543332919478416
139.47147393226624
169.87678742408752
103.12745571136475
3.0467828911569086
16.50553872436285
2.6044147166248877
257.0837354660034
52.77977775782347
11.637528747320175
116.4239183217287
250.42876434326172
5.102735370484879
3.0210733963758685
306.50796461105347
87.091912381351
182.74623680114746
5.624146704562008
220.7472677230835
95.74649003148079
167.0924506187439
68.91092446446419
10.711488103494048
2.256686704189633
80.98315930366516
82.63434660434723
135.07985803484917
7.9085782608017325
147.702241897583
276.07430362701416
10.564812851138413
142.22218680381775
4.266608808960882
6.81747707631439
11.070858245715499
10.302181019680575
205.41569232940674
239.7466278076172
7.628342475742102
15.26410629414022
112.8251139074564
4.399062145035714
89.70545655488968
40.36885996442288
283.385112285614
11.97819739812985
259.60098791122437
2.385344586757128
131.03977227210999
35.460730105638504
129.08220356702805
3.1292860240646405
126.95306867361069
106.99995991587639
131.38877856731415
181.71275973320007
224.6187219619751
156.7089198231697
77.86278715729713
53.43721655011177
27.38139036297798
141.11747229099274
196.79020071029663
81.03397409617901
4.103651579601319
4.04377860778186
4.935461659915745
4.616932342760265
130.79855036735535
167.18722414970398
4.21223606611602
10.313516662456095
49.748069524765015
5.65491354094047
113.65214412659407
21.835787974298
32.029626798816025
277.34508895874023
6.1677390793774975
274.04137229919434
84.76483329385519
11.630860811215825
224.36669063568115
11.290612438286189
310.3670816421509
171.48587667942047
6.09250835160492
215.7397072315216
9.180457545793615
12.788757405134675
212.69957542419434
420.01979064941406
18.830783808603883
11.805455040186644
97.48609023168683
11.368946567177773
5.9134712434915855
22.025418699719012
6.69023902277695
25.19491096935235
5.3025351905544085
228.00427913665771
15.955715179650724
164.796865940094
251.25993299484253
232.05815172195435
15.119055145885795
208.2810685634613
256.57535552978516
80.19772534072399
66.54246270656586
272.2536053657532
267.9168300628662
454.17632961273193
298.65028500556946
10.103521261247806
235.01560497283936
227.8250150680542
169.07610654830933
145.674702167511
9.967522071441635
8.797826001711655
256.72198390960693
10.580613899044693
249.47018241882324
347.0391888618469
17.964746608573478
45.97071102261543
9.660804953193292
151.45598483085632
82.15753564354964
11.267564913141541
346.56077766418457
250.0852026939392
10.28637801692821
363.0223388671875
12.106174681452103
183.5456418991089
6.708565723267384
19.2231457978487
111.14989221096039
186.2688226699829
444.7180619239807
210.33688068389893
8.938291365338955
355.95017528533936
434.8434295654297
193.42777681350708
281.39799070358276
10.081777809100458
211.0368810892105
269.1923110485077
8.826773976208642
317.4622883796692
214.07752346992493
6.695114693851792
354.9358425140381
9.535218920558691
9.908686451613903
12.668388354592025
212.41703534126282
256.6676585674286
9.893298196140677
271.76820135116577
134.02971988916397
33.10290680639446
142.16199040412903
71.06213342398405
59.87728555500507
242.5393886566162
76.29282084852457
219.55692172050476
226.81039810180664
382.9679117202759
250.8565878868103
29.716748864389956
26.274606719613075
64.81074905395508
263.91563987731934
55.305288976058364
24.458150254795328
31.32949297479354
403.5129175186157
319.73898935317993
214.60724234580994
33.49352692998946
164.1766430735588
66.78551149368286
94.38231040071696
129.7068915963173
209.7179708480835
145.34338009357452
160.2160394191742
249.63553142547607
123.8941023349762
160.09400701522827
155.47233164310455
158.03068405389786
139.23699057102203
174.64591717720032
283.1312823295593
63.17744995653629
56.598327580839396
75.46705621480942
89.48841285705566
44.97565535642207
188.3065004348755
27.465810934081674
317.35180282592773
290.3459038734436
96.6540362238884
142.78943848609924
76.92666709423065
54.559592105448246
100.84817430377007
35.88367034867406
38.37016767333262
55.08772088587284
39.61490413919091
54.00966650247574
36.5955656170845
254.5630145072937
53.21848529577255
251.92582941055298
180.77738523483276
88.85462784767151
116.17827743291855
84.63889759778976
169.47322165966034
167.67024183273315
320.2253165245056
43.74807382375002
262.64261198043823
240.05073595046997
16.30166192923207
97.61374822258949
44.5848280514474
311.7682275772095
44.5848280514474
216.2450466156006
99.93069577217102
190.8153853416443
44.768542271107435
171.6547920703888
43.306096874177456
38.69226936250925
147.05164980888367
35.88512573391199
163.24796569347382
134.06489008665085
111.08450990915298
257.3639178276062
52.69032073765993
252.13191723823547
105.32587677240372
266.706570148468
159.72374176979065
70.06979557871819
71.02768465876579
112.22537904977798
36.371485605835915
238.31517601013184
1.3849748110842484
4.481979361669801
1.5758595310301189
2.0283385589539193
42.27277897298336
88.02159580541775
2.136892492954985
2.3605042295748717
213.85888004302979
291.8435616493225
209.32031917572021
309.4264621734619
12.758613891899586
272.30428552627563
73.47361055016518
107.05016505718231
4.83026538148988
3.104823136134655
237.75627040863037
1.0318571116022213
141.0243400335312
6.948084012547042
1.266255341099395
1.109652161198028
3.732417325489223
35.186429508030415
5.424921869038371
1.1543546276346888
167.22291046380997
58.490995436906815
8.647616735775955
1.6860275460057892
318.4523596763611
215.96964120864868
88.48631819523871
11.804195714183152
1.2730994885077962
2.052626534961405
7.054273496149108
3.7875503180912347
199.67639899253845
193.17510890960693
33.933099795132875
27.73277434334159
6.998916736854881
1.4519994644456347
6.490871210431578
119.6141767501831
3.111547374491238
323.8947458267212
109.5002458691597
2.49369638798089
57.90714079141617
177.26049089431763
4.1324337277328596
7.967253207229078
5.283356960785568
1.6789989019359837
242.91561698913574
34.51945430599153
2.0922239533028915
25.545693323016167
276.5687561035156
171.42432308197021
5.854175377637148
120.15256893634796
43.08130510832416
81.9520565867424
88.48631819523871
91.545006275177
53.44886301457882
1.7089888099555992
6.084829842206091
1.0649363179236389
1.506637148995651
70.79513508081436
1.7030908330198145
336.01676177978516
7.981304387561977
261.7444305419922
261.6074323654175
186.65636205673218
309.1785144805908
220.181414604187
149.2383760213852
1.9515596491428369
118.81426533311605
226.67367482185364
16.97569680539891
3.143560240575198
4.598669201452935
287.8864712715149
239.64613342285156
5.83146216860041
115.48130041360855
2.505648313323036
4.874070586171001
2.0492403430398554
0.4647505257635203
105.08262947201729
3.016964778485999
257.63549518585205
1.8755453543708427
3.0394335938617587
10.995852967724204
133.5544044971466
376.911256313324
168.8818485736847
267.06027269363403
0.6197872271368396
107.66009870171547
149.3855836391449
0.5201640081190817
72.97490191459656
147.90098357200623
1.2269276913866634
168.17621326446533
1.0195849899319
387.92111015319824
28.82457492686808
178.67458486557007
1.949634968303144
2.5760105066001415
2.1152609100099653
228.73216342926025
233.02293395996094
242.70565271377563
153.3097984790802
1.403064179161447
8.419500332558528
2.7309958423720673
2.599332493293332
223.01473188400269
2.4828860756242648
4.43314148299396
252.58544826507568
2.259716178290546
156.4999564886093
1.8556576913397294
139.99271082878113
1.4714179169095587
192.1109335422516
103.1529643535614
0.7966961017227732
248.72855806350708
233.578839302063
223.5327172279358
6.83632069604937
118.37938916683197
113.37267565727234
1.24752413778333
245.89720058441162
1.6783590307459235
1.0631585002629436
0.8533304248048807
126.30704021453857
116.49002677202225
109.13526201248169
1.5013701151547139
4.591436459682882
0.6796254714827228
5.474925274029374
0.7938605985800677
2.3306685623247176
1.030656189948786
138.3815619945526
1.3054319939401466
0.7436716612137388
229.76251983642578
69.68113336898386
271.60126543045044
3.298379954881966
351.0113229751587
224.4014253616333
298.56190299987793
3.43004828132689
27.593569796532393
135.8525755405426
24.859588354825974
41.91947689745575
308.83214235305786
120.68152618408203
199.69681596755981
244.53330278396606
30.09344210801646
22.11656190920621
46.11911828815937
127.60355186462402
17.359566669911146
90.26882684230804
270.68057346343994
186.81586611270905
379.97822284698486
29.862791826948524
21.31930284202099
332.3617286682129
217.36531496047974
231.80092811584473
109.58696472644806
145.30715012550354
45.80003358144313
58.22466213675216
185.05937027931213
404.8152132034302
217.08813762664795
231.7333128452301
134.16018325090408
219.37046146392822
44.47006801050156
262.84849071502686
87.09988939762115
20.03093947842717
98.09389707446098
117.48408877849579
69.00113344192505
233.38567066192627
92.75916486978531
85.19039905071259
17.530045688385144
112.3915006108582
155.9237585067749
337.2333769798279
296.45014667510986
240.3593771457672
98.13995462656021
38.10431995242834
38.67212640494108
45.59208428859711
299.2333548069
161.1345608830452
277.48832416534424
87.53613337874413
384.17511558532715
33.01479134103283
53.29888078570366
24.32772048516199
197.98071098327637
76.62482047080994
40.66992789506912
42.779233030974865
331.4285316467285
51.3906285315752
87.03931361436844
214.10967254638672
32.1297835027799
96.39363384246826
41.05153830908239
42.478145241737366
87.21751212701201
274.04181003570557
81.51727849245071
161.545264005661
42.189035347197205
42.690741289407015
69.91278471052647
49.169843807816505
308.69189167022705
292.4100966453552
46.57625810056925
41.17201706022024
79.45837444067001
48.568781308829784
57.24536142998841
340.31899785995483
125.77942335605621
43.60511904209852
311.2874059677124
41.91432669619098
287.6692924499512
137.97273257374763
67.61053347587585
78.9954763352871
59.441552609205246
384.20064544677734
208.9865484237671
7.682702622376382
3.120053089223802
61.54270699620247
183.84982132911682
18.712872467935085
164.18291878700256
8.249597188085318
52.44028487801552
35.97391216084361
2.8381711368856486
79.16887071728706
3.794527799494972
111.9018143415451
210.1946258544922
132.68639755249023
200.34481143951416
7.228983429726213
79.00715824961662
135.77092123031616
284.5787844657898
3.3416924256598577
3.7381430722307414
10.66079149954021
99.71334457397461
2.042559715824609
141.3940710425377
4.078695216448978
96.628084897995
4.001071679638699
10.9085500119254
5.813750565750524
5.48062011692673
57.921304643154144
302.08427143096924
13.258134752511978
1.8631047925646271
248.42927169799805
11.46966952085495
306.42039155960083
289.1111946105957
100.14432048797607
14.56169818341732
6.288227619603276
88.91967651247978
46.781834627036005
225.42689752578735
243.98651599884033
38.97904744464904
330.9508819580078
130.76551127433777
5.425369213451631
1.1784209220168123
51.26122090779245
198.2151174545288
127.52674603462219
11.331619245465845
15.873387857340276
96.60955214500427
10.317325842566788
4.756584516377188
92.64510667324066
138.66856580972672
7.091145874583162
86.98682087659836
57.634656738489866
25.837673112750053
2.3283087933668867
17.166359964758158
59.282320871949196
8.00395832885988
5.259280666941777
57.610741287469864
1.984593168104766
110.16070568561554
16.98240625113249
44.52900791168213
293.86646032333374
124.54448145627975
1.2364982761864667
3.3752078294055536
42.67451998591423
190.27592730522156
11.867025902494788
53.53246581554413
143.3468753695488
133.1683024764061
3.3601466645486653
68.91025821119547
67.25038506090641
4.734052717743907
120.26210951805115
67.61745017766953
25.199269481003284
7.222279858659022
14.194695975165814
7.590073925617617
11.925435103243217
31.795988857746124
133.4603977203369
113.10479378700256
12.122232896392234
255.4644103050232
117.63220912218094
23.667575888335705
12.986906546051614
408.9300117492676
14.393113687634468
7.452585961902514
164.65904569625854
148.80694222450256
15.984888108447194
242.12192964553833
15.34119701711461
189.29203033447266
16.961634065490216
158.90858054161072
123.00258183479309
10.384790347889066
6.754913504963042
186.78032541275024
97.35766971111298
13.371905826032162
245.8294780254364
49.39998713135719
6.754913504963042
127.02213215827942
38.068240858614445
14.376455100253224
163.157124042511
17.869174556806684
10.527126514003612
12.122232896392234
23.667575888335705
175.83101987838745
65.57166630029678
78.32165314257145
18.59185162000358
144.64321494102478
22.143657771870494
236.04781532287598
12.448565908242017
123.57649540901184
58.86749065667391
11.085181488189846
237.69473838806152
88.45500274375081
267.9801540374756
285.90486335754395
228.5548963546753
51.54075248539448
270.6490750312805
380.7271327972412
144.41400241851807
153.68602514266968
17.74905452132225
69.74567482620478
349.81780910491943
12.064014706760645
10.077397169079632
18.825325019657612
44.01697199046612
38.24211406707764
6.754913504963042
16.764745793188922
9.860110177542083
75.76182091236115
195.40976190567017
106.49712225794792
245.80971479415894
20.00372776016593
146.9178111553192
215.95273065567017
108.23265486955643
222.27594995498657
155.67767071723938
259.0739526748657
10.974644465371966
114.96844547986984
148.80525016784668
214.52954959869385
171.16150522232056
83.91873216629028
224.80839824676514
12.58829840272665
178.224191904068
163.67056345939636
104.42394253611565
179.99791526794434
255.96807479858398
48.83418679237366
75.44869363307953
313.78839683532715
122.51173901557922
30.78267492353916
273.8119306564331
28.60505534801632
4.498875210061669
59.35678672790527
13.020750725641847
10.628545746207237
31.245138734579086
177.56035840511322
20.942819729447365
38.839230770245194
153.79196560382843
140.01568508148193
256.23989963531494
292.1163983345032
6.955375966383144
130.69090628623962
8.513731532962993
140.60309225320816
167.0359706878662
24.937284914776683
234.5088963508606
230.49127864837646
5.117113745916868
8.838209049310535
100.36314848065376
159.55318522453308
18.742015378549695
15.420989867998287
9.215726195834577
180.9244270324707
6.9627228153985925
190.77718019485474
9.833599409786984
15.944899793714285
7.845937940175645
119.03045606613159
212.6424548625946
156.02840495109558
14.558994807186536
8.764224398590159
127.83510422706604
331.35637378692627
26.428480580449104
216.86729168891907
342.30734062194824
7.645292636612794
86.18945058248937
9.868227443796968
5.111463098995046
11.417650639079511
8.210448483005166
11.59129098401172
7.87597875809297
24.368236476555467
8.348832701914944
156.48162746429443
23.7463270816952
42.018521688878536
91.79480092972517
13.077780943829566
278.070029258728
209.85218977928162
42.368178132455796
3.553242385358317
65.33847889304161
11.84250602760585
11.674689509207383
274.28920221328735
176.6003177165985
241.54253339767456
50.70089101791382
28.153642281889915
295.931104183197
74.70632773637772
77.18964797258377
14.81667123871739
185.62509679794312
343.6043395996094
14.981940113939345
104.4338892698288
11.984108007745817
9.568110008905933
21.993424457497895
314.4104723930359
12.493323340080678
187.5941071510315
284.448016166687
92.76671699434519
10.240200091153383
117.91555632650852
14.272439796477556
10.185065873156418
167.90199613571167
60.310021796729416
132.2833549976349
18.925884067546576
110.31832979619503
96.27663351595402
20.87776275165379
11.151088448765222
218.27615547180176
69.74645824357867
139.30493795871735
10.821848653780762
26.536201007664204
72.69909836165607
24.844687608536333
47.12827406823635
169.44429969787598
202.15093940496445
15.95431119017303
15.731694653164595
106.21774271130562
51.92871652916074
257.68658995628357
123.9032753109932
62.3147227615118
145.92364287376404
66.6910377368331
281.7984390258789
202.10677003860474
173.98901772499084
179.63585424423218
17.412112064659595
36.3965311604552
108.77304884791374
97.25220583379269
14.918024877086282
107.10145352035761
76.98309977352619
76.66389602795243
63.41190829128027
24.261303573846817
12.123709833656903
123.6228058040142
77.50111465156078
257.72627782821655
24.294928467832506
18.729336525779217
13.451120256446302
90.6650584936142
104.25737452507019
19.713316483888775
60.77203744999133
91.57638413459063
198.57655596733093
24.883261244744062
159.52721500396729
112.90326714515686
17.669250236824155
123.86086285114288
77.68390241265297
161.3214566707611
62.662629463593476
12.111673812905792
69.82907621376216
98.64860793948174
140.83388423919678
173.3026397228241
31.420626651495695
133.4587117433548
94.22384738922119
50.92224068939686
15.005264423787594
31.881323119509034
237.4669907093048
218.76235914230347
29.44740041345358
269.712037563324
97.19694408774376
159.8157000541687
20.832342403009534
47.117105573415756
65.3162021972239
60.996654466260225
193.62486577033997
184.22614169120789
18.791719096712768
60.051351472735405
8.434821792063303
79.88275435194373
90.04531655833125
203.96270942687988
125.32157158851624
85.98575477302074
109.96703070402145
12.25469388923375
10.005431520286947
43.68170618265867
85.84232623316348
22.30111109279096
323.84373474121094
227.90518426895142
74.34597102180123
164.14485013484955
27.555554933845997
44.05346903204918
39.185144394636154
187.35549879074097
226.16136121749878
347.3397512435913
218.63312935829163
376.4725046157837
195.85459971427917
152.18885326385498
50.27588174492121
255.9751214981079
216.67226934432983
197.40230226516724
271.3217029571533
35.42231312626973
80.10462111234665
97.16859221458435
168.3692603111267
47.66403040289879
46.942218363285065
106.34236186742783
163.81011366844177
238.1739149093628
164.950554728508
54.00677636638284
41.241489621810615
283.287220954895
29.912026786769275
182.67350435256958
27.283516570925713
33.28228820930235
130.64840459823608
39.8925494402647
49.27793928980827
206.95933198928833
73.81180238723755
25.204021997749805
169.56115794181824
40.213060286827385
32.1694053420797
35.566067995503545
277.9691333770752
107.13645058870316
263.5988087654114
73.37343645840883
284.307333946228
51.437978990375996
31.124373820610344
22.211637791246176
364.0016794204712
32.83963084593415
177.53324794769287
236.12045812606812
36.9351549372077
24.195085546933115
26.362541409675032
42.09861642122269
105.7284985780716
194.70608139038086
118.75413250923157
54.471075773239136
52.74764075130224
151.12304091453552
191.12059783935547
29.57942871749401
42.17466324567795
96.51817700266838
27.674221800174564
155.30003905296326
197.6640224456787
27.78258110024035
89.64956070482731
44.30303916335106
111.04658102989197
24.483604529406875
34.81688079237938
70.067503079772
22.902890594443306
315.98042917251587
152.1272201538086
171.29082703590393
142.48459845781326
49.55013332515955
264.33761501312256
105.95112532377243
18.078370054252446
59.32709836959839
251.96444511413574
22.89346477203071
168.68257188796997
285.8869285583496
249.03075885772705
34.08544148504734
122.3346449136734
290.4027428627014
317.0161600112915
16.882568745068056
154.85395681858063
253.5169587135315
28.147762750508264
26.76001305144746
84.4854736328125
279.5769782066345
119.3165833055973
170.28404903411865
17.647732170211384
64.28492600470781
134.92242169380188
152.4228554815054
17.466547494754195
88.77916142344475
177.9447636604309
148.5123051404953
174.20258259773254
274.42338466644287
268.23707485198975
194.2827591896057
91.43467152118683
32.601615490508266
13.372471630247674
215.9979591369629
97.74203062057495
176.77846562862396
111.42436075210571
140.293541431427
109.66274201869965
15.328864561241062
97.77414411306381
266.92442893981934
16.796983504534182
16.79622590553481
143.03918039798737
19.08231120160781
44.543445497751236
72.57786384224892
237.73738527297974
242.46223497390747
173.5753436088562
49.958762507885695
301.74342584609985
233.54121494293213
246.83006715774536
69.23123626410961
419.0297327041626
19.04746817611158
14.100379376162891
24.14778563240543
21.86869154102169
66.505440749228
152.21787548065186
17.801192423386965
35.58618112502154
16.406842349097133
27.198532688897103
145.57759553194046
206.79876470565796
49.86334116011858
129.95394778251648
81.7560225725174
113.24560514092445
21.21666909311898
58.52342391014099
120.91315399110317
176.59320044517517
21.21666909311898
204.00904440879822
120.91315399110317
155.53970503807068
11.831440899113659
275.21522998809814
142.44684946537018
71.64376369863749
229.75182271003723
238.56811094284058
13.90710216993466
347.1830883026123
10.486372504732572
323.6660404205322
11.653980063274503
39.05705962330103
14.009895640425384
11.498214257881045
11.61917873629136
13.203380653634667
6.943983810720965
121.86370694637299
64.20356300473213
272.01286816596985
16.90212064050138
360.29139852523804
25.78868479654193
260.5084204673767
41.581287413835526
253.35273551940918
166.8538031578064
29.066766027361155
259.09581327438354
18.681730169802904
9.849990212998819
26.18731239438057
122.35996568202972
260.131724357605
8.020739674946526
204.8855881690979
255.116765499115
23.88502048701048
35.99534850381315
21.223082829266787
411.5952558517456
3.545339837510255
199.23426759243011
12.195499448978808
6.832110348274
5.870551527477801
90.19089735299349
110.98798102140427
293.41185760498047
100.64880323410034
8.559633786790073
21.783877406502143
243.06991815567017
347.3216304779053
333.00656366348267
73.37949295341969
15.203119043260813
117.37734878063202
49.716934729367495
10.025597033207305
7.360913016309496
194.64672982692719
181.19458031654358
118.21180456876755
6.510965537745506
161.03558909893036
31.45742056518793
166.88063609600067
208.0298147201538
77.58480548858643
7.639478941448033
7.639792340109125
223.2514579296112
198.62612009048462
10.863431677455083
7.881666555127595
10.517646248452365
39.207043170928955
32.524220034480095
13.58976387605071
342.18030405044556
102.61346554756165
23.108148227911443
246.64017391204834
299.9816379547119
10.751447554677725
23.693128823593725
29.26114957779646
12.423585350392386
11.648437862750143
187.60069668293
18.84766548871994
47.74166238680482
131.80967950820923
164.90164804458618
64.04818634688854
15.485464374069124
103.27871441841125
67.54510855674744
6.367675154018798
195.98180055618286
128.4830982685089
118.62091445922852
245.53219938278198
324.4410400390625
277.1368103027344
219.0929901599884
14.890645751263946
205.5741792321205
6.350784782779556
24.272135708481073
22.324363224208355
255.87528038024902
170.8537027835846
40.32603643089533
30.567697409540415
52.85356242954731
252.48019742965698
53.220095615834
5.313814547759421
168.38328957557678
24.416669256985188
209.99972414970398
40.42873486876488
190.2578055858612
182.44483995437622
236.62578654289246
282.65499925613403
37.84492571186274
6.2204351545951795
24.68573279120028
7.656686064321548
5.497348270335351
5.386019593985338
128.3349610567093
6.21395365864737
32.29172672331333
5.702321834320173
26.844029515981674
7.099683793669101
5.055861740140244
29.851425379514694
64.59880802035332
289.95364713668823
204.56709122657776
8.88401678758055
191.31738409399986
301.2309765815735
279.9826250076294
8.015872385934927
316.8426675796509
228.92523217201233
285.8925042152405
275.9134874343872
89.70148533582687
165.74752068519592
149.53312826156616
12.136015100870281
362.8414421081543
351.30155992507935
7.013907350075897
15.84173649828881
236.17059803009033
7.473524483348797
5.766837510338519
242.51604223251343
6.836532919915044
218.47215062379837
10.899141004192643
127.03102540969849
4.548563042630121
247.23792600631714
6.023136259202147
26.451416365802288
257.24197340011597
247.65880870819092
6.515060902589994
133.65594100952148
5.386019593985338
4.82913078283309
5.123809443670325
163.75882732868195
162.52255606651306
12.068468507379293
55.26888129860163
183.66117310523987
97.03709506988525
280.04637908935547
381.8915843963623
186.16466426849365
29.555908620357513
181.38536405563354
4.228917102213018
5.3361750930780545
224.73816919326782
5.618148125708103
4.709362983441679
5.273800368857337
3.307335071323905
9.362328259390779
178.00384390354156
27.33434721827507
88.9317455291748
95.93315005302429
152.16739284992218
170.72389197349548
53.17371265590191
6.121668122941628
269.28226613998413
9.182158106006682
102.484150826931
326.2868027687073
364.2798252105713
29.640157975256443
97.11522497236729
4.220755656686379
29.555908620357513
205.3839612007141
4.751632173545659
29.640157975256443
29.640157975256443
188.74565708637238
3.7774656695546582
166.84829878807068
112.31146335601807
167.08196532726288
29.555908620357513
221.608500957489
29.555908620357513
5.520084019051865
153.26785945892334
137.48771214485168
156.92411160469055
118.39046025276184
5.247875811219274
9.328904800117016
114.26068496704102
212.00472164154053
223.91661286354065
5.739005520939827
224.21378421783447
3.2579627786180936
199.95082187652588
233.35802817344666
96.49768344126642
122.77515125274658
10.0727785648196
188.92624723911285
3.3126924021635205
129.44786953926086
4.415275030740304
2.7003230602276744
112.18756037950516
191.7902762889862
15.473558358848095
102.62134087085724
165.1751070022583
2.632198109087767
219.43589448928833
5.447745812125504
202.41788625717163
181.57760858535767
312.18246936798096
251.81818675994873
253.17842864990234
28.298296585679054
4.1044067941838875
139.69247245788574
121.41645193099976
63.76948386617005
2.262969507079106
133.99337530136108
141.82420682907104
2.7375160668161698
11.403648782521486
3.4980609454214573
164.31645619869232
86.03322491049767
280.8035283088684
248.80522441864014
76.2564799785614
3.0036000901600346
5.212224292889005
0.8666311556007713
337.50672149658203
3.0019128354324494
217.847806930542
132.910906791687
69.96749040484428
9.288115616887808
2.713137866663601
0.838600484881681
6.111893604040233
3.318637702410342
0.6053512955128326
4.128197736630682
228.39557874202728
1.5507676816778257
111.74129462242126
231.1974048614502
190.11060047149658
2.4783377553567334
99.69817218184471
2.1637504494774475
96.60580825805664
2.035385619077715
6.901215634308755
5.54547524813097
138.06755149364471
4.001329667691607
125.85940408706665
235.1053409576416
1.3908091415532908
47.53602505847812
123.16393202543259
261.6066749095917
149.97047781944275
100.12612944841385
116.91101837158203
83.95655891299248
309.7417097091675
83.38700734451413
383.5914831161499
3.516104804293718
0.7144120513021335
6.324924938613549
3.970543203409761
153.81615912914276
71.36657748371363
2.3016256039772998
32.715071400627494
138.4446135610342
2.7160604396412964
346.1991572380066
2.148089079307397
318.27076387405396
489.0988607406616
23.438669392606243
16.170193454549008
161.28851079940796
4.02238133829087
94.57217483967543
95.49295926094055
296.93040323257446
286.7197241783142
179.83095049858093
243.94645404815674
6.740794492419809
215.89309072494507
115.2219376116991
2.576624035369605
2.1867247082991526
2.0823398980719503
187.3876507282257
36.82693199440837
10.855184965068474
5.849559314548969
3.198304301360622
203.48704659938812
230.9984438419342
261.03604459762573
63.16876867413521
157.79922956228256
17.720453937537968
5.995970568503253
139.31504887342453
4.613973388775776
4.450730748707429
29.650886988267303
108.35775273293257
6.5015628600958735
132.77083522081375
282.70036029815674
10.61702517035883
4.613973388775776
10.378574023023248
17.302941096830182
69.18997249007225
46.017244189977646
342.73576164245605
37.63074047397822
250.67267417907715
9.381066042580642
344.6133031845093
18.51650496572256
201.22173166275024
142.90329003334045
10.93144950614078
208.59953451156616
84.50108432769775
279.0007019042969
185.90668082237244
9.548190734160016
133.31655097007751
18.394570460543036
10.027945621521212
8.742165874456987
112.3451144695282
220.30351400375366
4.613973388775776
8.469127469521482
14.534462248906493
132.02928406000137
2.921356359613128
198.6426272392273
103.70523405075073
176.6353039741516
3.710311699669546
221.07373809814453
144.8551177084446
200.5193772315979
107.74383854866028
123.86760199069977
333.353271484375
195.06693267822266
133.90119075775146
191.37149441242218
8.080066375114257
174.06931883096695
206.17374849319458
13.600718836067244
113.39803504571319
150.1251344680786
146.49239407479763
218.38550758361816
158.76202756166458
139.29698956012726
210.4349241256714
237.32612466812134
17.956226002424955
121.93031573295593
8.235591272357851
8.720692620905538
43.94737036433071
4.320111699867994
319.85201358795166
119.06992721557617
22.198006718419492
224.52742457389832
3.5327435395447537
13.850648736581206
4.341681267716922
363.9159698486328
314.4486713409424
231.7340874671936
57.74599269218743
376.29596996307373
113.05545502901077
420.00438594818115
126.3178174495697
213.05813717842102
16.884025529026985
120.68863940238953
80.82305520772934
138.34516917169094
15.63957489375025
19.935862123966217
156.22959923744202
70.24695061892271
177.61342573165894
52.729952692985535
95.3293044269085
29.94228622317314
44.84999640285969
76.37659111618996
205.67741227149963
86.29202646017075
8.479839263949543
15.291545152664185
250.4523162841797
8.495450858026743
39.26076936721802
107.40196645259857
63.25384946167469
209.23001098632812
9.126992895267904
149.38318130373955
8.38419574033469
32.835524678230286
186.06709551811218
19.400292798876762
134.14991068840027
128.31669902801514
160.79730534553528
256.8841485977173
267.543089389801
193.44218921661377
112.15112474560738
298.1639413833618
18.292634768411517
51.757996648550034
329.05816173553467
51.98118433728814
12.562248113099486
10.881158123316709
14.886005625128746
73.69207149744034
21.238654047250748
224.2087972164154
314.56998205184937
12.57794863730669
16.601345034316182
224.74532532691956
52.820600748062134
10.464367225766182
84.6157978773117
13.882437621243298
162.15506410598755
87.79058194160461
115.5869032740593
10.773743215948343
142.23384165763855
13.769445735029876
71.1408639550209
50.764541029930115
7.683053749613464
141.63770300149918
88.37143424153328
146.80243754386902
247.18195581436157
158.88532876968384
105.91490030288696
12.830088204704225
14.598532814532518
239.37999820709229
360.3096675872803
351.7908515930176
20.752493664622307
213.2379105091095
99.39907351136208
296.38520193099976
218.3134069442749
147.24877738952637
21.439063612371683
107.5912079513073
9.902268527075648
165.21666932106018
19.82621644437313
287.38342666625977
284.11719846725464
212.99415493011475
367.81439208984375
7.200410374440253
49.28105276823044
120.23252332210541
14.59924147464335
5.874990922951838
155.2842925786972
143.89610600471497
113.20709919929504
232.32996344566345
15.34476407209877
17.10997037217021
432.8965320587158
27.79566727206111
81.76553669571877
129.24760541319847
218.31675457954407
14.353110112366267
125.81495463848114
37.21876656264067
238.22447729110718
18.898138486314565
74.99032880365849
18.558397078886628
89.72632445394993
181.20902824401855
32.89541018009186
66.49867516756058
21.113755639642477
388.5331439971924
225.71715688705444
125.73473903536797
15.665346147492528
114.7104024887085
25.068972300039604
195.6479344367981
17.75901506980881
266.3145570755005
29.22774925082922
22.84923019539565
171.6343983411789
14.670806454028934
45.658113583922386
175.09591913223267
276.57532691955566
350.82581901550293
12.255863094236702
115.20712061971426
161.2365242242813
144.80163437128067
201.53451085090637
217.21036291122437
48.33017858862877
197.70942378044128
275.0317029953003
104.81998655200005
16.52501673460938
22.350514503661543
39.75678274035454
139.1208478063345
148.72779041528702
159.42724776268005
26.640688063576818
323.0458655357361
14.573183571686968
45.96538258343935
171.36320161819458
100.11784899234772
47.67371924221516
240.66615104675293
66.89017025008798
210.79744839668274
93.26689159870148
48.41565468162298
2.7348867058753967
137.03408646583557
149.78531956672668
183.4160418510437
3.862167474348098
153.47525066137314
68.45240515342448
1.273601533321198
2.184567183139734
2.211118432926014
189.09884881973267
27.42600793391466
0.2027049013413489
0.5602121958509088
65.84247079491615
0.7151393256499432
5.5328829772770405
0.7551328003610251
11.139226011000574
185.86350417137146
1.8851515724672936
109.84322270751
0.47625655308775094
291.41518688201904
2.272434728220105
5.4223008354747435
273.7329378128052
126.05549418926239
139.26361191272736
1.2521500653238036
29.541605480015278
11.758743970654905
0.8974226223508595
118.83354377746582
62.58165684342384
11.20412440947257
285.0311121940613
119.2747848033905
1.7126294722693274
2.2119844722910784
137.78106427192688
152.34781634807587
101.23698461428285
8.389874715358019
87.02190108597279
2.351288738413132
344.3089156150818
0.3593955647842222
76.00000953674316
5.463265983387828
0.11191146191436019
0.06245219574338989
4.005115889478475
1.377594153775135
1.7188941372642148
0.8398245438128242
72.65696305036545
0.04369421368221538
0.5792950545373969
0.08083752617858408
0.13509794875153602
5.991897387430072
159.30449426174164
6.464610351249576
3.852601848077029
262.8237781524658
0.8501173547938379
8.153491296805441
105.29030275344849
208.44469332695007
58.90100395679474
140.15678077936172
12.924110053572804
8.209961432468845
131.78906440734863
177.32648301124573
7.227096919741598
71.71450376557186
101.07190227508545
11.40726324901334
158.4834677875042
87.36177718639374
26.267904068459757
93.67470653355122
316.86942052841187
21.20621361490339
52.28538906853646
21.896311705408152
365.62081480026245
83.61269393470138
6.755814727395773
10.867749734123208
72.07968125119805
14.229336794000119
274.77751421928406
236.102454662323
18.876643700990826
281.9664354324341
21.556257842108607
168.27529120445251
22.11076979734935
96.86536566540599
325.3880949020386
44.91921732574701
161.1257927417755
7.604058327007806
247.8357639312744
18.785972092300653
21.828360257903114
14.426543878391385
339.5071578025818
366.3038401603699
12.682737846960663
439.48661947250366
242.3231658935547
9.973096976871602
76.34397691488266
60.56672693043947
328.5216107368469
16.231149437633576
52.64806516095996
6.396001891305787
88.16565373539925
12.418214572942816
126.84161341190338
143.5002191066742
73.66964995115995
83.60808349773288
59.763730343431234
215.79499864578247
166.6326823234558
14.648511985782534
49.874252146226354
135.85788905620575
62.1949107660912
93.84718397445977
129.43776574730873
84.03782898187637
93.33777891099453
274.8298454284668
50.76488245278597
302.89445877075195
107.70411030575633
13.449083883955609
32.062934482470155
296.37009859085083
8.341460071038455
88.58399159109103
268.42860746383667
19.89825494075194
113.93012894690037
116.47582758963108
239.89732837677002
275.1597113609314
228.3111653327942
77.44049768149853
94.94230765104294
111.55801171064377
18.001313166692853
55.74493908137083
47.248208557255566
20.690822664648294
396.89146757125854
25.15512142702937
87.0170658826828
10.011188681586646
25.592357053421438
91.24755990505219
132.63397884368896
67.29879140853882
164.4946801662445
4.930083138206101
17.520685898140073
258.0773696899414
197.45873427391052
27.233686903840862
223.13715720176697
254.82491827011108
134.0632586479187
29.23579978942871
39.026757100597024
16.250967595231486
151.019993994385
202.37839913368225
261.4759225845337
297.00481605529785
204.7903391122818
307.0624794960022
7.353919238405069
100.68992638587952
3.4888709877259316
15.722177138086408
7.612068667542189
428.5108003616333
334.910493850708
343.48787784576416
6.029969741750392
258.9339919090271
5.095184620966847
187.50115251541138
25.485611632466316
59.962595579912886
8.133986116816232
347.7482023239136
6.349834938009735
115.9940317645669
143.2993049621582
178.69927942752838
252.22311305999756
37.246963404119015
266.6526942253113
301.41666889190674
8.873843166977167
280.5095076560974
379.2467031478882
201.8839933872223
269.88409423828125
170.7365744113922
201.38944625854492
265.06676483154297
5.17081753614184
6.190966354683042
10.184492730768397
34.794387442059815
7.71388371323701
164.85208320617676
3.226424633163333
17.20106608234346
276.25799322128296
5.823140885826433
237.28708148002625
257.7469787597656
272.6532964706421
39.761669769883156
8.320722672331613
29.30418401467614
3.217356867023682
15.68679528683424
396.0309839248657
19.918398783542216
25.04611874371767
58.450031369924545
18.208732024999335
5.614228062855545
8.268993250851054
5.206477180196089
203.5646209716797
4.50454765462905
248.5004687309265
279.89678049087524
56.65733435191214
181.43348741531372
285.0670795440674
2.2260133829840925
317.5006093978882
243.71913886070251
143.52453327178955
15.718584706948604
28.561082384956535
6.741417970159091
149.957688331604
277.04302501678467
20.40721281792503
192.72608470916748
17.769431840861216
232.58939123153687
97.21887731552124
5.165029199042692
165.46845376491547
96.06980657577515
20.21685580164194
1.8392358659766614
113.50642123818398
146.58173391222954
22.234046921133995
324.5662622451782
153.69067493081093
183.77357077598572
2.362538182642311
115.80897212028503
7.119478631997481
118.71399569511414
250.40367603302002
5.183622248470783
2.4141777391778305
5.953717352822423
30.01546400785446
5.127183862030506
126.93875706195831
1.5526480934640858
306.0019245147705
140.02620792388916
284.9153838157654
115.05033904314041
48.182876855134964
308.91525983810425
166.39275634288788
1.2446012821019394
6.420043624937534
25.190825551748276
4.928943814855302
91.5303707383573
188.15354537963867
1.2996890372596681
1.4750448674458312
79.19648826122284
108.65168878249824
155.508666574955
118.28275202587247
0.7938854938256554
1.3949631650466472
130.83494622260332
187.12675380706787
330.6236004829407
308.3995180130005
1.6031059090746567
5.643834723159671
4.706913081929088
10.638182507129386
3.5283663750160486
95.11455178260803
143.93036144971848
27.260011181235313
5.898181886412203
1.609786671353504
16.822340903803706
167.0884301662445
4.496383493766189
117.4171077311039
171.93349468708038
1.512896514730528
3.1802560267969966
168.51041994988918
32.34487920999527
4.2786696082912385
114.80756255984306
3.174152065999806
135.02488434314728
6.4734616610221565
162.87791168689728
3.8823748510330915
127.16971349716187
1.6099901424022391
94.38116782903671
6.57539976388216
3.3635462261736393
271.31035900115967
198.27661180496216
6.297400642652065
228.20513439178467
7.053676179610193
121.89437371492386
130.86888122558594
1.6235998218180612
1.8223502726468723
180.13857913017273
7.075927976868115
324.7364020347595
7.635071330703795
44.3715829346329
93.53803618252277
209.99092721939087
28.047734301537275
33.3271901095286
100.16900351643562
194.56816601753235
19.039379192341585
229.442369222641
76.57059901952744
30.73609847854823
310.5543909072876
14.257268289049534
287.13289499282837
195.2765109539032
327.26713466644287
10.701074960757978
207.3119616508484
16.3443599070888
87.4797543734312
86.548086643219
41.469630133360624
77.20240890234709
121.87647408246994
205.24760329723358
385.05022048950195
15.021970796398818
159.86339282989502
16.07693943742197
167.70808804035187
21.021670375019312
62.276100128889084
231.8492820262909
112.80235600471497
16.112240119371563
12.652903229172807
