2.0222872130398173
1.7777807820239104
1.1962886667643033
3.031820053467527
3.960723858064739
1.27640788264398
1.0337252393655945
1.3861024497673498
2.713159384598839
0.8596191166780045
0.795475386774342
3.1305966934305616
1.0924013626863598
3.5653095126035623
0.9965949351890231
5.249630805774359
0.9349483287369367
0.44224066877313817
0.38803625699154054
2.97879580805602
6.129945812688675
2.9250926598906517
0.5926792567515804
0.9103502260531968
0.4933867677792705
0.5285122356872307
1.895206160552334
2.6068923404654925
1.0923131723466213
1.528413583888323
0.6415673943192814
2.1353051140904427
0.6367906203195162
1.21297493230486
0.4585966053635957
4.899558564648032
1.6530399989860598
7.13210796425119
0.6439183232005234
0.9262047939846525
2.315232651308179
4.043218430422712
0.8015050845915539
0.9689754712226204
1.0779127674832125
1.483871363394428
0.9389663930633105
0.7959452340305688
1.7129756452704896
1.613935739354929
3.4592016735114157
1.9158878244052175
0.4154514931999529
1.4120242334738577
1.1581646908468883
7.879318308783695
1.7044858346052933
3.455104953085538
1.2406318977591582
59.75655193626881
3.7146589125622995
11.69797871587798
0.499715463398843
1.156658728750699
0.8329218874123399
2.3400355954654515
18.232906601042487
0.9288394558043365
0.9006603031593841
1.6441955765185412
0.6628846934254398
10.342073742533103
77.32028495613486
3.803057860932313
3.034129423671402
1.561862436006777
1.2279447132532368
1.4447439523064531
0.9800949607306393
2.9296248540922534
3.8406879529647995
1.2293963425809125
0.5344041175558232
0.7298499954331419
3.6152996757882647
0.7069708121916847
0.7915270604835314
1.845530370628694
4.022050705738366
1.1313826578661974
3.7559400347527117
0.7590450647112448
0.8414924672788402
2.552785802166909
10.71716620116058
10.370187448861543
12.659846415539505
47.49925582110882
7.440038210901548
13.9262212520116
28.22277779597789
10.909020333325316
6.233670761750545
10.541826222753116
31.784731157124043
9.688062410816201
26.223420172929764
21.963861456606537
16.662351252904045
24.05672677885741
17.862938008271158
16.531430647242814
9.438798035371292
12.582215459955478
13.279023500625044
14.992541117360815
12.285190549584513
53.216477806679904
11.636969183571637
10.532285529257933
11.899059836319793
10.24961970106233
22.769142768345773
31.85564821958542
13.438755494076759
11.602459241716133
14.322262264082383
10.568701321491972
10.314849606831558
19.36479473754298
12.709742815903155
12.756961995284655
9.478621573885903
16.67688543885015
37.54796056449413
11.206837112855283
6.692689681036427
17.792240016220603
87.08931729197502
27.847775414586067
62.24408122897148
7.172603557201683
8.898893644498685
7.280357164766883
9.9190126217145
12.285190549584513
107.15288138389587
38.57616361230612
14.944197294313199
15.044264193507843
31.5582365244627
56.02432030439377
12.003671998158097
93.84948527812958
9.987079148610974
21.335087947547436
37.148014668375254
8.241923735750788
15.987558353226632
10.162284998146788
12.566864154563518
19.946823869278887
9.858083272672957
13.878278055228293
21.240242594853044
55.50949200987816
13.992024902931007
9.438536673917952
56.871721342206
10.793318846990587
11.755819235986564
6.389298428952998
16.70353483967483
19.62052994966507
30.103586131706834
11.755819235986564
11.932836178566504
14.636309985537082
23.696498665958643
8.993821318933328
8.050979363196006
30.46753480285406
9.24996515332532
36.53470693901181
0.5239058094258553
0.42637812230918826
1.5281177742913314
2.3681347917881794
0.8282540231921303
3.741785308290673
0.2859523515253386
0.9261296826880425
0.7925225815106387
1.446613475040067
0.29274204565081163
2.136294833802822
0.486316154653764
0.905826577317157
1.4504765786352891
1.3758804844688939
1.632815626440788
3.5057691677793628
5.185949624486966
0.6188280874034717
1.130643530595762
1.1171038298407439
2.457193832500252
0.8227898196205388
5.211666486364493
0.6913942114005067
0.4688507981481962
1.2167415892326972
0.7055130330252268
3.1004933031772453
4.024435788451228
6.2729243353242055
1.4732817890059096
4.266013676042348
1.5244331039568806
0.33566566975923706
1.6540602708882943
5.968596042628633
10.758221879223129
1.0232908365915137
13.35875697247684
2.4318876315519447
1.7445179732235374
0.4304569069772697
1.5597253773993316
1.490429175271288
1.2150181781253195
0.7530841088114357
0.9037179361260996
0.8650934255085758
9.497583427204518
0.9410489198717187
2.9958528226156886
3.2028698441645247
1.3413269416256526
1.1272012652866579
9.158707274124026
1.9449783631623632
0.826351577207106
1.3138502303057749
0.858298596489476
1.8973781797394622
0.33681396478743864
2.689983371297785
1.0156235000609968
0.5219097688136571
2.8106244665686972
59.727308101952076
0.2846558611402088
1.9819615447192973
0.7602204937057877
1.2491097217679226
0.8717690361962696
0.9881404744097608
1.5172393917769114
2.3637488618633142
0.2818156037078552
0.7277782881158146
0.8269443199814077
1.8219789241650233
0.4915507426532031
0.38043980476527395
6.756521072937176
0.3256565928506916
5.604669969125098
1.7427421896513806
3.4603377375606215
5.417620820517186
5.483919271871855
0.448286045653731
1.528856474913482
1.6784202360504423
0.7179302433803514
0.252802873947644
0.41331675873288987
1.1759745823310368
0.5847167139040721
0.22039170080256554
0.7888307412667928
0.9313266950661045
1.4315197306295886
0.2644474059189861
0.8689261970785083
0.4089755732056801
0.5093520291256937
0.8189673676679377
1.4143097175547155
0.16923787416112646
0.5098859403751703
0.6838409997817507
2.0284096781761036
1.1964938593955594
1.9119656818329531
27.64982943981886
0.3661868882533099
0.37702197091994094
0.9357937681634212
0.1613280293486241
0.7315256954907454
0.4330247767302353
22.14622608665377
0.4689070411841385
2.0417985766434867
0.29949769310951524
0.3569311379487772
0.22272882425022544
0.4686487148512697
0.6321993446435954
1.8136476764975669
1.2725784132526314
11.972466393373907
0.21354995400213284
48.476939648389816
2.210390854823345
0.4173337652077862
1.962336605978635
0.9015707240287156
7.043048013583757
4.888015376840485
0.8290889326162869
0.49948368160994505
1.5400287923876022
1.8937289393336414
0.37207648022376816
79.25108534097672
5.735243236178576
0.25872537726615974
0.7928435051944689
5.697391077061184
0.8546227503175032
1.3322953042561494
1.566694554512651
2.067766196562843
0.2631536974699884
2.7147450832853792
52.88121898472309
0.7928435051944689
6.189622293226421
44.789648085832596
0.515751280108816
22.61426696460694
3.3195832480487297
3.0172840325103607
29.86549635604024
4.861466043395922
6.208357119074208
2.657265028945403
1.2985374897834845
6.973330871784128
0.7833383088654955
0.6755518871377717
3.4221118219429627
14.238545891654212
0.29270350996876005
0.47663616438035206
19.85987469938118
0.678018674503619
1.4439599643228576
5.241176727111451
1.9779727227564763
3.1841358533492894
2.2924820580519736
0.45054626147612
1.1253680904919747
0.7928435051944689
0.543746815518034
1.2271961215428746
0.38959303176966387
0.433716342842672
0.2710617985439967
68.51628479361534
3.3779591142811114
2.444328938756371
7.28334366693889
3.745426427683924
1.707236436966923
4.848462855385151
1.5038835061423015
0.7381535261120007
2.908187987166457
8.57804684023722
12.710032620234415
5.206490465330717
30.81030795816332
5.892813633989135
9.340371936297743
10.978507465217263
4.674587637280638
13.851279831607826
9.678195300861262
30.75584884174168
33.510032910853624
6.053905439992377
6.786121719283983
6.316209542826982
23.099157779477537
19.537565000355244
13.525588395539671
15.484130341559649
19.780461353249848
7.589656877789821
5.769337869762239
30.81695923022926
23.724762490019202
24.127124270657077
21.31941220909357
23.55977307027206
12.812041197670624
8.16862601810135
24.966098982840776
32.134180732005916
34.104212291538715
6.696324637130601
5.6296803220466245
7.289709306322038
28.568761290982366
19.47876226855442
7.573622638461529
37.26001651585102
4.937616986137073
8.171903423033655
44.81720118224621
6.329746647700631
7.0996747573663015
20.819526342325844
35.66053234436549
19.5983414935763
40.10272787511349
10.42522036517039
24.244650381151587
17.73122757463716
5.513441595379845
6.129348914688308
35.573925940319896
27.53264863975346
5.303306708534365
20.60956944525242
35.43620021175593
25.56587478518486
25.31759200920351
3.8692420365841826
25.551377679686993
28.637261097319424
19.493688011541963
30.929259203374386
5.88786032040116
32.85458099283278
17.85558843263425
28.868334165308625
24.600284143409226
6.739365956862457
14.861343935597688
36.08765051420778
24.103313551167957
45.52815341949463
7.615810560117097
28.310731804580428
20.771919198319665
27.58640536107123
22.48397195606958
4.870060387049307
44.415718453004956
69.36813604831696
71.95236599445343
19.355724659835687
17.82026766659692
14.90314076942741
29.16638780932408
23.287040928844362
13.62900955794612
7.274650010542246
28.178631795570254
19.692623373121023
10.197072738432325
12.755526623863261
37.27907925611362
10.297663668519817
41.44465188682079
24.81130990071688
9.53671848385693
0.7744665861246176
0.8558701487650069
1.7696098627056926
0.3883600257868238
2.159577399637783
0.9592781889325579
2.377963692328194
13.332333264872432
0.629326398810008
1.5637564084672704
5.548321637499612
0.9834706792216821
1.9227070370252477
6.093567609030288
3.556872011104133
12.2881232900545
4.215549018466845
2.753329758546897
14.41288393177092
0.5472855141269974
0.9834706792216821
0.9836093573412654
0.7576185789600913
0.9560947309855692
0.7716839996155613
1.2614593760978323
0.9965724403514287
0.5130447845240269
0.8110753603455123
0.7576185789600913
2.4534982614277396
7.0948003069497645
0.9834706792216821
6.268234910588944
0.9490671023177129
0.9834706792216821
0.443779441706738
2.7441537164268084
17.61493495386094
12.865795105695724
1.037120262822441
1.629678493263782
2.552361353416927
1.786523197981296
1.6352554392287857
1.5483500254104001
20.65223163878545
5.287942315539112
1.5637564084672704
3.8431658401386812
1.4474761791479978
1.4155761664223974
14.493477224139497
3.8763517499901354
1.5637564084672704
14.374881651252508
25.06080242828466
0.9092820042642416
1.677215992443962
0.9295738773980702
3.4040664634812856
1.0746415058520142
0.9982025609670018
0.9315478119679028
0.86322936871602
2.2947163121425547
1.3931235991694848
1.288706917242962
0.578232149622977
0.8324579405643817
1.318217893705878
0.8030251771942858
0.7576185789600913
3.383588641532697
1.4245960372354602
4.982349021855043
1.788002723165846
3.6322142457938753
1.7678228410850352
0.6395063252512045
7.743984648725018
0.7033731550909579
6.268234910588944
1.1294093567230448
0.9765218074098811
4.4529245674057165
0.7033731550909579
1.9370021292452293
2.0246777242573444
2.2668998331937473
0.9295738773980702
9.324503595940769
8.50619943649508
11.66505903768848
0.9982025609670018
5.286044029984623
1.564698298829171
0.9530980594325911
1.0837751965009375
9.746946572791785
0.22083269319773535
0.17637176093251128
0.3743568507525197
0.6136389137245715
0.28932644668384455
0.475446909477796
0.5051693385667022
2.381016236031428
2.7779985168017447
0.02600565782393005
0.0273899695810087
0.16341699991971836
1.0867049284279346
0.05410606470559287
0.19629535508170193
0.6976610261190217
0.07276843146837564
0.08914565639588545
0.34411285006353864
0.11295227150844767
3.883592196041718
0.11501617130761588
0.24127870962911402
0.06251709530079097
0.03600598587536297
2.7274981127120554
0.0273899695810087
0.10314220116561046
0.10953520173075049
4.777597833424807
0.032189902989557595
2.4722489745036
0.6829375242559763
0.26851727595203556
0.20038759749513702
14.9628438455984
0.02083307182374483
3.5243846266239416
0.055559564539635176
2.1601120945997536
0.3314818467533769
1.0948595772206318
2.074411905836314
16.861974192783237
2.9634438357315958
4.840988907031715
1.636065143149608
0.025552176404744387
2.7445353469229303
0.030207168116703542
0.0761121657754984
2.2989705646177754
0.08263939628022854
0.26248399112955667
0.07404866113938624
44.23855535686016
0.6654741612437647
0.33182113368820865
10.878080260939896
0.051465992402540905
0.35396219878384727
5.977947723353282
0.14806897030211985
0.020247743721256484
41.27390203811228
0.17429697899206076
2.540858265128918
27.131085283122957
0.046405788885294896
8.6032242635265
0.11295227150844767
0.13732042457411353
6.282461686525494
0.8363804080872796
0.09806640050919668
0.15852890568021394
0.025552176404744387
0.07771663605501544
4.9480293995002285
14.67933573294431
0.034185019829692465
0.16400995279946073
0.31105856227986806
0.0773428545689967
0.19858055133954622
0.6103057986838394
9.748785653384402
0.19835098561134146
0.21456393020116593
0.030744980751933326
0.9300351571873762
1.009736944863107
3.212527801573742
1.1666345771227498
0.029262235111559676
0.3447501272021327
0.15202748234014507
0.6927379907574505
0.45654611827740155
0.8685485123223771
1.8843310841330094
0.7149219091479608
0.27982770786820765
0.27982770786820765
1.5288535818690434
0.27982770786820765
100.62856686115265
1.7471155539460597
1.601227056569769
2.677469322530669
0.7709869067875843
1.5931587800514535
0.8441686314145045
2.6542241867755365
1.249986407018696
0.5802561519330993
1.5889353438815306
0.27982770786820765
4.848512436932651
0.3621247953890361
5.963680822736933
0.5143997924918722
6.0967725878581405
0.46616856744913093
1.8233495176391443
1.2217485818255227
2.8992498299339786
1.109258382457483
1.1866096855374053
2.510664108544006
1.6592659511807142
1.3439735043430119
1.142312149866484
1.0493685435121733
0.678483073844518
5.5207976994424826
0.40143979642652994
0.4995295645690021
0.31947817998570827
0.5467334866705187
0.9142082871549064
0.3657492513690386
0.796271485149191
0.3993836953566188
1.114607862545654
0.9175269172556
2.947837787329263
1.7523740346805425
6.331743338145316
0.8986674720363226
2.5816075968323275
0.5200444378233442
3.628187150170561
45.002755016088486
2.3551194404426496
1.4081133076033439
4.900279120862251
1.3882420797162922
2.4537139511012356
7.452568652341142
1.5768220029240183
2.041541118407622
3.805604065360967
4.795189335476607
47.801699597388506
16.425915280357003
1.2711852599022677
4.852068242063979
0.9188905090486514
0.8516346715450709
2.606414229143411
31.602128956466913
2.00501790115959
4.195655974908732
0.7052329019206809
0.28684563005299424
14.151306786574423
9.362052493728697
1.0498408627245226
0.3384111648642829
14.823065411299467
0.5585049172882464
25.78557944484055
1.521629497041431
1.9937028545537032
0.8441686314145045
4.709526543465472
1.563220521704352
2.952257041230041
4.261203951260541
1.1169213458233571
41.31466397549957
0.7463396025844986
0.47461317128818337
0.7225545887849876
1.0835934732749593
5.034818481479306
0.676631699893278
0.8753252811857237
2.1211302193114534
35.313398310914636
1.1950070108305226
0.4204169369504598
3.073187261237763
3.8366522742435336
1.2628367739744135
1.00400393153177
0.6696214297480765
1.2881703697239573
0.6642153583306936
0.4612570759099981
1.0736449750111206
0.2300729402907109
0.21820110940609538
1.1275714064649947
21.79223051003646
0.6515630530520866
1.3424654095319966
0.4052959512655434
0.2507894441150711
0.565797249309071
0.887798220905097
0.17414951078546892
0.590737719048775
0.7876998229703531
1.214868268324608
0.4650175052661325
20.298200898920186
0.6954320637225919
1.0410487761109835
1.7216224645699185
0.526904186939646
4.655770554395531
16.229843476739916
0.2992200956158513
0.5718602997731068
0.9598291063812212
19.408895865431987
6.271391095593572
4.922048465676198
0.589223694651082
0.2780480079341032
1.2274273696530145
0.7346868268541584
9.386546364286914
2.2652429777081124
0.6086636455183907
0.9657340558642318
0.8329313951144286
1.0402795683348813
0.2262125890281368
0.4364184389360162
1.863656551900931
0.3506235269796889
0.7122601629689598
0.9667261059857992
0.5227355496122073
1.6338355891348328
0.3895848502411354
1.0728307987446897
1.2982055280881468
0.8120796331495512
0.36521179214469157
0.2017319146183354
1.2708689482731188
3.7699646786786616
0.4452165582097223
1.566161076305434
1.7611540248362871
0.6851816328194218
0.6965663697826585
0.6851816328194218
0.5970706041789526
0.23940695331361894
0.21641170249006336
0.48380746297323185
2.773880342778284
0.7289735721442412
66.81251842807978
0.25088901825915855
0.5230081405861711
4.2456719619367504
0.2212132977959982
2.3367387012824565
3.5034649012959562
0.4818624528231794
0.3784895140452136
1.024533878065995
1.758757456409512
1.262119445753342
0.47067764831717795
0.8076320928194036
0.8232499047808233
19.076222752264584
16.57160089520039
12.94407017690537
17.563857464119792
26.144261292298324
46.631299132539425
15.575461194035597
27.64207517541945
14.452179722633446
22.687448668992147
18.869786896575533
10.79911348753376
41.97474551945925
19.54274944984354
9.387301055829994
7.7020513083271
29.471543496601953
12.026939219318592
9.20105587373655
20.75090604275465
8.914765710214851
20.55769703956321
14.19005285014282
33.78662682916911
23.505354387685657
25.413771915249527
17.565055583952926
9.896797053341288
13.575212645670945
12.699541714532188
17.328917746432126
17.97996364436858
13.477069138432853
13.524414783343673
21.141028595826356
10.325751769443741
21.691969800827792
22.03758756397292
34.323066014796495
19.08895466476679
19.968746532918885
25.578751710243523
10.98751100935624
9.799623558064468
8.938804328590777
10.96981037966907
13.203486420348781
23.812799982726574
15.471957649569958
18.945364219835028
10.803585058565659
13.021066475936095
33.66686385660432
17.132056315196678
8.745070985867642
12.171244689263403
22.262652878649533
17.66607059260423
19.881922333035618
18.97289382398594
29.711420180276036
7.692635220271768
11.940550238476135
46.542941592633724
8.673517900086154
20.965095676248893
16.98217344310251
9.597113835516211
15.028430138409021
8.21350809235446
13.194098425941775
44.033661125125946
11.254361952305771
44.033661125125946
16.217931688806857
13.548338503111154
15.471957649569958
13.337272901088
14.190256501780823
14.36795471131336
13.548338503111154
37.01431302167475
31.31946585699916
12.127970355595608
34.90151985705597
28.566599381621927
8.0398085963825
20.371969941072166
18.867171563848387
6.306633385016767
25.441662228899077
18.965891616418958
21.752127666026354
49.51530632376671
27.741285605356097
22.403933275491
28.83180462103337
2.463654025520441
3.170892096750322
4.701092841764876
7.8261836368965305
4.62940757668548
35.13595769042149
2.8309932267042086
4.720295716973851
16.64798032444378
2.253456327409367
2.5388397742299276
32.87941860035062
2.6086937093004963
10.852477890353839
20.936520694972387
1.649123960271254
1.995582402807031
2.440544049406526
4.750049294525525
1.2340127719808152
32.69082335010171
3.476652689432285
1.8127185428586472
2.2212155488532517
2.0611012826683464
26.961108542978764
7.792859399269219
1.2353534746714558
13.025905816524755
22.72957235595095
21.787400133907795
2.5455180420431134
1.9999094022000463
23.913890335708857
37.383703235536814
11.56559236254543
1.433776840815085
3.395163548178971
5.785290957719553
7.416712246602401
12.810306385101285
69.06050479412079
5.177968342322856
28.88306124974042
7.5064354895366705
1.6834621832194898
7.210445215692744
2.168188233721594
2.3584617193724853
3.721314143644122
7.716491892468184
2.719516821308389
3.596237164369086
1.8876016438291572
2.046165264537194
5.299506774943438
11.108612149953842
1.8097066000746054
8.78347269410915
24.98297170153819
1.0574294904303088
15.073389020748436
42.64034830778837
2.6688748420428965
8.432006942341104
1.1671175718188351
1.6004131931695156
1.2397521591483383
37.383703235536814
1.820906678942265
55.00315982103348
3.449755491441465
9.462722945958376
2.0394893727770977
1.8734892171722777
2.466565299218928
1.8564199437246316
2.4856922505277907
3.7192965979193104
44.57476617395878
2.8417979352507245
21.822725902544335
8.849193314556032
1.9256321362713607
4.803256244760632
1.8699454577485994
2.169682400724014
4.450243105962727
30.64759905615938
4.166079991766765
6.492323936108733
3.5943012943484973
32.265487764496356
7.217221612168942
0.027743371638166536
0.0546075643696895
0.06985880696367985
0.06930760915020073
0.027053692137542384
0.030433966745476937
1.1927364209768712
0.03406594860337009
0.1595578413068779
0.1486408174769167
1.079350434076332
0.12465365343450685
0.021990152045759714
0.17116031702335022
0.032206272770849864
0.055709382893155635
0.03793418565919637
0.11920822274623788
0.030179663298667947
0.7265208938115393
0.044919784707985855
0.0414944732880258
0.023010033262949037
0.11565813262063784
0.0708316496190946
15.096802111715078
0.028580087552199984
0.027111890872561162
0.08497730164094719
0.15166306152411835
0.029719559974751064
0.040793907423903875
0.21011808312960056
0.058702638701333854
0.0420831279614049
0.43493609714641934
0.09276604140677591
0.7308732733945362
0.11842898315967432
0.04848942220144181
0.1434083768963319
0.03046180025432932
0.07526625152513589
0.05555847532104963
0.05211828245273864
0.0649641569589221
0.04783953547246256
0.09601761833528144
0.06290111128168974
0.02818743527711831
0.0519388013472053
0.03497808735551189
0.05597959375108985
0.80873517740838
0.060189565245309495
0.14303738980447633
0.022529789861778227
0.8740537234953081
0.028292682954543125
0.19343493022915936
0.043774047478109424
6.170765105634928
0.0384945466072395
0.08507619672491273
0.07876079132415725
0.15506879694748932
0.02586683323647776
0.03232863482639914
0.01721047037108292
0.040405368279152754
0.041163204670056075
0.0382427299008441
0.04728402515365815
0.023474576059356878
0.07658010866225595
0.03327668218605595
0.6741032797581283
0.06898808094570086
0.031235389532866975
2.9215169011149555
0.18540444950599522
0.05353346626088751
18.0938738132827
25.771277309395373
14.122014716191188
21.524788218201138
24.408749514317606
14.131257590510359
14.315965366169621
17.777883642360393
18.891984787303954
17.591162828292
21.411368273198605
18.416437920415774
14.20280329036541
30.30886135995388
44.89778848970309
55.11672888696194
50.297305300831795
29.443915843963623
16.186324062738095
23.42204531095922
18.56272244027059
31.594635035842657
49.495632499689236
35.63300506398082
29.733326002955437
28.936929117888212
20.918755597434938
39.673193752765656
42.853865310549736
45.1282572299242
35.97554213553667
24.893737708218396
34.85509718954563
45.394307675771415
16.4383068154566
19.761824763874756
67.91519385576248
42.52102265506983
34.128937220200896
42.434336159494705
52.734813183546066
35.13925401121378
16.83590327212005
50.52354796876898
45.09334425628185
37.53578888066113
54.9594646692276
31.58942461013794
96.91797482967377
35.388558745384216
21.90117570385337
65.42973193526268
44.828148793429136
37.2183083742857
30.84059862792492
37.41499800095335
33.52588220778853
20.354190208017826
45.4726666752249
15.412006412108894
18.744008258683607
48.65376238524914
34.23877953644842
18.785011959727854
25.02261181920767
37.963691264390945
43.64180859923363
37.72970014810562
17.288202123250812
61.833671897649765
23.12033226166386
23.996467601507902
49.66007570363581
30.11817766726017
46.669566974043846
43.23649546504021
21.870740925893188
34.65731653571129
29.698481306433678
43.76903700828552
20.212356451898813
20.717577001079917
25.176245715876576
31.30355801805854
27.651457610540092
37.374952763319016
21.83965258928947
55.05025711655617
57.55971403606236
26.582254759967327
40.648290352663025
21.207179470919073
43.250765702687204
59.20782260596752
35.614465514197946
25.49159425497055
29.9479501247406
46.1985903987661
0.3577924681612785
0.3648396160909897
0.46642273271754675
0.4805277561135881
0.45143377636247806
9.622172568924725
1.0225339696917217
0.5391386976953072
0.3854396053725395
0.5081881789237741
0.5899046755376958
0.9169526640816912
0.761703245483659
7.806727380957454
1.4644751556443225
0.4637731940033518
0.2651003902692537
0.7535571098960645
1.2425010658753308
4.872328951722011
0.18344627139731529
0.5094018300223979
0.42117392270210985
2.1894825354938803
0.6589857867584215
0.597330451823268
2.0527885139454156
0.44745132079515315
1.6639560788134986
1.0201715075691027
1.720568749587983
2.8273908753762953
0.9507894917460362
0.4007250757459815
0.5846586785937689
2.0831991174491122
0.38804043097923113
0.5513378958789872
2.1840151012438582
1.0545450199497282
0.4145662835967414
2.410592621345131
1.9736552964386647
2.632430094992742
0.7122578974485805
0.3903350192305197
0.7126606253623322
1.1059133598441804
0.3665807991388874
148.23294711112976
5.525014952028869
1.8261538195729372
0.3523481130014261
0.5778252181426069
0.4773160574368376
3.1151210139651084
2.3113565039166133
1.4168815662851557
0.644878594101101
0.3757749549095024
0.6119490055118604
0.39824211705513335
0.984449177120041
1.1970968039504442
3.6565674629528075
0.6221995886527338
6.8407943793572485
0.7404536964022554
5.129058425605763
0.5089462463802192
2.455944930698024
1.8484457297963672
3.943395010996028
1.0541126935386274
0.40015211490936053
5.624067063210532
0.5338498565924965
0.2848498185517201
3.6244215807964792
0.30882133288150726
0.623718275281135
1.953287231590366
7.728821390774101
2.5562635156093165
14.3343063602224
42.69025504402816
6.432677181321196
3.1413158317445777
0.5201605904770759
0.7679296934320519
1.1768620431066665
1.2770993074782382
20.495085295755416
7.8613809095695615
5.674567508627661
3.6885126127745025
5.89290605323913
6.435488197588711
5.644726485001229
2.822059028145304
24.050164928659797
6.9369283451924275
5.658115656340669
25.46888549812138
4.1650307068557595
6.720440922261332
4.1650307068557595
4.619204276042183
5.834634565500892
5.842462901444378
3.6885126127745025
6.313417103760003
8.110428486892488
4.791949259230023
24.373705679550767
6.521927159887127
11.687373894266784
24.261493036989123
3.1596387483659782
2.4069893744090223
2.644836246938212
4.1650307068557595
5.053159566505201
152.17742562294006
11.240448721902794
2.4069893744090223
28.693913534283638
5.927580582792871
4.321238135781641
6.156805568258278
9.224256548797712
3.8712960458069574
6.9369283451924275
4.1650307068557595
4.494076849491648
22.130545511376113
20.739660694263875
8.021082399296574
4.093316242364381
6.74837438994291
7.8948964889059425
4.02818014991135
27.42020282894373
33.436666429042816
6.110428109852364
8.954610349610448
36.30661031464115
4.494076849491648
32.049485202878714
3.6543510398769286
27.040965316817164
6.502524568037188
28.830993988085538
11.240448721902794
5.298391358286608
5.619418830843642
36.16870756819844
51.68170392140746
2.117242336655181
2.985003450557997
4.494076849491648
5.842462901444378
9.029379678890109
2.4069893744090223
5.744080873417261
5.121091207081918
11.76073460932821
3.6034876351604908
4.494076849491648
87.52431340515614
10.007895790040493
6.502524568037188
3.1596387483659782
2.2916812651183136
8.68973445345182
15.103853480890393
6.424033888615668
4.9685756485996535
51.68170392140746
13.147063046693802
18.976530763320625
37.437865182058886
18.821735836565495
10.950727883726358
5.179609611958767
4.373234980608686
8.74237169791013
66.68390971049666
4.082046291339793
2.952622659406643
2.1548944209771435
2.9528908002685057
25.30617743730545
2.59030894915486
3.6697388025349937
1.7556079275254888
12.26618785620667
1.5439912558582591
22.850792102515697
2.233956652011784
7.902455547475256
7.070725415367633
12.775477749586571
7.134543193271384
20.41658957861364
6.3651681672440645
4.1241833948406565
19.653687494108453
1.7865530484510828
7.152802249824163
1.9584624297349364
2.8643396275510895
6.948816752439598
13.1506737023592
11.762117394246161
2.6458727587482826
0.9325072534713854
1.9041524434378516
6.231829801748972
6.153305118459684
38.787606701254845
7.787016853690147
11.02112717894488
5.290084507651045
4.284205474003102
1.350322318434337
9.211599987349473
7.22217819141224
15.394230108708143
1.8846521005798422
20.86209907196462
11.365248300717212
6.90608979028184
5.068787815747783
4.470222775271395
9.555958159617148
8.216374615905806
6.379795707267476
16.968141974532045
24.754898689687252
2.5099951951851835
2.5836838455907127
3.938419483576581
1.8748601526606308
4.074940494829207
4.4268876312999055
6.747652884572744
5.524407194941887
11.427458146354184
2.551352711632717
36.6521436907351
17.77901997207664
23.70725599117577
48.041581712663174
11.386604948609602
28.329878257587552
41.14893229305744
21.040625038556755
1.6799320515538056
19.48120261542499
6.408320411018394
5.115644727891777
35.119645066559315
15.89056558534503
2.977953897575162
4.768190610746387
2.436794531022315
70.21671544760466
11.648044695262797
5.374853788423934
4.374249098618748
2.7562987474448164
2.2017062198392523
9.53471900295699
18.623082629404962
11.72575844079256
4.456325795436896
13.550477044191211
2.486781626183074
7.9218603449407965
4.0074338918475405
25.25681091286242
57.51302435994148
2.751690472694463
11.944992810953408
7.63874564692378
2.997543920262615
8.789789414033294
0.5299060446470776
0.6636043542353036
0.4369701820555747
4.326454828435089
1.2923767374300041
1.1143436585985
0.9489839468370747
0.9375192222678379
1.3804119130384152
1.1833590894638064
1.6694590197566868
2.7507560087869933
1.829630933223143
1.214416701792743
13.947617515688762
2.3881661811483355
2.2652709487247193
1.731749832884816
0.8366251862080389
0.9602751674806314
1.3281704464898212
1.2599929557418363
1.0773707580783594
10.437220552004874
0.6434903619597208
0.8626302132322508
3.5021844864822924
1.9850927069510362
2.2171405064873397
1.547443059404145
1.0000488839003765
3.6701634664204903
2.2575147489187657
1.153142396646217
0.591411183287164
2.4025106052977208
2.437773555130434
1.9530142541125315
2.776452139795765
1.8138972587539683
0.6563653730889882
2.697545913324575
3.811205448898363
0.8384583793415459
3.2761818170147308
4.5447286327471375
1.1367471133507934
2.33048105425587
1.5490435097613044
2.0471146289695525
1.608884682916596
1.5029120170466967
0.9635623030007991
3.955800992960576
3.803262031142367
1.0459939495741537
1.0832526060926284
7.472656274439942
7.529935774357
3.2080023608468764
2.5534822002300643
2.1054162047203135
1.2454765226956397
1.1762967695741509
8.872786585241556
2.2055083474642743
5.437561066080889
15.012407018686645
4.5625465738958155
14.308955456363037
1.2259052743352186
4.783508832995722
1.1736107981616897
2.437773555130434
7.76352817681618
3.273102806066163
2.0037231218029774
1.963353793064016
1.140547132515735
4.154500819771783
2.7434325222857296
0.5390854951988331
1.1381432289963413
1.6900501300308406
2.115280274048928
8.325078112771735
1.7451215690862227
4.3382027395418845
1.2995172563703363
3.012875278654974
4.255877097515622
1.5591735531561426
8.832505275961012
2.302758453483875
0.9156431131650606
10.526266896325978
2.573841053817887
2.2339753018793544
1.454279171336566
0.7211309207084469
30.18924363423139
18.50812725328433
21.674618930614088
21.237424473278224
9.365742102614604
15.811539687681943
27.002916001714766
16.175770594141795
33.12333680316806
10.511491042449052
11.851872109924443
10.071026672841981
17.64599243644625
18.216154728805122
66.1855840086937
12.648381208331557
48.270877197384834
16.049555527024495
29.994834773242474
23.825415164232254
16.618273797445
19.541002325480804
18.16502092918381
37.65007143467665
10.843378467368893
16.64745007820784
29.35596153140068
18.77365772164194
23.09455968462862
9.569206310407026
15.515603983454639
11.72782601473591
19.864771043648943
20.97518166556256
18.075108593562618
20.29455962436623
11.963209342880873
12.079413074057811
22.92195324227214
9.515008806029073
10.712118806375656
16.64745007820784
16.0626960156078
14.006243118179555
22.7208093192894
46.50340402498841
13.94655379105825
26.286496260068816
10.240240447083124
16.192278797850122
14.734311415348202
10.494165633050216
10.971237553421815
15.988353770168032
16.599882871378213
18.286050103750313
12.713100802371628
22.405345289676916
20.223931826418266
13.856269140611403
16.599882871378213
12.448706421084353
12.795774837073623
12.412076385022374
17.49305263797578
14.730234958726214
12.823347824745724
21.328407735098153
25.59164172783494
14.338541613600682
17.3674197239161
17.58976183156483
18.3027404771492
10.432430488974205
30.009132908191532
34.45016188919544
23.673313638195395
10.141643734821628
14.619783547299448
18.85807467252016
17.130727757466957
13.753602979282732
10.241451380599756
13.465935989050195
33.61851383931935
19.340170573617797
10.883559002275433
23.060575114795938
9.055103239854361
10.080146563937888
21.18278571648989
13.551300174556673
21.908113807439804
28.078935619443655
12.259872601134703
16.192278797850122
5.217681719178472
4.958947360108141
109.03163254261017
3.934740909852735
5.977761802096211
82.88312676548958
6.323429385873169
6.941051858993887
4.74295842322681
4.658645330267518
21.110189588740468
5.414891498963698
4.684360420123085
4.60223965305704
109.61471843719482
19.459287144243717
6.239770767546361
64.92964279651642
3.666778329257795
5.151130980113521
5.00741585198557
4.3804820269017455
5.43877200451243
5.765762959281346
8.57817790142144
10.795656789036002
3.463779851957838
3.0715525091009113
30.83774932473898
17.16074955552176
12.630387878976762
4.269290824426207
5.598011519476131
4.476601271046093
4.95464175314919
5.507889483935287
4.279033266288025
4.833385044486931
5.860397457787258
5.336214930579445
31.35517703811638
8.382978351553902
9.378566609695554
11.65954994301137
11.729314507450908
23.94259447976947
38.78146757185459
4.285754544897827
91.1072570681572
29.466949414112605
53.6974676605314
4.727669524133489
4.4098287001106655
12.2993212841684
4.6702961187702385
40.3043994680047
6.722822711773915
4.829571106290132
12.329860940633807
7.645900183641061
7.935148370117531
3.7451631013061615
19.26724606344942
13.07239732448943
5.2511616394076555
75.33012267947197
63.21145353466272
5.52463163358334
8.625160946280175
33.41330141201615
4.067325831560993
5.52463163358334
8.625160946280175
33.41330141201615
4.067325831560993
20.844929268583655
4.919805218640249
7.974451519825379
10.189079933450557
6.160775769094471
12.68794588779565
7.7660029376420425
13.089390745095443
9.223872645001393
35.58155748993158
7.953805470047882
29.08245875313878
10.958016583535937
9.559567091200734
8.578805114520947
7.81876093079336
6.2585260962951
77.33054625988007
67.57167622447014
10.00563306256663
19.74496829509735
33.39539246633649
14.857096130726859
9.182320220861584
20.40566318994388
7.723497795552248
6.213463847201638
40.729682594537735
35.646864622831345
8.787165868590819
11.555099389981478
15.494801625609398
8.19533748595859
11.659270524280146
7.061194201072794
8.317776496893202
18.531119687482715
15.57483460358344
35.56714912503958
10.249657242617104
9.895026232523378
6.971593539034075
115.83560967445374
7.60932864316419
6.865665034667472
7.671663462060678
9.436119842474
26.469396967440844
8.230032288120128
9.800314236286795
17.89615042391233
9.58014985108457
8.067304187306945
34.0801989287138
14.92778187431395
9.625381741439924
10.447761719362461
12.949124140432104
11.413821997819468
10.760064782225527
6.691208204778377
114.45897972583771
12.685196380480193
11.56774769705953
8.538039414721425
11.661181003553793
35.4707372514531
8.365014323499054
6.18908027442194
54.677689909935
8.112977477365348
8.286109423992457
7.7275766142920475
14.372084092057776
9.455218460629112
8.421579862568251
7.372350518111489
11.499407406081446
37.44587239995599
6.613661737006623
7.55461432809534
12.206040050834417
30.3215176705271
20.883949453942478
16.112019375432283
6.187946398218628
10.370500615914352
7.641104179418107
8.13464373597526
9.35168796396465
7.224558549773064
11.8304652600782
32.29626632388681
14.45542795676738
21.2555383782601
13.836062418762594
6.557645699707791
16.620113395154476
27.083862136583775
0.32127257085710426
0.20095784647708115
3.6289043470751494
3.297830207477091
0.556026700348184
2.5795601440477185
2.496307861221794
2.313096960191615
2.0535080213740002
62.46874979138374
0.8591511595742531
18.96729588508606
4.860176891699666
1.0475968822224786
0.566918607271873
18.295136127620935
7.197541328412626
31.28664023987949
8.163415113580413
28.41863275691867
0.17881392062747636
18.039590534521267
11.924733778461814
3.297830207477091
10.21018281322904
2.341607848444255
0.9647249697524103
1.926274745603223
23.27029822394252
17.637784795209882
0.7181784167114529
14.472603799018543
1.3382504864785005
1.346774123954674
0.1769604774281106
5.630026001483202
1.2680627492969734
23.71696749702096
0.40825792861210175
10.780851614661515
4.198823581129545
0.8196470978009529
9.510521069169044
6.277778734685853
3.1060018559219316
2.065885634690858
2.79579305632069
4.1656050756901095
1.168126576199029
2.058734696576721
0.1721639927692422
20.169532663887367
2.132220109242553
0.6463320820288345
2.566095206857426
3.620569994862308
0.5056852070683817
1.2587772263250372
2.0191438842957723
67.13727480173111
8.729399896925315
1.3997754150477704
2.9912484715605387
1.9069014378110296
3.0589304574850757
1.3980101723136613
9.36983849760145
1.5416103979223408
27.424445147626102
3.6131307356699836
3.297830207477091
1.1621207437347039
6.274939052644186
1.198198269342356
8.538690047338605
0.17373859076303688
4.6977131361782085
0.8418132400593095
0.18638851209914264
0.1769604774281106
0.7815900663863431
1.4051555858759457
16.800997633254156
1.6790443378831696
8.262112225173041
54.6986765563488
22.196472469375294
2.525450978981098
2.34487489615276
22.196472469375294
2.653294222414843
25.263286640460137
50.33557428792119
0.8948170735607164
1.7236357764049899
2.171090239160094
1.8340511423643875
4.670583122642711
3.874895537737757
0.933552776857141
4.5561694113562226
106.37384787201881
2.4311673491611145
1.2252537416995892
2.433917758644384
65.94656166341156
25.263286640460137
1.548058418364235
6.174599489721004
40.75056188576855
2.462832888995763
1.5867975503497291
2.5414106735242967
25.263286640460137
22.196472469375294
51.60300274193287
1.1682506152501446
25.263286640460137
1.5774278202206915
1.571077839587815
22.196472469375294
22.196472469375294
1.9607091508587473
0.8649707274842058
2.6351497607356578
1.5867975503497291
2.0276511195552303
25.263286640460137
3.595236012348323
25.263286640460137
2.053086683008587
1.2525132596638286
2.049055294601203
1.7994924701488344
1.4013506200635675
1.751803030662927
2.337532563295099
3.2509603278012946
2.095503110467689
1.1682506152501446
1.5249989906651535
43.52248334698379
1.15922589588763
0.9243276503530069
8.51446577259776
44.15221104212105
2.2934307022951543
2.2453583057781543
5.614168102154508
2.317147769173971
28.27286546677351
1.2436034278550778
0.637514706955244
59.934741005301476
1.0171981675166535
1.688871788996039
1.7212073660448368
1.5194258131741663
0.7567439290028233
4.6864906707487535
2.073729743819058
32.98656042665243
22.196472469375294
6.744380198128056
4.095613485130343
4.448875421567664
23.36492895334959
3.0759083520097192
6.029632657948241
4.195445378276418
41.23600238468498
0.5742348452763508
38.874430580064654
0.7450612981028826
2.744084651942103
5.04429442853143
1.4942155101307435
3.8249068751829327
0.42383281395552785
5.683735811711813
4.960646848317992
1.0392844751163466
0.835407848783916
3.106802471166702
0.680129897930783
78.58198887109756
1.0061186459461169
0.3031877009227628
0.8023838582515737
4.442653062797035
2.1899844568142726
2.7466188124271866
0.30400524098865844
6.27033961012603
2.14564210781316
0.4641967776418596
1.4840321504752865
1.353348302984159
0.28835370247543324
1.2964989344854985
2.668200995039115
1.809175851940381
2.4750444290789346
0.4310808208956587
1.7712462936760858
47.315882335882634
1.4105258594370298
4.705777770781424
1.2348905732105777
1.0621170436788816
4.128757797057915
23.40655205854273
4.306617096433911
0.9632915883053101
11.097190322354436
0.7676839259877397
2.011121405016411
9.228724126354791
1.317082761815982
0.43612981233559367
1.4886745061684223
97.87812972068787
1.0858460666713654
72.39247053861618
1.1685911553286132
0.651829915686335
2.8027833089245178
4.158123948553111
96.02837546728551
0.8116677028873482
3.379915168403386
5.887105087167583
1.9801965631304483
2.8763412836797215
9.088688356103376
2.133465647367302
13.25933389356942
2.1834319534482347
21.707313984632492
21.96856475295499
6.1718593266559765
1.833634615461051
1.514834249034834
3.0920761567831505
0.5212040383835301
1.9558344462797095
28.50693693011999
3.6238801891740877
1.3729637856486079
7.209427755944489
0.19916079042332058
0.8158902899812119
0.24812839827791322
0.8521664567228981
2.2513927059098933
0.7850646767790295
2.6807642230705824
0.5072712079166877
0.41837715027543254
2.471759874606505
14.329548002919182
0.4881779702669746
41.10177491605282
4.624007695641922
2.3677600438240916
1.2428973154617324
2.567072434350848
1.0800266184578504
0.4066105683164096
2.829729627304914
2.459386188071221
1.9450160422929912
2.487711351364851
0.5683838048494181
7.996667443629121
1.0800266184578504
1.562856329823262
7.764960429398343
33.9332805480808
1.237726312781433
13.498046052296559
22.23217803798616
0.5807974350442464
2.959759685740437
0.3434663184078772
0.36066883760292967
17.291823210194707
1.1347010758081524
2.6548910452620476
1.7491994301035447
66.48445877432823
148.5364019870758
0.6507568271745185
2.1424927480800307
2.1153757951396983
3.2076290968798276
3.22161261284009
1.9279536729918618
2.0910080356679828
1.3441794727184515
1.0800266184578504
2.0545023175509414
2.07762047489814
2.7756077704689233
0.3726256125708005
1.5460335823486275
1.6692381878947344
1.1716382642798635
1.8983564343918715
25.592805861262605
1.3411620023102842
2.29561781144821
0.7338498680784369
5.157026282374318
3.1306608202376083
0.371533791651359
0.9127809321698805
0.8556778934944305
1.5460335823486275
1.9952580148637935
0.8615077566810214
2.625294507067565
0.4562155664259535
0.9205594746672432
1.3510180435496295
0.9850465983795402
1.218849010966096
2.2831745725125074
3.2009788724324153
1.4735106029329472
1.9106014907520148
1.1478176626778804
3.9575011262783164
4.253629596356404
61.00592167582363
0.41398323551152316
0.5367722857359922
6.025349350704346
7.171704452775884
1.158011805651313
0.5248347604126593
2.6110146042083215
0.4913005715733334
1.222272395084019
0.8421072961609752
0.5735971249805516
16.406330380559666
59.74492331780493
2.0930768271873603
1.120247728551476
0.4720517793588215
1.5361223247018643
1.6320584674550673
5.837014336735592
21.00787547719665
11.528664356097579
6.103155215794686
9.982824766426347
10.83720043321955
28.152066312730312
14.489811290142825
37.39737842977047
43.087262170389295
6.4499674657763535
35.02333012409508
39.300969917327166
18.796890784986317
28.59989308938384
9.890739924449008
14.528849904425442
10.196370877638401
7.382832979521481
28.14020247478038
6.84142020391937
49.12248895689845
4.577009941634969
5.3217139682674315
28.98890151362866
4.71304481572588
7.030321642581839
3.754354744676675
7.824164905629004
61.28966066241264
42.45052183419466
6.985218878471642
13.065138162462972
8.754975929972716
18.669620901462622
4.670355150861724
72.64686273038387
7.907387987565016
17.8402381145861
22.935947921592742
9.778691734129097
5.362608092254959
8.1749883825687
10.514815993210505
9.481991352411569
15.394506621174514
12.671156899654306
5.435507819012855
8.67315198580036
5.58699782093754
53.472544806078076
20.550969699397683
7.594786993020989
33.80425799638033
19.51231764575641
7.040440852782922
38.26786230504513
25.92100596241653
12.07431298296433
4.711385151973445
16.207396037876606
6.110277914200651
11.869664206169546
7.649714552762816
25.700985498726368
5.802747332640138
70.92392072081566
20.430180201525218
6.673046432733827
43.495496958494186
9.27210578857921
10.332489455773612
13.595911828801036
4.724395001336234
7.994600795558654
13.171464491868392
16.766870611347258
23.466713852249086
44.16677380912006
24.665239360183477
8.362563746180967
21.993382249842398
7.559125816947926
13.89189576683566
8.092119980599819
7.837125009362353
10.909424535828293
35.16556208580732
7.114674933589413
20.564609309309162
16.824175162182655
15.763296909164637
19.510200696415268
9.970818281173706
11.60437117278343
10.516395038925111
19.72135430853814
17.405163942370564
15.907112582586706
4.467298995956526
5.4395859869837295
99.36618548631668
13.617134170373902
28.592293030116707
8.05918901305995
8.08893820119556
9.520674096420407
3.788019638916012
37.78384705539793
4.921724811159947
3.054686886104264
49.349997740238905
12.212393325811718
7.263030315836659
9.85374184785178
9.85374184785178
4.627361598133575
10.057472977321595
14.111625531455502
69.77948701381683
4.321961746565648
2.88586735188926
22.733981146942824
5.7400852274440695
34.23516985401511
9.249762447943795
4.914637080481043
9.888333940845769
10.341655652533518
10.548861507733818
5.2280570678194636
15.408568697981536
49.85245902836323
5.624279097850376
58.32785941660404
3.4366410500679194
11.803296194877476
8.047352034533105
6.787009846564615
5.198863823381544
22.604053625953384
5.882469100848539
13.818101534619927
7.855209095170721
37.28937292844057
4.957722243246167
7.42644782680145
34.48931725695729
18.14769400190562
5.248674191087048
5.554717532322684
8.357254441594705
13.873230088502169
4.649050777135926
12.68216350057628
3.9889077876869123
28.486100167036057
20.696288484497927
38.89103237912059
11.446246187901124
4.870608890105359
87.21055674552917
11.58262544660829
0.24940931338642258
2.655824137822492
1.9021421617362648
0.010786120096440754
0.3994780747743789
3.397745017136913
0.7679447318955681
0.33177602622527047
0.5988503459748244
0.14512176758080386
0.1452608231178374
3.864689828857081
0.010702430196374735
0.01703046376076145
0.12539141201523307
0.11113511332291637
0.2156913480800995
0.07047244740510905
0.5904075827274937
2.9089550621138187
0.1584039633635257
0.1257616053746915
0.10936440113380286
3.5736436223378405
0.19538517895580299
2.121142217365559
0.04338976305587039
2.9848836575401947
0.1823149444107912
0.13084403212474172
6.62580620823428
2.6086580004775897
0.3321246063438821
0.5377487380465027
0.22997917524855893
3.33441352378577
0.1002143491359675
0.3320820030376126
0.8067374877340399
0.22394869669619766
0.0572893767464393
4.038229150697589
0.08165103491649006
0.5205954038028722
0.20233890943018196
0.0661719039686659
1.364299354434479
0.8557334083064916
0.5893010223226156
1.5506729058542987
0.07683084172219878
0.028564638294483302
2.5169067197857657
0.5462485093485157
0.557676023339809
0.18640588416360515
0.3288494522621477
0.02936564996684865
1.698559126839882
0.21569835255832004
0.04478721043085443
2.0938697892343043
0.46156978131239157
2.6278649931773543
0.5237903610395733
0.06269959419080351
0.9137217656279972
0.8644923814158574
1.3829782539796724
1.6153911535566294
4.711804139427841
16.69013188779354
0.788796206050506
1.2104804356022214
3.3222738901968114
1.694726254339912
1.6145057334506419
8.985837321262807
1.3039784846569091
1.4125410142678447
1.0081853572874024
0.7648227720108025
10.158056260668673
0.8674194159266335
0.8838155676610313
23.38341596722603
1.151978720423358
1.6599960770836333
1.1237695598915707
1.7951519758948962
1.7170340834436502
2.9321803534039645
6.090305802266812
1.6561596673855092
1.6400361600663018
1.0919028960879587
1.1594246864426623
2.288891379641427
1.065928779406022
0.6310120724863282
6.895558729476761
0.9794697160095893
0.674530052136106
21.31507812801283
2.9492812067946943
1.9333507300862038
0.9260848624217033
1.0145901777591462
0.9008716382588773
1.1689702716781767
1.9360551406771265
1.5269200717484637
0.6071883350423377
0.6748926043677557
5.752746206941083
2.4341736367932754
4.762243987061083
1.7222043781366665
2.5443929702887544
0.9438877325917474
48.15850533545017
1.5095468960189464
5.014760735735763
2.688462511614489
1.6182742617129406
1.8703857949440135
0.7476624989249103
0.9590777437952056
1.2101185377662205
1.4702896258879719
2.617795075828326
6.778447941644117
1.184753535636787
16.32020204886794
0.9544709645967941
1.6267254574522667
2.0058566762327246
0.8366090141673794
9.214520035777241
80.04517513513565
1.038065684017056
2.4311809865466785
0.8318218163606161
0.9293002212114061
4.0891262872028165
0.8354225219570708
1.3187950848423498
1.7516448476195592
1.7216997007926693
8.001662804279476
1.0919028960879587
5.661828144919127
3.675893068483674
0.8343460049098894
0.9952756584639246
1.0456601187952401
8.681206239387393
2.460125180632531
0.7326852945925566
7.7932911943644285
14.192545885453
1.1961994739667716
0.7839377150086193
3.7206837932317285
7.830954038538039
3.6332323431852274
2.1118781551735992
86.1145042181015
32.075433721765876
0.987367139017806
1.5188226338923414
2.5226243695688026
12.482618147158064
4.982339101625257
14.305918146797922
5.77200626351987
4.369942625387921
30.021144880680367
6.5668249581358396
7.899828955756675
23.51533373259008
6.976063728670852
6.338194028561702
5.042515268782154
5.86407200206304
5.23802421947039
2.2397446233808296
6.6890526119750575
3.832588934618798
9.758673264062963
4.3362164908176055
12.533135563962787
6.898406128049828
6.851108094735537
3.492797379676176
4.6672486658094385
3.846931727894116
2.3035040818981543
4.009776714796317
5.09401147486642
12.910093159414828
32.11017710494343
6.85693328720663
4.747564306617278
5.0359348191923345
38.44728914974257
1.5197329501133936
8.826796778477728
17.064542615844402
28.649258294375613
11.717263945552986
2.2699986572697526
9.623948220163584
8.814587165354169
10.656475358264288
10.516587131191045
12.678398705087602
20.261595494146604
14.187774723395705
25.996872078627348
2.2608823352370564
3.4816570372786373
7.402725806925446
26.783814347581938
2.148275258310605
25.964743382763118
2.9912423800942634
6.164613001688849
39.320895872078836
3.23465993499849
6.817100412794389
8.67712367954664
35.36025760695338
14.594647223129869
4.1440089382231236
13.687348283827305
3.8857298376751714
10.352748649056593
18.23149397270754
20.808082317002118
16.05105929724232
7.583885070984252
12.288937208242714
6.264853027343634
13.031361902365461
2.6789788510577637
6.438872760976665
5.232418977451744
19.069257049937733
30.851266672834754
43.60338388476521
12.869820259322296
11.104159136435555
1.6453806305050875
8.204628719060565
3.2888913057040554
16.979131223401055
4.355632531980518
16.006567351752892
5.700668324441722
5.270001086144475
10.625492897786899
6.793898673065996
3.7617013499038876
13.332768170977943
2.0930000638077217
14.47117276955396
3.6263526072507375
2.8870840408926597
0.5633984561391117
4.515174616011791
0.3279275712227445
0.5073180261688321
0.6349654627229029
5.396198330854531
3.235645237396966
4.437801112173474
0.9960860872843114
0.7203921347718278
0.7431989761025761
2.4520492251613177
0.679358236349799
1.8194184195017442
4.749704515910707
1.6160970038909
0.3605491017897293
1.7299530955933733
1.8176935973315267
6.79257017315831
0.5303439208537384
85.39821496605873
0.3605491017897293
0.309003517084534
15.774268421344459
20.10895010828972
0.5281681096166722
3.73994302956271
0.7678057678594996
1.1148196599824587
0.8699873243731417
1.7185083763324656
0.5370208523636393
0.6524715479099541
0.7892148628161522
0.3619392268547017
0.659497628792451
1.4475865196000086
1.2118399570317706
0.7479897886823892
0.13044338386350773
1.2555161772615975
0.3621121815103834
1.003778481684094
8.351745451742318
0.32683205145303873
0.4886699549952027
1.8517271036616876
1.5011170640354976
5.332899627479492
0.44042531207742286
5.8799651533481665
0.9979733161053446
8.00116210541455
2.7207218849798664
0.6049416199271036
7.916243276325986
112.427669480443
0.8569207720101986
0.8182020182430279
0.5732729399624077
0.3622222472604335
1.4233806724205351
0.891656296524161
0.31352243010542225
0.8877778394635243
0.8783818343254097
0.38867957338607084
79.31998141109943
3.062480196051183
2.735102922131773
0.670775238868373
0.8855624515990712
0.4152334898653862
1.0181789033213136
3.090448250528425
0.9615818985566875
38.77565956115723
0.46359331587927954
2.461977817583829
2.313313089427538
1.2695168304780964
1.8049468121898826
0.29498555012469296
0.40299620195673924
1.6926778949855361
0.5263623012722292
1.34016276260445
3.0096156064537354
0.6898868471034802
37.10441915690899
44.85226605273783
19.403099591843784
21.143444528337568
27.77551875449717
30.468260015826672
17.696713334706146
22.75684504682431
18.097106147906743
48.31750579364598
23.684465784579515
45.234042601659894
11.820574692610535
45.8946567773819
18.622390975884628
18.496228394214995
12.680998907540925
14.686199112795293
19.526101612485945
36.18330477550626
59.82427817583084
23.176160596311092
46.59951901063323
16.904463492683135
49.55919402837753
17.23789383750409
12.79875767393969
12.319068373879418
13.65065814377158
15.938106445013545
14.255134417035151
37.46234565973282
23.942690841766307
13.88924285408575
15.328514762222767
14.41676327746245
