81.22412383556366
1.714566467446275
1.2050145627581514
4.4482786655426025
3.8352798057021573
1.2726303817034932
1.3573953312588856
45.97034575231373
127.63659131526947
65.3254057293525
1.9945268145529553
87.09985126554966
1.5123355385730974
84.40545219182968
100.56291412049904
3.213595141656697
1.7590055919717997
0.7576708252672688
76.9533962153364
89.95740898419172
65.10933296196163
90.7810097783804
63.73884346336126
0.7597991949151037
0.3578187033017457
0.9022268396365689
2.979575674980879
103.69684816896915
1.3513632784306537
80.93994587659836
1.5649865081359167
2.2247761790349614
65.10962312668562
2.4390492058591917
0.6884571385708114
7.189639942720532
2.129378604935482
10.312956172972918
0.9990783604807802
1.0048998940037563
1.966551517834887
3.5806560663040727
1.282967989172903
49.331844260916114
1.2377793857303914
88.75811511278152
1.460521980887279
112.79775685071945
56.311586724594235
2.244554226868786
3.691603320185095
158.77122273296118
67.91503705084324
1.0897133676189696
1.9458436827990226
121.35841977596283
2.0114655423676595
70.61815664172173
1.4553377280244604
66.37034823000431
3.1737506490026135
13.692756006494164
0.8700629426348314
55.35697439312935
63.560695776715875
2.4402966427151114
18.74414037168026
1.0392028442583978
78.53623072989285
51.71650638990104
98.06548574380577
6.822951760143042
63.28270244598389
174.67862820625305
2.7531399372091983
79.84719203412533
1.5710962233133614
127.50146491022315
55.485486943274736
3.0049192361766472
3.3547491361387074
1.112501663963485
0.5292634720135538
1.2462923577913898
3.38950177305378
0.998567107024428
1.4433244694228051
140.3126328587532
4.605727408081293
1.4523522037197836
84.17467358708382
1.426851931901183
1.4122024154785322
2.0797659318777733
63.23525841161609
166.50730419158936
115.96245992183685
33.23389953374863
7.651883265003562
60.08926275372505
98.27470409870148
81.15203642845154
5.5114720548081095
133.84229158610106
223.9445916414261
96.90740698575974
16.351042214781046
16.373837979510427
18.707329430617392
24.08142888918519
16.436267837882042
64.63437789678574
11.59021982428385
130.25662446022034
71.66637425124645
82.23628255724907
269.08762311935425
42.928423542529345
11.172715071588755
167.3773741722107
8.580697590950876
7.221056401845999
60.592222318053246
36.24322383105755
11.444608274381608
9.327499325096142
11.762464321989683
117.60894387960434
10.342923745512962
95.14281594753265
11.129574584076181
8.962093465321232
8.67820289451629
21.98992599081248
146.2020822763443
13.925636910833418
5.523625721805729
20.51404393836856
134.14079773426056
29.692606821656227
54.65378573536873
9.866928159957752
75.67901483178139
6.843870960467939
12.730766121065244
12.183168483199552
109.05370461940765
30.51861634850502
168.59205159544945
107.68462815880775
118.13688325881958
145.43435215950012
15.452476307749748
195.68464756011963
8.575416031962959
109.30475287139416
27.692920118570328
8.232905705837766
80.30320389568806
146.72043526172638
10.252786771859974
15.719713006168604
98.38792189955711
56.79477471113205
131.2680994272232
40.311158537864685
8.790697603690205
8.059081462284666
130.4672275185585
9.799918994074687
107.65064516663551
6.355074924809742
10.857719425112009
170.50380438566208
65.8997155725956
11.070093237329274
177.11898492276669
117.01257662475109
54.44484466314316
123.20273852348328
75.82508561015129
28.434185922145844
8.710523447516607
116.28763341903687
0.8138910707793912
0.9940618787959465
75.04391506686807
2.660470122587867
93.95420898497105
53.58963324688375
47.00707001960836
50.46238086745143
2.4669524974715387
1.522456478123786
2.3092159283060028
109.83954653143883
1.2429528908106704
119.49075856804848
34.924428038299084
1.8301875095494324
1.435873782465933
46.089769354090095
5.663798219989985
2.348326895866194
1.4458251044103463
50.45285473391414
3.592421316410764
82.63294623792171
68.48076405003667
1.2222381794808825
1.6648790352228389
2.371209601595183
44.76719033718109
3.5649507322523277
7.484730992116965
6.634028037311509
2.8444945276205544
59.56641039252281
3.72179888352548
87.57279512286186
2.257461623114068
4.839556874707341
128.85872887074947
42.488401075592265
8.68639952596277
4.265149262500927
1.2203494215009414
1.334578670510382
2.2221305335042416
2.7627984836180985
0.8844066841629683
1.4990776359327356
1.4834682594447486
2.5900156186507957
146.84178388118744
46.67019786685705
109.52108569443226
64.1842414662242
113.56139039993286
1.522166506995518
152.58455896377563
48.21832011081278
1.437895737092731
55.59021455608308
1.9279355487087741
71.7546079615131
1.098398180999311
3.728416331272456
2.524545440071506
1.312756339572843
2.995882890187204
55.32030162215233
47.84970058547333
70.85141460597515
1.8336867779084969
2.1631949866941795
2.5567520498589147
49.23816844820976
1.7813776771799894
3.1539152675832156
0.9241589384744202
1.3706024791681557
53.24844644172117
165.2884328365326
0.8598259873351708
1.5533850602078019
102.53129142522812
1.0510177225664847
6.9482800482655875
87.06193660199642
4.187042732490227
118.31951296329498
117.21142460405827
2.133648517923575
62.317403592169285
79.8750845938921
56.74976084381342
51.092671274673194
46.87973132834304
75.12260608375072
67.13822549208999
34.56510138651356
1.595534320891602
1.9632391321729301
60.11645267158747
0.2719526854925789
0.45190618457854725
86.59809859097004
0.23579720037741936
1.1049984357086942
150.42305916547775
91.45680653862655
96.10785138607025
92.40787402540445
100.61141940951347
0.8284409528423566
71.585189640522
24.255491375923157
111.60722506046295
0.21883742872705625
94.73458269238472
0.14744974939821986
95.10275280475616
0.7525634862249717
114.55908411741257
0.2961398181068944
1.8107473995769396
0.37100472680685925
0.7388810213451507
0.18027096963487566
138.95773231983185
0.9473404173186282
1.3884934039087966
92.4015466272831
14.275732467882335
0.1803540231576335
108.77307868003845
1.304081870126538
78.34876368194818
100.54964780807495
1.043942792515736
109.89438158273697
131.02085638046265
0.7984507259825477
91.88163244724274
0.7023762492608512
0.7872119325620588
0.2393328970283619
136.82609474658966
145.20913463830948
0.24430726976970618
1.1665487676218618
7.271754330024123
0.5947697716183029
111.00756990909576
1.390868245944148
87.77534985542297
0.18603331759368302
1.6071854246547446
235.62386274337769
1.1665487676218618
12.58144213911146
223.74382972717285
1.396237348439172
180.56565642356873
1.7246408070495818
102.74705398082733
200.66606378555298
5.657973306253552
4.928349438821897
1.9241350245429203
113.16341856122017
11.08193168323487
0.6024077925249003
0.6122149732109392
86.02646541595459
5.622859748720657
0.404870480462705
0.2767722969656461
231.2350368499756
0.38794507498823805
2.056757773505524
4.88850186439231
138.40713772177696
1.4541390444501303
4.921150173991919
0.5469245977001265
145.66238456964493
1.1665487676218618
0.21581039076045272
79.89985719323158
72.47546710073948
0.27248092985973926
70.37127924803644
137.00691175460815
1.7037995984428562
1.2770851314999163
1.2731462800875306
89.40823891758919
2.086928819771856
93.69328331947327
1.3732170991133898
0.5419999861478573
2.529942821478471
11.488340677460656
13.829564818646759
87.44222731143236
52.036154583096504
6.066719320369884
9.930215606465936
7.833525253459811
6.078529515769333
106.49717688560486
10.251801903359592
33.81822647154331
28.366549169644713
91.50624805688858
109.4792777299881
6.197472779080272
246.3617959022522
43.49371512979269
17.29652363061905
12.639244098216295
9.273863932699896
11.903618642129004
9.242493904661387
23.17841474711895
15.708237552084029
23.550604672171175
143.86743307113647
133.39840412139893
8.397922127041966
9.346032870002091
82.79153788089752
37.576615137048066
109.83502560853958
94.51096844673157
100.63862490653992
43.04390033707023
13.320414788788185
21.884407058358192
64.65606646984816
231.5932536125183
121.03238463401794
95.29024261236191
36.742678701877594
6.732960667985026
7.639379060245119
15.502715109847486
73.66514754295349
17.142583107575774
47.28632244467735
126.2246985733509
24.159155767410994
8.264616924221627
8.134953364729881
9.942693928154767
149.9568886756897
27.526625767350197
3.6265133907145355
22.091823084279895
91.10152888298035
17.758612640202045
92.31646257638931
103.75690972805023
106.14918023347855
138.04553246498108
11.175119050778449
30.77999633550644
3.497960635140771
17.89057207852602
77.06579923629761
86.27789035439491
12.251463811844587
8.560880640055984
103.85570049285889
187.3767340183258
80.24321502447128
41.4917561262846
8.99641863189754
29.79167951643467
10.521106615662575
17.925520984455943
60.23791701346636
50.23188420385122
176.1167448759079
48.30688500404358
56.31271357834339
11.336107078474015
69.1103444993496
88.7420362830162
24.61804323690012
87.7300654053688
89.85949623584747
95.10513806343079
26.54034999758005
69.67224186658859
102.87950897216797
80.06262338161469
115.2925455570221
13.480025872588158
126.42460668087006
75.51969800889492
10.375759490270866
85.19113111495972
43.63256831036415
55.67851781193167
28.063927922397852
102.11033464968204
60.68490624357946
2.3622305968310684
6.010118218138814
1.6278802869783249
2.2274225765286246
4.2776225889101624
1.2543714820130845
1.5284577800193802
5.727973441593349
3.0631012357771397
3.8852563521359116
103.89763159304857
2.618465432431549
9.505766212940216
1.117906739556929
1.2543714820130845
157.6228313446045
1.4405776272469666
1.0338400394684868
79.83941554650664
72.46756529808044
0.8660088680881017
1.0969216187222628
1.4366244096163427
92.60711452364922
2.2585338723729365
35.587812937796116
1.2543714820130845
4.682911111740395
24.025905698537827
1.2543714820130845
0.8377244560106192
43.02086825668812
11.227174509316683
10.194378402084112
1.0900036541279405
34.65234267897904
2.0290675255237147
70.89275348186493
1.4459827445680276
1.2628474581288174
14.895204240921885
3.7553860880434513
2.2274225765286246
2.8411793677369133
77.57443264126778
1.4940102671389468
5.8173123865853995
2.1071479209931567
2.2274225765286246
11.861833648756146
122.39518204331398
1.2725703688920476
1.9714638058794662
103.28182744979858
37.92320980783552
1.5702458049054258
1.1269261868292233
28.989305113442242
0.9373752013707417
1.3734110253863037
69.77463021874428
91.93762709200382
46.889862447977066
0.7713819345080992
44.55080787464976
0.8641037441120716
1.4405776272469666
2.041179862804711
1.4065299468347803
2.056141681969166
90.17495173215866
55.88816675543785
0.9130149717093445
1.3054727016715333
275.949503660202
1.230053760460578
185.23153924942017
1.2951131203444675
87.7460897192359
1.9734019107418135
1.230053760460578
1.4246393027715385
1.5380489840754308
2.8357478858088143
63.23282985307742
6.106953909620643
5.3747074250131845
160.1542501449585
1.1269261868292233
5.052639061585069
1.274952844134532
0.9031768070817634
1.3694444131106138
197.11123019456863
48.62845779955387
48.68659519776702
2.1907690272200853
52.49380047619343
0.7906517665542196
1.559073764627101
1.6302761303813895
4.301962581637781
240.97347551584244
0.6234959928749504
0.9032523130572372
1.630394574967795
82.8684250600636
1.0002427485596854
1.281666146365751
1.3485031539239571
141.42873418331146
0.4707297427521553
70.66158781945705
50.8814450588543
1.6503302477358375
0.3268519991233916
1.0737630884395912
40.17932341992855
65.14180649071932
7.844503283267841
0.9032523130572372
0.862054885015823
1.6251678202897892
49.8760107755661
0.5642065437505153
2.680717967741657
1.6628862374491291
1.3628008809682797
1.4355962573872603
15.70094848331064
0.5062895668306737
47.786478858441114
52.599050116725266
55.4645440899767
0.9761838558479212
33.23955561220646
2.246131469379179
22.09377133473754
3.677623365074396
192.03579378128052
2.056153910845751
0.860872807494161
35.4495497251628
0.5156371803423099
64.5453702583909
83.8881162405014
0.48965465571018285
1.2067499687182135
40.128226143773645
16.11600773280952
1.2155363126948941
0.6077290304747294
197.57145357131958
0.5392471748727985
148.45324681699276
3.7878460012725554
0.623397435156221
0.49242322818463435
28.635294072329998
49.91980354487896
71.48160736262798
24.331679759547114
0.5202478854407673
6.015544791240245
52.044881174806505
56.479381032288074
6.0173240271396935
43.11202215962112
94.05722610652447
1.6564766118799525
0.860872807494161
0.7635084980393003
84.8346395790577
11.981899136211723
31.52958676428534
0.8341948473371303
2.6913323040644173
40.34933086531237
0.9751895449007861
0.9927838952571619
236.909898519516
37.64589838770917
19.727703485114034
0.9113260153280862
1.5973760372726247
31.25972435902804
3.700985949821188
43.98546948330477
59.481537660583854
69.41439588367939
25.535161826293916
210.78805685043335
199.55464112758636
2.3486579922027886
2.4402224253863096
0.7654674118384719
36.80542528186925
0.636357706214767
3.8179561344732065
46.5232243090868
125.20006394386292
2.1755992295220494
1.8499187108245678
29.99416257813573
17.943646025669295
2.054828189080581
1.4218573431135155
3.3597755257505924
32.519137115217745
1.6452592307468876
21.45339777925983
51.06065794918686
3.1457121872808784
0.9509667956467638
5.477850199633394
17.555273249803577
10.453553663566709
0.7073102250797092
3.3097430276684463
36.39198623178527
56.2157414406538
32.5579199641943
61.81825538724661
3.143919513793662
56.140622248873115
35.75735915605401
1.7316355402072077
41.34530692407861
19.504454434172658
5.494606432883302
18.316861397201137
1.165685551615752
0.6369460093737871
47.11712695611641
28.687702007591724
23.174854164361022
2.0279919982422143
0.9956313481670804
40.827677671797574
60.44491055631079
3.310140418310766
32.85541955544613
6.48795331409201
1.9657649454602506
23.22212210483849
0.47076865695817105
4.456132746767253
52.296120405197144
2.8778070071712136
2.157194987637922
12.192085405811667
2.043649358674884
72.30766010284424
6.278898815624416
2.451670346548781
54.03382983338088
4.0950129118864425
9.793463286478072
32.4240883924067
117.66776025295258
2.1294170231558383
4.657017918303609
1.1595126747561153
1.021770490333438
50.857285007834435
70.67645771242678
2.925287641584873
87.87251456081867
1.7613325587008148
0.6142428880484658
18.880188021808863
133.79394936561584
54.47509544342756
0.9877135006245226
49.76356527209282
0.9255853012437001
154.45654901862144
51.61273639462888
61.74726300500333
1.4218573431135155
95.95992643386126
59.418675132095814
2.5827341256663203
1.7657800022279844
55.20038418285549
57.82709111273289
1.0109088194603828
1.5602649145876057
1.3463813581620343
1.8106379753517103
5.619253700599074
50.03476847941056
1.353580287526711
0.9643879041541368
21.436579018831253
55.196201771497726
0.45464171013099985
121.76910930871964
143.6568797826767
115.9934074729681
99.07157677412033
0.44291813203562924
0.4325446607399499
77.9249852783978
0.2779891606938918
0.8376721126114717
0.13992039240292797
0.07466147242348598
91.72919842600822
14.031674668192863
0.46181025450459856
0.8331938165356405
93.104033049196
44.4540752209723
0.39949126110320776
0.6078332350698474
30.456680083967512
40.61090008233441
0.27928782954586495
38.947738930583
0.2797308802801126
7.454048371699173
0.18111803661292925
0.8838760406360961
0.6165141354285879
0.3706216007703915
2.6550660002976656
12.214343895670027
0.22344682643301894
0.17631665479348158
75.8505209935829
109.07182723283768
5.953671265393496
40.10473934584297
0.38069947790881997
32.98643356375396
0.5902647141874695
1.8866482687881216
98.46302470751107
62.600404903292656
35.079846632666886
0.5445210284269706
159.80156028270721
0.4998824638023507
0.2431434340433043
0.5706261730229016
1.249587925922242
0.3914906939899083
0.21958788382789862
0.6987557263346389
40.87807174026966
0.6262525168131106
0.12900571956708973
42.18824689963367
0.8869575727112533
45.4099211411085
70.88313655741513
0.04736046268828886
0.724620915718333
2.5799047311302274
0.12865654410268235
52.205519491806626
0.8506510070801596
116.47057318873703
55.87855180352926
0.7301992841094034
73.9662412290927
109.86328682303429
0.20212681963312207
60.20723310112953
2.6722919666208327
0.4011253459331101
202.2386417388916
0.28994413688997156
121.00339561700821
2.6770414152997546
0.12462872794549185
0.7630129772005603
1.5949903707951307
0.4515908563630546
0.3073038367801928
88.64607567712665
1.2357782382750884
112.56388181447983
0.2946531702834818
98.34593889117241
0.3355844141860871
12.719988863100298
95.31173473596573
8.702166649978608
9.621616581454873
19.950960237532854
12.125312405172735
11.382938020396978
15.119601090438664
8.119264385662973
195.74222218990326
5.196234424831346
7.887842094525695
18.714004453271627
85.94313184823841
88.88152165710926
3.3569375972896296
8.729643064943048
3.8368885722011328
9.746974522888195
86.45749971270561
86.6434135735035
16.078555131331086
55.57425069436431
14.803705410740804
11.1499312678352
18.500492423772812
7.361211597919464
103.73068701010197
49.23043030872941
6.315558551203139
125.39466732740402
80.32466758415103
60.63321241736412
67.82407414913177
18.497207067906857
5.273242619703524
8.546649659518152
24.79554894939065
150.04646229743958
60.77378982305527
5.665019014890277
18.05952304508537
47.591469028033316
11.945642406353727
49.43470620363951
7.270160437561572
13.28592277073767
21.396389301866293
22.224133633077145
23.38664080016315
7.221567398286425
68.11659727245569
18.07912391098216
89.01847549341619
53.18391653895378
136.32503378391266
30.049830727279186
10.711304085911252
92.50185234844685
10.619302984210663
24.95862142369151
4.999014854198322
10.317807630170137
59.85912162065506
43.165983855724335
113.5689689218998
8.961456303484738
7.0136988923477475
11.152455816976726
3.5619518329149287
4.822111949441023
15.126960329985195
9.845244131051004
57.6834446513094
9.142941446101759
9.583287790417671
51.51570802927017
46.70084461569786
67.06544146314263
66.02473002672195
9.583287790417671
18.602082774974406
18.92925415188074
71.42313088104129
22.057232750579715
49.90427362918854
52.021528631448746
116.24775487184525
23.0334210395813
83.4069818854332
13.81478976085782
75.33386102318764
12.494019083678722
97.65585970878601
17.349397230893373
91.52631344273686
14.901512538082898
31.937048236373812
5.900278499815613
4.099835999193601
3.5115567349348566
7.751986690796912
130.44420719146729
1.7060488460613215
5.26570658152923
11.126071017119102
5.3806708209449425
6.6871230387478136
104.03498858213425
3.8768609993858263
122.42227709293365
185.7571578025818
1.7623874216026252
4.652856825581694
40.488203881308436
6.7114134751973324
2.2723609602689976
59.47871874272823
6.484911149927939
2.34158444953664
41.73234699270688
2.481147804743159
22.780215546488762
7.753454509045696
1.7470381631574128
120.58092641830444
20.973740121349692
11.804668052121997
3.990691998973489
3.6239487776183523
112.88886350393295
178.71347212791443
75.72908467054367
50.35870260139927
90.1700873374939
6.534384158439934
4.002481595030986
95.48138403892517
44.28063864260912
5.119408357772045
38.277830477803946
69.33492477238178
50.24877737974748
6.97726911236532
3.2673986131849233
5.855065726143948
53.82656138110906
59.09761495143175
5.0611377389286645
3.8773065905552357
62.82351607084274
30.049912153277546
48.68151732394472
15.025032185018063
5.735793024148734
4.478845758058014
36.031721603125334
48.852375162314274
16.718791818246245
44.81601497530937
5.758335095830262
59.89881055243313
46.89781233668327
24.86940043627328
89.77155359089375
192.9885220527649
30.782015007105656
47.74126783013344
4.04554012150038
11.300508242100477
2.160764767875662
2.5591723134275526
3.2824333494791063
3.320528547745198
3.734570473257918
61.013892215676606
157.19768643379211
5.580813324748306
159.97544312477112
10.940288845449686
3.1250087528460426
2.780775199224081
107.60879677534103
44.53867672197521
2.1994327116117347
79.88567054271698
3.6589441713658744
67.96816346794367
5.8250049695489
35.01662163436413
4.1724576039705426
29.98149771336466
30.312172391451895
0.18762137538578827
44.79561862163246
0.06425513852991571
0.09538665167201543
220.29290413856506
53.97584567219019
0.1659678312498727
0.18806176979705924
56.61242225766182
28.58048270083964
0.0776584762679704
0.30784650565328775
0.0835808274205192
53.7205428481102
28.672021276317537
53.76658633351326
24.76677296194248
1.0738172651617788
30.269230069592595
0.10568040572979953
25.998782482463866
0.12098936101210711
0.17439906985782727
11.162529312074184
29.449652848416008
0.06583151886843552
0.10150321961918962
0.187120845366735
0.058415780807990814
42.81350250542164
0.4405945213711675
0.0867477608644549
0.10155322650098242
31.803606547415257
0.1334906354859413
0.796568670659326
0.32335746588069014
22.41533831972629
45.311685535358265
34.78181844763458
0.07946402411471354
0.09258127663269988
34.73057037079707
43.78241388313472
44.85347533226013
38.77685838355683
22.65146777156042
39.45333603024483
25.300308638135903
0.0838374764261971
36.459541141055524
0.6915120097546605
0.1589538660409744
34.00461935834028
33.179907645564526
0.8163839950575493
24.62418110202998
0.3873749360500369
33.98303608968854
11.44158400921151
0.07662999596868758
0.08828195254318416
0.12317078534397297
25.23755901865661
26.94515390205197
0.07114659612670948
0.09173962279055559
0.11179891495703487
0.13335871101298835
0.11005892522734939
0.16350583965322585
24.70571943745017
0.1252839153385139
0.0715252563049944
0.7202938347763848
30.899968803860247
0.08865494617566583
96.97044467926025
36.381633231416345
0.1531873404092039
24.693990167230368
107.77996838092804
13.498613130679587
27.70789923518896
137.21895730495453
104.97526812553406
12.546837395697366
16.542688804329373
26.84652728959918
91.01385059952736
117.12281715869904
23.705200331285596
10.407290756556904
214.4406771659851
142.78010886907578
153.64991736412048
33.908447705209255
172.36276018619537
11.347952573632938
39.83219628036022
13.393815295101376
31.927107125520706
27.258191510103643
66.7257828116417
32.942359529435635
161.81856429576874
18.921751830726862
155.7209939956665
201.19639420509338
24.662052631378174
78.59771379828453
17.958147326484323
121.07579196989536
95.87452879175544
20.657684610923752
67.55696853622794
41.293262645602226
99.5242308229208
179.3774025440216
80.77527333796024
26.055748790502548
34.61898333951831
93.07446950674057
151.5004082918167
82.17434197664261
33.69276028685272
43.82285392284393
31.03271533548832
260.9917950630188
29.256302086636424
102.66385746002197
152.67512321472168
41.539266388863325
29.80375438928604
128.96037876605988
22.837912678718567
46.96903697401285
25.500577906146646
84.74779841303825
149.49412643909454
117.24730330705643
97.22275152802467
21.536561361746863
20.651980206370354
129.26327872276306
120.2061996459961
163.7297761440277
39.29543133825064
17.352512288838625
33.00937041640282
31.23345306981355
117.3604861497879
39.20100220758468
27.43115384876728
55.52186593413353
75.36404889822006
184.16009998321533
168.72702991962433
34.00470472872257
39.31075519323349
25.25054938159883
131.82324022054672
20.832148945424706
119.37252831459045
22.068501189351082
137.9530672430992
13.455494670663029
53.32375890016556
43.33838325738907
31.165645092725754
117.99560613930225
22.067136707017198
102.53829517960548
57.64137725532055
24.959294091910124
30.558605834841728
140.1090443134308
49.48123015463352
1.4318599597609136
1.0533708299972204
18.52813933021389
1.0699950019429707
1.2483510344909519
72.37922512553632
1.292528396777925
33.438041009008884
1.117801023749962
15.928038140700664
27.763954473368358
2.8876747286631144
1.2398676821649133
13.105578403919935
25.593087326735258
31.87132937926799
1.254478201909933
1.0978658113199344
2.441953443107195
5.8369203130714595
19.377844435279258
1.9286154246838123
32.93065859680064
3.7493297134060413
1.8064426478085807
46.89590238779783
4.498008487047628
24.709486679174006
33.842537607997656
1.064165586105446
2.280845706613036
3.5467725261987653
16.237877001520246
20.046087893890217
16.649359622300835
20.498748450074345
21.222292995080352
1.1182281630226498
2.852080914322869
17.535704121364688
32.40801848471165
48.35639902949333
4.56208551407326
2.2575393202569103
23.464260268956423
17.732267265771952
2.5392127254308434
25.78714717470575
2.7283451741603812
223.57574224472046
6.754738691903185
2.810625054360571
23.94083304819651
3.0185911236221727
1.2070720567662647
110.01285380125046
43.06313720345497
31.467817848548293
28.670252988114953
1.354598657344468
20.77182300388813
49.74834295362234
44.95594011247158
24.616511288797483
43.82545548863709
1.7866286396892974
10.120937548112124
1.7424868740472448
2.181965770505485
1.0755200593557674
2.848371198255336
27.579620715230703
3.60355057020206
31.826467653969303
40.74349503964186
92.07920917868614
1.4533535191094415
1.2409965580063727
5.184638369013555
37.21258615516126
1.1610774524997396
1.2744372808192566
76.60853461921215
15.781347514595836
15.397483475506306
26.57476545125246
4.436733104928862
2.2682809273246676
1.4112052772256902
1.5217794839700218
26.31982410000637
27.735476410016418
28.56139150261879
8.22756583429873
58.96757113933563
4.669658702609013
46.45999448001385
3.961354501720052
6.292027739342302
3.3396526751530473
110.63959383964539
7.018297248054296
96.06882095336914
86.24442185461521
3.8080765346821863
4.1885751271183835
3.8080765346821863
39.76031820545904
8.690600315108895
65.20824053883553
4.669658702609013
5.531492112408159
9.70477276481688
6.955181877594441
37.991550624370575
4.126043691430823
5.990322616416961
144.1061726808548
3.5747913611035074
51.738837799057364
3.160095812752843
3.8080765346821863
6.080909934447845
182.90825057029724
40.06105534732342
55.411376155912876
23.85633186250925
9.644175509922206
7.880936071742326
6.209602381044533
10.795740238390863
67.96962004899979
77.46387976408005
3.8080765346821863
6.370949214557186
23.741908688098192
72.56383848190308
94.52733719348907
72.8184966146946
5.640880820457824
131.21491599828005
3.8026146382762818
20.36985444277525
34.88385632634163
54.03887216001749
9.387732196133584
21.996303571853787
34.134014507057145
121.39078897237778
4.931459120940417
15.38486322388053
61.59444123506546
30.057206988334656
27.25564467906952
61.503195226192474
127.3541733622551
29.83776580542326
38.72451765835285
2.417074707147549
3.6958568652626127
35.25557492673397
58.46475742850453
12.493096798658371
43.90860283002257
97.10710579156876
4.914563602302223
61.476553440093994
76.97396785020828
6.370949214557186
64.5794539898634
12.650291677564383
8.524248326197267
3.5747913611035074
2.750808896849776
11.319899748079479
8.810338776558638
6.184530161321163
7.824165510479361
38.72451765835285
14.402785945683718
58.4645871669054
124.96577966213226
134.79043233394623
8.47230570577085
6.857457594014704
48.24041457101703
13.844616554677486
210.74819707870483
69.6953307390213
45.57431537564844
54.69306152779609
2.9603067587595433
12.63654185156338
33.243141447077505
4.862359029590152
1.4301945465176686
168.6714994609356
46.77923366613686
23.683009710162878
41.875639575882815
40.01757729332894
6.375636193435639
104.67124021053314
4.515523504349403
29.303029848262668
6.735959185491083
57.0864678369835
15.604847469367087
36.998281858628616
7.168163162190467
2.928504857365624
53.76456627296284
11.556058536283672
18.244796972721815
9.404024917632341
55.053411721251905
1.9400275821819832
1.9001930664817337
68.23085769638419
45.59668882889673
70.60270357131958
60.26319555938244
10.085659724660218
72.12366160750389
3.370755351621483
2.087481483747979
6.773941871360876
6.269282365217805
39.01013561617583
45.5591354733333
111.17684084177017
11.191661733202636
6.614215176028665
46.01939747668803
99.2329373434186
58.73847833275795
270.25157928466797
52.83447373006493
12.903124978765845
28.37214439921081
4.535159621562343
2.1389855377201457
74.46957505494356
2.5454737231709714
46.715894581750035
7.782991187181324
11.050918825902045
84.94136118143797
50.23869823664427
63.04369978234172
147.3235536813736
243.32292342185974
21.99304112792015
155.94315457344055
11.864453600719571
21.559665627777576
26.460600644350052
22.212048715446144
58.17351035028696
27.599059961736202
6.401569435955025
4.439994405955076
117.93094752728939
10.970436505973339
3.8721409658828634
6.7275231392122805
57.133963979780674
236.7630100250244
162.67386901378632
6.151716684340499
365.6205267906189
3.985327213886194
68.60570664459374
5.503325877420139
37.96392832696438
10.598513247445226
5.137324824005191
71.21835307776928
66.12220154702663
55.842681063804775
5.54684505664045
29.236826319247484
47.01386494934559
60.849987437948585
38.91579688154161
12.940649420022964
5.175580307841301
43.45929470099509
37.38087100535631
30.217438855208457
29.48894025525078
7.089431555941701
1.264654214712209
1.2857234688708559
1.1174584548625717
2.3350606745516416
1.1958783262380166
22.058860801160336
0.7861945683689555
30.84352394740563
30.8313389159739
1.2776749993208796
7.999931210651994
32.76123929023743
60.47477072477341
55.266097351908684
0.7133543566815206
1.0939790677657584
32.43582110852003
1.4534641968275537
1.1594943076270283
7.669952230527997
0.7188163972423354
0.5825974406616297
5.792497329413891
2.4413669225759804
2.533685964590404
1.4942521389803005
1.3969085510616424
24.780914049595594
66.43572546541691
0.5808520654318272
34.628835927695036
2.053961493074894
3.4759662430187745
3.8999070355203003
2.027822513366118
29.552234971895814
36.650532596046105
1.8132324058096856
55.38597643375397
1.29599254229106
3.4098502572160214
2.4499984770081937
28.423882506787777
87.69635184109211
1.642435911926441
1.907960777520202
22.399807011708617
2.5018028029298875
91.45805314183235
3.960384817328304
5.758032847195864
0.7835100406373385
0.7915686175510928
42.628529980778694
6.829377532470971
3.4742635125294328
3.5699911559931934
0.8925728243775666
1.3640305867229472
0.7503073066181969
11.273718647658825
2.2619309313304257
29.705621767789125
13.398818174377084
4.825334981316701
11.667222280986607
34.440564036369324
4.30620680435095
1.0317918195796665
3.4759662430187745
91.77331668138504
3.0513225779868662
2.2650902897585183
65.1763955205679
0.659597411779032
31.808225179091096
3.367776564322412
0.6083199449640233
33.371940890094265
31.865379881113768
3.434658453799784
8.33377519249916
55.88566678762436
3.8281855626264587
1.1903575191972777
4.121521326713264
37.3750785253942
59.90187285095453
86.25082451105118
42.758469285443425
34.20896041300148
7.064833525568247
2.101558892405592
3.053903374107904
54.189191814512014
39.767255927436054
15.698614742606878
87.84619784541428
9.567258487455547
15.301124211400747
56.97429230250418
123.23585794866085
14.066433146595955
10.206036355462857
25.220312103629112
74.55602914467454
8.315760555211455
4.360186906444142
6.946400200016797
7.038338913349435
57.36662256717682
9.582564863201696
28.572576612234116
93.81750059127808
155.1784347295761
22.41030652821064
14.708554304204881
12.73811061217566
12.423924752511084
49.89317286014557
118.6958838403225
5.526269531561411
36.91488426923752
10.002856858307496
8.253419277258217
8.924565886263736
5.988029672880657
13.461486236192286
6.25677888590144
6.581084892037325
10.009171944111586
8.895942689850926
14.014057555468753
115.48647332191467
109.1379523575306
53.96217793226242
103.97384474426508
5.526269531561411
9.943393925204873
11.768878598988522
197.08466815948486
48.425319612026215
9.359529536217451
8.041112300968962
7.967775880097179
6.781639631837606
13.610263153910637
65.13558227196336
4.232547841849737
55.51062461733818
10.276421628892422
10.535872887820005
114.96052320301533
6.57735975808464
5.797044932609424
9.129989912733436
93.8719494342804
9.7722294034902
47.81823531538248
10.271874771919101
12.247294174972922
4.116591488651466
7.549369252286851
108.35845774412155
14.439442666945979
7.464107600506395
170.94877004623413
70.83809271454811
8.51777541579213
10.247406422393396
13.793071624590084
193.4145040512085
10.646601010113955
5.026639825315215
60.692923590540886
16.94747533276677
80.72133645415306
38.689105443656445
76.59720195829868
7.881569977849722
11.384358637500554
8.165313873323612
4.5038847383257234
97.53774562478065
4.045244885608554
6.792750500608236
11.790493979118764
7.871062906458974
8.996592084877193
15.598645094782114
13.209324402734637
6.781639631837606
63.471261620521545
51.10161750018597
95.21754288673401
68.56930657848716
2.902057392813731
146.98305749893188
4.021055464501842
73.21958358585835
2.6765248836163664
1.4215894762630796
88.92354154586792
85.64678359031677
2.5721139394227066
95.08476550877094
278.6912350654602
48.395544201135635
2.675443457061192
38.84341300651431
140.85162019729614
1.7588900441478472
60.733966410160065
0.9619366022270697
2.077881471857836
79.18236419558525
56.28529480844736
6.660800488432869
0.7403407006204361
1.0967837151947606
12.72167186345905
6.588745082961395
102.44683051109314
100.4908903837204
1.7728122256376082
62.59024920500815
2.6088183326937724
4.1318753318919335
70.73577384650707
2.9895644490607083
1.5124749958777102
46.734710309654474
16.41937611065805
108.59213042259216
4.431700637331232
13.381279773195274
5.195445604098495
12.904535882174969
82.99132740497589
4.028048264164681
102.12167882919312
14.669399920850992
46.1835917760618
1.04477739752474
124.82440686225891
228.7591052055359
60.25762286782265
112.38213610649109
48.16801129281521
2.674009501999535
11.697030812734738
3.705875704297796
2.5049270074086962
1.4378054513814504
112.69153308868408
8.745889614219777
52.448118686676025
63.09801557660103
70.12059876322746
56.29399527609348
4.709783489321126
131.76483845710754
1.109828377222584
2.3689790162534337
4.709783489321126
139.5662236213684
1.109828377222584
10.583614830859005
32.20879114419222
61.00207357108593
41.389678392210044
69.60692772269249
7.368752752430737
5.507710208534263
13.173468796536326
8.173342988826334
21.975750335492194
6.375701855955413
29.622258130460978
137.24051314592361
64.22244439646602
6.209063147049164
183.6141335964203
43.64830783382058
164.87513637542725
60.1313242316246
64.24481921643019
173.7639675140381
173.8100882768631
98.57677435874939
94.6497635319829
274.9242343902588
4.594765467336401
4.058080831659026
20.307983718812466
125.20262515544891
6.458685285993852
68.67922446131706
15.56022945791483
28.963678672909737
9.346476183069171
5.041648065671325
72.67568999528885
20.107846155762672
107.98057860136032
19.042242458090186
10.827253315364942
99.30135460942984
3.6566560559076606
144.52408695220947
45.13990322127938
4.232520595396636
3.107936029366101
9.972848345525563
20.63942212611437
6.956886978121474
8.929238825599896
10.176658518146724
47.062278624624014
78.76709149032831
269.53757905960083
5.118052719859406
127.27821880578995
7.298788419204357
14.732864388963208
9.21140296664089
105.84984490275383
5.611942541960161
146.5233481824398
114.56168073415756
7.6997285295510665
4.921380459127249
7.934181944699958
18.19004979962483
4.504993311595172
33.9746976767201
132.28421306610107
5.312377009366173
128.50598427653313
5.828418252291158
79.27205207943916
110.32749086618423
7.006759040035831
4.58769132848829
158.51053845882416
38.910251658409834
59.966523706912994
4.374787396402098
135.64259085059166
28.149431124329567
21.174946755170822
14.63328143581748
5.9799437071196735
14.625285487622023
55.51443708315492
49.09031265601516
8.008397522382438
4.069253772322554
6.487305922899395
112.74280625581741
179.06036341190338
15.007962440140545
243.01517748832703
3.7748584601504263
293.35088777542114
20.779579393565655
3.2708599287186644
3.249525748472479
6.178160522773396
145.25790739059448
33.71248145401478
136.76091593503952
22.634011793881655
4.852001843508333
7.429703124333173
54.87898567318916
46.695242039859295
111.75518679618835
96.95867785811424
4.126619343587663
2.6465742388973013
11.556139826774597
5.773818397079594
99.65484112501144
123.25835728645325
208.16131818294525
97.06001836061478
12.452145410701632
18.343048810958862
133.83545887470245
8.792695173993707
2.6708673606044613
2.9430481641707047
2.9970883923888323
166.04982912540436
12.746720163850114
2.598529688017152
140.3655822277069
39.46151240170002
2.129001733788755
75.15693432092667
90.16369706392288
58.52872588671744
129.23018756508827
100.1412028297782
54.725359335541725
4.122650975361466
2.341075809323229
7.927128916606307
104.12316703796387
70.25421500205994
8.207829033883172
168.2326102256775
6.24615163217095
4.316420599412595
2.821646056123427
75.38051690906286
57.22610154747963
92.92160040140152
3.027932443528698
4.6729501551017165
153.7074340581894
38.61108332592994
3.9882132580314646
125.3478832244873
217.11270713806152
8.083866611123085
58.05791288614273
4.903826334630139
2.014738083118573
5.248157868412818
46.239966130815446
11.019014198798686
78.46015547215939
7.889713469427079
52.217492021620274
74.53988006711006
3.1930826461084507
95.58602124452591
3.0914367489458527
56.233348309993744
3.628459950641627
98.35415202379227
2.9865128142992035
4.05782687933015
3.7103007565019652
85.82728811353445
1.3037506118125748
95.29347915574908
66.67374306730926
6.529737206175923
149.39707159996033
13.73228764309897
1.4674604075262323
154.84330439567566
13.73228764309897
1.260026858511992
12.76908017275855
38.3262749183923
0.6651466233379324
1.381536717468407
119.69043177366257
129.66972145438194
114.89611691236496
1.7305710818327498
54.599629648029804
85.1775259077549
266.3096671104431
2.548092878481839
65.98411753773689
47.398908470757306
36.11154914647341
12.76908017275855
1.4855586923767987
4.553061557002366
17.8773870235309
210.5380573272705
1.160027160163736
1.2161500674137642
12.76908017275855
142.1662678718567
170.34577178955078
0.5420999348425539
129.34417608380318
1.5562727134674788
0.9821793225419242
187.49664688110352
13.73228764309897
81.58904727362096
68.850291531533
1.2469272149319295
73.75732576381415
1.266990795019865
12.76908017275855
1.2883530549297575
12.76908017275855
1.4983589063049294
86.70376679301262
95.4911357164383
2.008961815998191
1.906955177175405
1.465629191869084
89.67441993951797
2.844416191102937
97.5965990871191
0.5420999348425539
68.84828560240567
49.33424332737923
0.65491856814333
0.6321662949912934
5.3458535343525
30.763477554079145
1.4271663310937583
1.8432254076551544
135.6972280740738
139.91209661960602
172.83802592754364
0.5861274737180793
0.5663800103061476
168.53188133239746
86.70103089511395
86.76731741428375
0.8261037554475479
79.47712264582515
0.5094895248730609
3.751547348103486
0.8071923412107935
21.64408817142248
13.73228764309897
111.70277345180511
60.57234075665474
72.21696929633617
18.31207101047039
1.7695208969525993
80.72868449240923
69.90587354265153
26.63420994579792
0.48466941959668475
153.6982665657997
1.1720768999439315
42.5510607548058
3.4405506360926665
27.653448357246816
33.15857379510999
0.7452327748324024
66.57383894920349
79.71578727662563
1.5528519262152258
1.6604356483439915
2.572943061182741
29.833856800338253
80.6898717880249
24.49490967951715
0.6701211962626985
1.606273734030765
3.520361326285638
113.96428394317627
44.31900995597243
0.8522346195477439
122.12161515653133
1.906603393945261
25.096382996300235
23.860842247726396
1.8972830907150637
0.6905875068805472
0.986792716965283
61.99868479371071
26.37189723967458
2.667522536125034
0.903504062895081
1.5726420372375287
129.02736735343933
1.5141037534485804
5.860176088986918
24.302398576401174
1.2070669819950126
2.1226162335369736
16.53804836573545
2.271942305873381
2.051997161732288
9.731218818575144
1.4274714088187466
41.15804499387741
5.486586572369561
1.7988331612432376
1.1538662366219796
1.3493827488127863
60.587706387043
22.686660395469517
68.76077073812485
1.4583229065174237
29.638597056647995
2.6271462339063874
3.0231595342047513
322.24440813064575
1.4073466656118399
73.34057971835136
6.405169398523867
30.366708137094975
42.71516280993819
11.99370829667896
63.56960933096707
72.58510953933
4.147313148758258
25.853527780622244
23.553261145949364
6.009272953029722
29.319127172231674
2.908371273049852
3.045144827803597
1.4203590800461825
82.20630192756653
151.00666666030884
50.76617816276848
1.8602811303571798
3.386907701380551
30.786183424293995
1.201169063366251
0.7620760154823074
32.1413614153862
1.4558353897882625
0.5258014257778996
97.13030987977982
0.03491131550026694
66.19319897890091
0.75974358554231
9.169434282928705
0.05523634414953449
208.4439263343811
91.11248942837119
0.9599203270627186
128.40479861944914
100.27371507883072
0.13527497243103426
0.028969152703552936
83.23795150220394
1.082895674626343
0.19680625635373872
60.16281431913376
69.68729708343744
1.5013936992036179
0.13527497243103426
0.3759799098879739
4.58186159725301
40.45814450830221
0.30974103629705496
92.14605473726988
12.53531595156528
0.03313877613038585
129.85544109344482
48.48105050995946
0.024681980041577845
12.42696137726307
46.37479222379625
80.31175175309181
0.5217297169438098
150.764808177948
153.63378286361694
0.1021013190929807
0.5117246753143263
0.22715562910889275
36.470439247787
0.645199629230774
0.15762122394517064
139.5282734632492
0.11819087307958398
0.13527497243103426
0.3735205013654195
0.4821911856997758
0.3984957182838116
0.023103197535874642
0.7269516120859407
0.2383775048656389
0.11422492070050794
0.11873434957385598
13.714606736786664
0.09531237520377545
1.0369978471571812
0.05354697451593893
3.1241300792098627
1.0103640795714455
94.97717237472534
0.18152528696919035
0.11506008796823153
105.92973425239325
0.9041256434575189
0.04955463449914532
0.31580819534065085
0.026528408122430847
0.10857569651852828
0.09111003326233913
0.11072979702976227
0.10025690380280139
0.4987566743802745
132.96500891447067
0.29985222543473355
0.6673426264314912
52.4134337157011
75.25892394548282
1.2987868904310744
12.322986893355846
54.244174990803
0.035937343864134164
78.48631479591131
58.356040550395846
176.7469744682312
0.034432102915729956
106.83850705623627
77.51967153931037
0.09835011912218761
0.15198578579747846
72.90492634149268
18.21654301416129
37.3372905831784
0.47394113928748993
81.72094715386629
79.972511023283
0.3857120401735301
0.527129811092891
4.195137394213816
86.88342821598053
70.82412852346897
7.031174878124148
139.96239429712296
11.324340969324112
126.93608611822128
100.9497441649437
21.686070404946804
28.142221488058567
5.693857791367918
36.67430807650089
36.209485495463014
34.01962701976299
26.943865798413754
9.016935395076871
10.41090711671859
9.193798959138803
6.932772890664637
17.2556392820552
5.713557682232931
19.41666705906391
3.7080280335067073
78.04530228674412
108.62786555290222
4.046099613420665
135.3309798836708
3.204940504539991
110.98264653235674
40.184755235910416
23.450727904215455
4.692642584210262
13.222563126357272
3.57682959549129
90.86338070034981
59.25499492138624
281.3762264251709
113.91389718651772
12.184896921273321
22.566971126943827
7.121156359440647
8.422925342805684
5.364648253744235
5.5040688526351005
6.686873858503532
18.97853996604681
15.685710502788424
127.29435205459595
3.939911554567516
121.5632666349411
150.10243839025497
176.69513082504272
5.824297652230598
228.53356885910034
171.2118942141533
5.08118785743136
262.5315556526184
157.55686259269714
184.62056839466095
3.9542738742311485
103.22770781069994
4.171123581938446
102.64516019821167
79.07393962144852
21.911122949793935
5.1413037170423195
324.0568583011627
10.841592956334352
4.355410197749734
28.987416818737984
8.9580441955477
7.173769391694805
102.11729884147644
3.6894894500874216
118.75892985612154
351.75712060928345
9.8546933978796
23.12251254543662
14.668726166710258
8.84790725260973
6.884615130955353
12.404850160703063
70.95748622715473
11.771874681580812
93.87975579500198
82.19020123779774
60.4086813852191
197.634685754776
6.040168862149585
8.944542517885566
19.521509934216738
9.265765743330121
15.237225268036127
119.3133293390274
5.960676370013971
11.419149953871965
106.79047501087189
15.177931600715965
106.30950276553631
39.83022521255771
6.916149685741402
54.16534077376127
9.922002246719785
20.66472161281854
91.39971740543842
7.653025874868035
4.994699501665309
4.80177752385498
28.509632266126573
5.4929356793290935
4.908704664610923
78.60066318511963
10.133155441842973
5.6867769972013775
190.73870182037354
8.56505163165275
4.793645396945067
10.599393098149449
69.6560877263546
111.34164810180664
66.97929747961462
5.213345869288787
23.128952737897635
7.069588542188285
21.228638418018818
9.672382182208821
4.714686442159291
8.135740061756223
7.990033731111907
7.035825528204441
3.616430953847157
156.9456890821457
137.7866988182068
80.7683444749564
240.1636142730713
3.527482262114063
15.089850049465895
52.44779083505273
8.398795791203156
4.864488670980791
16.479787268210202
52.13552917353809
72.36264053359628
4.900283883907832
41.23097126185894
5.765539841981081
8.406033973122248
42.23410872370005
69.21430847607553
4.4917497228161665
56.07875179871917
9.114881084416993
62.95329659432173
50.09555919095874
10.149160977773136
57.70973791740835
28.271250031888485
12.200314179062843
74.08188873529434
12.667733903042972
60.09006011672318
79.91848838329315
109.26587212085724
0.5263202900532633
3.8377558297943324
3.676126661710441
0.048931749976986794
1.3504666502885811
50.000881396234035
0.40937112903338857
40.769368793815374
0.4172026478654516
30.504288790281862
33.33595936995698
5.946239203214645
0.04420331282813095
0.0674691812104129
0.40985299592830415
25.978395178797655
37.093937020748854
36.244729509577155
1.017184667129186
51.240770866163075
0.37034649715496926
0.17952855114890554
23.48299150983803
3.9305618137004785
36.61195642314851
1.967933828709647
12.061231637999299
36.5272144600749
0.5425591073435498
0.23356751660139707
8.294823944568634
78.20619758963585
29.346640022005886
0.937832552324835
0.4395991816018068
6.353037399705499
0.12895871440741757
0.4896201788651524
51.16380525752902
1.153072884073481
0.18356195332671632
3.8610817035660148
23.933663550997153
0.45255797096251626
0.5921898904052796
22.529604577022837
3.325108487624675
0.2321656401090877
0.5178525459486991
1.8589322358602658
0.20001960208378478
27.821393897756934
55.85858476907015
0.5054662960756104
27.61288269609213
20.905498194741085
36.4774303548038
0.043341569402514324
0.6926306422647031
0.14221126726317834
17.477975145098753
55.51794242113829
38.65268505550921
63.829249165952206
34.37251064472366
32.76817095759907
0.6029085493923958
0.9478055099680205
22.534668705426157
2.133647200476844
9.349887430667877
13.552726157009602
33.8022015808092
0.92591559367429
2.6897107074037194
1.1043392114370363
1.6175017194473185
7.590793214738369
3.0058227041736245
77.93216529488564
0.9397015061113052
1.2527878423716174
20.220068180933595
2.202320066979155
1.1305912675852596
218.95053839683533
23.34139550011605
72.27874702215195
2.163633947537164
37.12570652877912
48.99509817361832
3.4120278843911365
4.353100866544992
48.26203651726246
46.91151604056358
26.070232247468084
1.584121691150358
2.4917582378839143
1.1213229630957358
73.78411696664989
6.276753020472825
46.77942323498428
0.7214798750646878
7.684508417733014
1.5106884753913619
2.4405269279159256
0.9538571047014557
2.2683071753926924
1.6757344940269832
1.0653188765136292
31.849526472389698
40.00990369915962
0.7354509624710772
26.971570488763973
3.180879791267216
2.872387034643907
3.0826782304793596
1.7872777744778432
1.2646355198230594
1.1896510170481633
246.9690284729004
23.091752440865093
39.401699125766754
72.59408617019653
1.788546294970729
0.9850738401291892
32.116700856015086
1.1214847588453267
1.1620956824044697
0.7974922803550726
3.1833647438616026
3.166949775069952
13.887972073920537
5.185385813936591
18.77069268851301
26.14503213032731
1.8101415233686566
1.1618030593344884
62.220727160573006
82.7177392244339
1.0610696928197285
4.7605994392652065
1.198054800654063
64.42128279432654
2.6126712476834655
1.1224064240523148
1.8999611546169035
1.8075353186650318
98.62128549814224
5.757746547460556
1.0304944087401964
2.92567587364465
42.02086038608104
43.61135378666222
0.8979589298724022
1.3797456020256504
7.594389451667666
2.318818586820271
33.75124130563927
3.8181184008717537
11.14934529364109
69.77781962230802
42.78139347839169
28.80464722122997
4.514547560364008
3.2510736832628027
29.393361223861575
81.82903929054737
90.72030913829803
1.4163783828844316
1.3805329442257062
6.693118701688945
11.58717324770987
117.41819059848785
13.076790924649686
72.32400256954134
9.365974007116165
65.02374398708344
7.431640329421498
64.99195202440023
124.58439636230469
6.4247777810523985
42.87935992702842
46.44041304383427
10.350757903652266
7.88759228726849
39.56218122621067
7.384088015882298
9.262432111485396
9.96642003301531
9.116917997365817
16.422180848690914
9.679982093628496
213.52063059806824
6.709263516451756
75.95657304674387
57.385006374679506
33.82635523378849
52.33233770728111
8.177211687725503
14.21638523414731
60.69279970228672
7.758280980400741
8.434896552702412
10.141596402041614
54.53297084569931
52.14885042048991
75.37381793558598
89.5197701305151
169.57050561904907
10.874746323330328
88.03409588336945
103.57523560523987
64.85205510258675
8.156088296847884
6.651313281618059
10.880123158916831
14.893854177789763
46.70411698427051
38.4964652210474
5.740022084934026
69.49023554287851
77.99014340341091
183.4390950202942
7.481782573275268
93.50681198388338
57.897440165281296
6.623468639911152
29.57288017636165
6.690606556861894
7.33624442058499
8.564674365799874
219.30030417442322
23.847759664058685
9.678382809273899
15.663416277617216
60.658780101686716
10.08152962688473
16.69379191286862
26.927610595710576
15.79531283909455
14.56207691365853
10.286444500088692
51.480007380247116
14.48080426454544
6.500077730015619
14.923995421966538
75.74047183990479
54.86037311702967
27.665922889485955
122.3185695707798
13.511081001866842
13.770229525864124
47.31260268785991
13.141432497650385
10.392055675358279
17.55951840057969
65.01667838916183
137.10336808301508
16.05095641571097
81.33544732630253
94.03425653092563
107.25170072540641
48.276865337044
10.984830897767097
7.4904485001129615
11.453928419854492
147.67723420262337
115.17348765581846
0.24664707831834676
2.687624593032524
0.27546081112814136
48.75408573169261
0.9029049298260361
51.85735162347555
0.7115182224442833
8.33089779689908
35.76886642083991
41.909151499625295
0.4093506106873974
62.81635919213295
51.456120017915964
1.9091230724006891
75.10970418341458
42.206618735566735
50.95062307687476
0.7936129049776355
2.1706795967184007
4.176071729976684
0.41284088598331437
107.64768308401108
0.2586216820127447
0.1709378832456423
6.2033538445830345
17.46729139983654
0.4409471998224035
48.260760148987174
101.05353057384491
0.6674336022697389
0.899079269322101
3.0941714262589812
0.4442717396887019
50.51582827977836
52.11645826883614
0.2952328565879725
0.5575436397921294
2.178123411955312
1.1081792452605441
0.6234073924133554
64.41654066927731
94.97888471186161
0.16667711385525763
52.89670878369361
4.1390862157568336
0.20280347336665727
0.4295518248982262
78.47737598791718
63.81741454638541
162.85682773590088
36.866540821269155
3.2806677715852857
38.35741127189249
62.92308043688536
1.4069993257289752
0.3338534232316306
7.250193361192942
77.43787944316864
0.6256453568348661
0.49887796700932086
0.5605102010595147
0.2750870644231327
47.494672200642526
1.3569328180747107
0.18407818139530718
0.6098443711525761
1.061646021087654
0.6232112671714276
46.02499911934137
3.380711161531508
40.344055582769215
1.258503345772624
0.36382692627375945
0.20269436744274572
0.5698886923200916
2.7482220735400915
0.682952614093665
26.564910233020782
73.48568479716778
78.00897012650967
2.3077883230289444
37.85994771588594
0.7212079879464
0.17755120590300066
0.2255814950694912
0.6415895048994571
0.22771572903366177
0.9876888431899715
43.04381440056022
52.50971400446724
168.9441717863083
51.31967908889055
13.02412989269942
109.21651405096054
21.99273278005421
39.28341277688742
105.72465193271637
14.557470644125715
15.135876248590648
167.576336145401
16.00545511674136
43.900024741888046
9.486715988256037
32.4236199259758
11.958779368549585
13.760110979201272
10.37309093028307
206.8802571296692
27.10545962303877
63.822721514850855
52.177452862262726
27.35704616829753
43.2840809840709
13.194070561788976
153.47851634025574
14.32561652828008
74.95299896597862
18.00566553324461
89.10566556453705
12.90692621783819
80.6941106915474
33.6958140283823
17.234204411011888
14.534702229313552
86.96676963567734
131.2922899723053
