315.56993532180786
234.79247760772705
74.79736277461052
256.6400685310364
56.53569748997688
102.09673619270325
211.9787425994873
67.13841778039932
40.95057673752308
282.4919834136963
54.71793803572655
65.2960210442543
48.22820225358009
191.92122626304626
52.67478572204709
356.2749147415161
97.48159909248352
65.31208938360214
370.3158349990845
38.14223603904247
53.943448651582
87.32921957969666
82.38421595096588
76.7161630988121
31.98528791964054
291.9565124511719
83.21219849586487
284.2823872566223
72.04006332159042
157.82613277435303
301.3285369873047
36.43406331539154
94.33940255641937
59.46984747052193
369.39013957977295
305.66950845718384
97.72314941883087
63.11064738035202
35.88643046841025
54.841501410119236
321.84413719177246
43.78123211860657
332.22350120544434
370.10808277130127
238.51892042160034
187.65918588638306
63.395811855793
41.54799172282219
38.45020671188831
65.95516765117645
110.55954179167747
36.24348019808531
307.50349617004395
250.5453429222107
59.91970752179623
66.12897297739983
344.04767322540283
31.87674841983244
119.31683206558228
271.5267057418823
279.8299708366394
53.29397955536842
234.81199169158936
60.214901119470596
310.86846351623535
242.38446617126465
109.63284075260162
393.2935733795166
78.71258056163788
55.62037678062916
415.8045196533203
50.75697722285986
191.3607325553894
52.56560343503952
350.2954158782959
280.3801598548889
47.44813784211874
298.64608907699585
160.95796585083008
43.10824657976627
39.38719679787755
211.26178741455078
302.2279214859009
397.17421436309814
53.430422730743885
349.49191665649414
36.010183185338974
241.22607278823853
53.94382156431675
380.37067890167236
318.31384563446045
276.8782162666321
268.35993671417236
81.0629195868969
244.80351305007935
207.77892017364502
68.84059042111039
180.52868568897247
47.45528487209231
191.10921955108643
229.24793577194214
72.0998090133071
228.99437427520752
66.31989359483123
119.99155560135841
69.74082398973405
92.56197568774223
213.17903900146484
91.59893718361855
291.8458766937256
90.55217903852463
164.88683700561523
218.29855489730835
83.30020011588931
158.01760613918304
100.59707659482956
95.73050343990326
116.16471691429615
252.54007816314697
392.75270557403564
244.827410697937
326.27564430236816
151.19546794891357
194.7676351070404
88.57526744902134
156.49996757507324
62.7486232444644
89.58849408477545
391.6818084716797
96.70688194036484
91.1857141777873
251.74413204193115
244.462420463562
80.09641405940056
156.30761742591858
340.9737377166748
62.324542021378875
99.2261743247509
200.26866102218628
165.30228424072266
175.19316112995148
321.0061626434326
52.95083414996043
43.22157691861503
317.65196228027344
306.1800203323364
296.31622648239136
165.18359375
62.36870846897364
129.1332573890686
111.9367431551218
305.6258225440979
277.69684886932373
186.6044294834137
68.68582892417908
128.38890331983566
94.02264106273651
70.24109548330307
204.59293222427368
227.75146389007568
394.29426670074463
135.82993692159653
74.56889791041613
294.99000310897827
144.21794438362122
282.3886308670044
92.9407466351986
56.19912918191403
189.77557635307312
83.68486265838146
87.29727181792259
55.64652747102082
226.2046604156494
404.9800853729248
170.84079813957214
174.26971697807312
78.11040292680264
312.0279927253723
320.3446340560913
61.50590667501092
71.30248061567545
126.84764182567596
60.864388570189476
312.6395926475525
34.347539603710175
24.756953366100788
35.96587823703885
63.73350903391838
417.9378762245178
283.7627773284912
20.346269195899367
220.52793884277344
23.681006655097008
215.3540554046631
19.909871082752943
220.5071301460266
257.1764941215515
25.31732956506312
54.44460508227348
35.18872959911823
153.47703528404236
48.05975538492203
229.56222009658813
37.30581679940224
23.945436388254166
297.64114904403687
372.97878074645996
318.3603343963623
70.51897370815277
304.1990032196045
23.259668522980064
47.627375677227974
27.417656660079956
47.15931515395641
137.3328742980957
165.84144401550293
248.85292673110962
55.86322920024395
125.26696956157684
25.039110995829105
171.35509121418
395.89395236968994
66.29503816366196
17.41014325595461
188.17590713500977
206.29117345809937
29.9930405234918
244.51224756240845
266.35248279571533
309.20574283599854
217.75989866256714
271.6122922897339
345.66748428344727
292.5040063858032
311.4044728279114
26.787365280091763
34.71972131356597
61.311976313591
82.6891759634018
37.46385308064055
85.64005415141582
27.999237313866615
390.0034694671631
360.90679597854614
253.99457025527954
47.16832496598363
16.96129419328645
66.19767870008945
28.148400840349495
32.90520953387022
44.57103166729212
253.8936047554016
21.259418100118637
283.7325143814087
24.029316175729036
228.01868343353271
316.642511844635
26.09078733017668
48.538130819797516
37.423859655857086
49.52206578850746
35.30217009782791
21.177413157070987
235.81198835372925
192.7617735862732
26.755390845239162
78.76133605837822
24.72126147709787
299.59668159484863
36.8823560513556
221.57859683036804
202.7722773551941
326.7013177871704
235.79132556915283
195.35214853286743
53.50545275211334
34.45953346416354
363.4637107849121
32.78893242776394
27.14681699126959
22.752091774716973
26.033019550144672
35.87249717861414
24.536766305565834
163.12097120285034
36.370759934186935
413.59940338134766
272.7475037574768
36.01221573352814
298.27771759033203
82.68700045347214
341.5000729560852
39.28191008605063
174.752827167511
380.1523971557617
134.21466159820557
410.4132299423218
152.66016101837158
260.04595971107483
288.25657176971436
277.62134981155396
307.59444189071655
338.184494972229
97.52873975038528
149.0558398962021
47.207979902625084
388.9976816177368
295.22161531448364
28.752710808534175
217.85278820991516
408.9948134422302
86.12213504314423
36.65686969272792
42.15905625373125
84.99703362584114
32.702257566154
232.0006971359253
42.56175091303885
241.81955099105835
82.97416001558304
178.48721623420715
80.6495790630579
111.45990419387817
93.52649575471878
182.30343008041382
61.91805446147919
49.55210518836975
314.28054428100586
197.09544467926025
235.0143051147461
33.993199687451124
29.938492904417217
168.66801404953003
74.30012166500092
73.94004493951797
41.807520125061274
141.62418323755264
40.7986776381731
328.9779076576233
289.4140467643738
29.938492904417217
177.45515097677708
44.70749744772911
198.9367160797119
106.31923514604568
160.2553515434265
229.52466535568237
124.93825197219849
291.01671981811523
161.7052081823349
196.48599076271057
194.61716604232788
224.71527862548828
113.81049931049347
52.95679846405983
318.75596618652344
196.16635489463806
50.04975810647011
173.5701723098755
108.98819887638092
78.15544646978378
39.761089999228716
76.85707385838032
57.791993875056505
287.4596366882324
59.28508569300175
32.87897476134822
239.51565051078796
29.938492904417217
42.27041666209698
169.63179206848145
268.0599036216736
199.26902294158936
41.92479236423969
210.39349365234375
59.99132065474987
44.62602499406785
286.54254817962646
105.07205422222614
263.6693239212036
138.457453250885
36.060585303232074
289.29461908340454
42.26791936531663
73.49006924033165
273.1517524719238
118.0598332285881
134.19586384296417
70.2680729739368
66.09938756376505
110.27073483169079
306.5423984527588
76.39948719739914
252.6231107711792
162.1963095664978
90.83202624320984
58.277344091795385
257.12907218933105
64.57207760773599
121.21960127353668
151.11467599868774
89.65422719717026
78.7873699516058
132.24084922671318
63.47939248383045
58.33379825670272
246.67040634155273
236.12919163703918
101.289680570364
103.71434795856476
248.34490633010864
241.48193264007568
101.04677528142929
194.25084686279297
156.16397523507476
194.8116946220398
153.80100274085999
355.8087387084961
85.5012164786458
190.20729184150696
121.91677236557007
214.05167698860168
199.043776512146
62.045313842594624
216.4603123664856
213.2247052192688
58.422061525285244
71.13599693775177
96.25282309949398
200.51891040802002
204.49625271558762
166.2650203704834
250.93704748153687
125.17377018928528
121.05219980329275
166.94829535484314
69.11979111284018
172.6603194475174
119.12948045134544
316.8394899368286
218.27287364006042
187.78950762748718
147.16593515872955
328.64006519317627
56.99814146012068
318.1067042350769
98.71827974915504
115.34298718720675
214.82498216629028
81.97118645906448
146.83009386062622
178.6254366338253
263.4499077796936
206.5531144142151
73.54926239512861
148.93565827608109
305.00743293762207
128.95971316099167
168.93513584136963
56.85576106607914
139.00948391109705
295.1582612991333
255.19096422195435
345.8298234939575
307.8898024559021
190.78963768482208
207.91079139709473
197.97906470298767
114.34534680843353
164.85392260551453
100.80961664021015
330.89312505722046
150.184916973114
270.4289469718933
54.96267640218139
142.15628337860107
98.74739745259285
68.95493822544813
103.39740124344826
224.9196424484253
239.74627566337585
177.3408660888672
149.3984870016575
216.37108278274536
204.17476320266724
28.847881346940994
215.55761623382568
18.544227508828044
236.7182846069336
35.51416256278753
55.73867669701576
110.2784098982811
22.497916162014008
85.89121395349503
46.37894149124622
206.00953102111816
33.20625337213278
38.58169585466385
266.2362685203552
126.83527636528015
64.15934473276138
36.235596150159836
76.29958447813988
22.75444344431162
34.92309546470642
55.00844046473503
37.870099037885666
298.0820789337158
185.6000475883484
33.38827099651098
249.6851863861084
21.345313707366586
190.47856616973877
37.870099037885666
251.88344287872314
52.21392485499382
224.58482313156128
251.06428003311157
21.770423682406545
34.92309546470642
236.09573364257812
34.60183778963983
62.796929240226746
266.6392321586609
289.64041328430176
27.923352625221014
318.21342611312866
202.5236668586731
50.43411825597286
30.474053040146828
127.64339828491211
281.5273628234863
276.33561754226685
98.05241560935974
33.84219670295715
30.91749081015587
332.88579750061035
254.92793607711792
299.45892429351807
220.0259895324707
321.217604637146
264.27805519104004
46.03163002431393
40.580684050917625
62.11070877313614
317.83042192459106
34.95328348875046
25.087390046566725
24.601162120699883
48.83561307191849
197.22739791870117
30.17510948330164
236.887939453125
25.47986008785665
34.56638363748789
24.358650349080563
216.42458772659302
65.24834693223238
258.88324451446533
33.86777925118804
34.03257455676794
32.75250764936209
30.766616700217128
22.691582845523953
56.68806339800358
20.541296334937215
126.96775984764099
316.52981901168823
246.2271285057068
201.90141797065735
20.541296334937215
217.6740608215332
219.65903282165527
49.062068581581116
40.580684050917625
317.9096760749817
107.0564615726471
95.87031358480453
34.95328348875046
43.351390819996595
23.542113513685763
247.4852409362793
32.04963669553399
316.0759868621826
15.652110523718875
15.779483420672477
23.64734424930066
121.22323548793793
15.666347028221935
286.8512887954712
21.830073926597834
35.14319310709834
44.852354696020484
20.02964240219444
234.70392513275146
133.67903006076813
22.893207790330052
174.35724401474
164.24645733833313
16.900123627041467
19.44086945988238
19.095754495821893
283.7508864402771
29.136722695082426
34.369570821523666
14.632052505447064
21.800554017536342
19.840504613239318
13.583277680678293
55.23032233119011
302.6247010231018
15.002330547897145
17.852385354111902
31.643225788138807
14.70114125602413
112.03253895044327
24.730319472029805
314.0346941947937
21.814160592854023
83.80800551176071
15.62266581482254
54.76359201595187
207.76520109176636
285.4782462120056
21.373828234151006
45.51519611477852
37.759335262700915
112.2255499958992
152.0956152677536
301.52594900131226
22.041594403330237
19.376231654547155
39.0627866233699
338.3628730773926
259.9267592430115
30.61750739440322
14.624477498786291
21.27596750482917
18.83735742000863
117.24112820625305
20.19035360077396
114.48845410346985
105.54617059230804
151.87072157859802
35.27645318536088
43.02413469925523
15.320668407715857
15.471172227524221
65.29106466472149
192.29193115234375
233.65714359283447
307.60677099227905
291.22985792160034
82.7624751329422
101.97016280889511
396.5869951248169
35.00909359380603
203.25740027427673
17.0875800204376
297.71883392333984
19.376231654547155
211.61938953399658
27.763828097842634
166.36495447158813
20.174635712057352
256.46986293792725
25.282146533951163
16.813344868365675
24.484705299139023
30.1894172988832
268.9415454864502
25.670719485729933
16.707228695973754
147.32198119163513
35.01557508111
235.38820552825928
285.58793449401855
25.040260395035148
13.452015270420816
18.812533325282857
27.796620674431324
29.88905432447791
104.41776186227798
23.05128989741206
168.50431442260742
15.836350876837969
13.357494736090302
13.357494736090302
19.01768907904625
13.357494736090302
240.2162652015686
21.66554556414485
25.949535455554724
21.275159634649754
226.38527488708496
141.73308992385864
17.63476843573153
242.8358268737793
35.41981477290392
20.012646578252316
197.26877188682556
137.7746729850769
76.49661147594452
306.9260210990906
73.80297446250916
39.08378227800131
36.34838046878576
17.510862167924643
25.433093205094337
268.7097029685974
63.38745164871216
19.26521981926635
254.98461294174194
97.75513544678688
218.7771806716919
20.107522018253803
254.7496452331543
20.761113127693534
11.238131828140467
144.30151748657227
15.095017958432436
21.859699677675962
13.688311412115581
183.43835425376892
15.961497113108635
12.651360215619206
19.85386305488646
218.68257522583008
17.6941303787753
152.1941783428192
226.1346526145935
27.06363620609045
209.57141828536987
19.17643577605486
35.7969823628664
217.04903030395508
167.17212343215942
129.15792393684387
37.34981004521251
275.886137008667
248.2546615600586
222.3257737159729
42.464899361133575
177.95438504219055
171.63667130470276
33.89047330617905
36.625435784459114
35.47187233902514
177.37043368816376
80.4467368721962
23.052778534591198
43.98797424137592
33.09668892621994
25.31663005053997
164.68088698387146
164.00784981250763
19.472593804821372
49.22202980518341
29.241234093904495
154.4614760875702
292.2471613883972
114.04312759637833
17.605096681043506
11.523811996041331
38.44557470083237
13.659687614068389
236.4509048461914
135.70026540756226
44.39846044778824
17.63476843573153
51.41506043076515
20.425677072256804
25.13664640299976
29.15321935713291
19.43240914773196
377.02964878082275
15.848151167389005
14.976278686895967
13.927110709249973
12.017636273987591
75.10732042789459
13.484469807473943
17.37709219730459
151.1035349369049
107.0296865105629
268.66981506347656
34.565930139273405
63.34463846869767
111.5062580704689
45.67032987624407
54.06441876292229
75.6098622083664
279.9732565879822
378.39538860321045
256.38019037246704
402.77275466918945
35.381313785910606
33.736914712935686
200.08989024162292
78.09347900748253
51.630965143442154
267.8815007209778
159.07950353622437
295.77834606170654
61.47225773334503
354.3296728134155
359.1322727203369
235.31320428848267
55.737240463495255
51.494755655527115
55.90237647294998
162.98201403021812
40.260384355671704
195.70113325119019
33.53741261176765
43.6859732568264
40.62417206901591
139.1142818927765
31.6686490830034
241.29046440124512
47.661200538277626
144.4764928817749
180.0147294998169
174.50991010665894
212.64627933502197
296.4114294052124
38.98391501605511
201.28917837142944
179.81199598312378
172.13119173049927
50.23432817310095
115.17349481582642
55.00283262133598
39.922520980238914
47.290608420968056
259.35527181625366
41.163116708397865
62.297438472509384
35.48084015585482
304.99578952789307
142.4791938662529
44.525622472167015
178.77693611383438
329.1855425834656
207.44737100601196
85.28482735157013
294.11915159225464
27.07500095665455
39.44787848368287
239.02179336547852
275.63330125808716
254.63138818740845
249.52850770950317
36.00595190562308
135.38201558589935
36.00595190562308
346.1131649017334
36.48793712258339
341.7638416290283
58.5923507809639
45.73928471375257
45.599746599793434
289.9547061920166
28.434880513697863
36.02945277839899
56.89406695961952
284.6394920349121
49.364066664129496
52.702325999736786
359.3814582824707
166.5971268415451
190.62588667869568
81.93398600816727
46.261375507339835
37.33726939558983
42.84814816713333
234.16171598434448
84.91550579853356
103.27364112436771
323.29496908187866
102.13967284560204
149.65085816383362
139.6817963719368
91.60305353999138
97.91153454780579
62.259882397949696
229.25029039382935
297.32091665267944
90.45792883634567
452.4308500289917
370.0826654434204
167.39093494415283
246.02130579948425
110.57310685515404
69.7859787940979
331.5676441192627
211.05656123161316
72.70718570053577
31.456642664968967
70.37588583305478
97.93237694352865
343.6648139953613
120.36546123027802
312.64878368377686
284.98727655410767
54.9730240823701
299.16691493988037
105.19633626937866
245.46745252609253
230.6124563217163
84.13592119514942
106.44702994823456
54.55906681343913
57.78756875637919
90.09781978093088
87.86971744894981
96.13605365157127
71.43530457466841
326.13404273986816
75.46637472510338
58.52467300090939
69.63045888207853
60.78518073540181
231.3622350692749
174.03901970386505
84.42780041694641
87.29832312464714
207.63601446151733
194.85844683647156
263.01482367515564
172.2473247051239
257.15096855163574
86.08703636750579
147.99257850646973
103.4506573677063
119.95659057423472
190.4998505115509
215.26030552387238
343.85847187042236
86.25817336887121
168.63750594854355
56.98999972268939
96.69664016366005
137.71148535609245
79.15758001804352
228.5889196395874
70.07270513474941
302.65666675567627
134.94648741185665
111.05252313613892
134.94648741185665
101.4955204129219
76.62033640872687
84.42780041694641
413.49840259552
166.824458360672
94.13955466449261
76.62033640872687
384.94247245788574
117.5905037522316
64.90733547881246
332.79620027542114
80.82526226714253
49.49988620355725
101.82286404818296
305.3725428581238
104.1947655081749
77.07536754757166
116.18093077838421
214.02294063568115
139.28365004062653
342.75003385543823
109.67428123950958
91.20149233937263
31.3745672814548
164.7242522239685
58.06623098254204
361.7504053115845
68.34435266256332
246.30585956573486
224.99433183670044
61.62749348208308
106.06545507907867
189.1349217891693
266.0472674369812
157.90603733062744
37.84219989180565
300.69849491119385
149.91380143165588
28.634932740591466
240.30009007453918
142.1321905851364
47.77005150541663
196.43953132629395
278.60345792770386
123.51858186721802
237.97195291519165
40.71165809035301
36.71997123584151
113.72954428195953
211.95092153549194
25.668192124925554
60.8845240175724
81.10624706186354
259.1158471107483
27.880048907361925
38.64079677313566
111.61048632860184
341.6869783401489
124.5505685210228
212.56263732910156
49.221414156258106
83.17156600952148
40.10228297673166
99.08713594079018
281.6684160232544
57.564969688653946
146.0825855731964
169.23307371139526
280.9937162399292
180.16240394115448
36.655009273439646
32.04610487446189
234.94200325012207
115.05476534366608
202.20153641700745
49.77497810125351
43.09349296241999
57.77593857049942
44.45284651964903
139.70194721221924
46.15446236729622
354.8948073387146
160.16202211380005
26.424458706751466
69.4661069214344
223.34077882766724
40.213489290326834
48.35234597325325
167.8286633491516
112.05865925550461
39.77080290019512
238.26093006134033
24.74441218469292
349.56241512298584
35.72326569259167
61.38603786379099
188.29140853881836
26.200491851195693
240.25533151626587
30.999419305473566
40.539971716701984
38.14482253789902
144.71563690900803
45.77691896259785
258.679648399353
201.93093490600586
214.64216589927673
184.67442750930786
35.499598771333694
166.8867597579956
253.1330919265747
127.59753260016441
155.28314781188965
57.98611027561128
191.47364115715027
230.58903408050537
42.29500003904104
43.38275709748268
240.16133737564087
43.55303490161896
33.30343124270439
212.43566513061523
30.05179149657488
302.125693321228
337.3952226638794
283.2956109046936
253.37609672546387
84.75865614414215
184.11618518829346
238.9229326248169
43.79989576339722
247.9727873802185
303.0453577041626
222.558349609375
52.79704523086548
31.10535830259323
200.41313123703003
41.66236451268196
29.03491123020649
24.387528114020824
28.274354681372643
32.251523926854134
202.9312720298767
261.3763279914856
26.905683770775795
27.939421221613884
49.18513369560242
43.099924474954605
278.4499616622925
39.33939611911774
49.45442110300064
49.42452830076218
231.71326684951782
222.10533046722412
235.7983169555664
34.80942675471306
33.420463532209396
65.92189562320709
221.16771697998047
36.60575811564922
255.57855224609375
252.4397430419922
321.63802433013916
30.738435462117195
232.29906463623047
267.1158995628357
34.651906847953796
277.0406651496887
275.9653387069702
45.81023716926575
55.10974204540253
45.134991973638535
277.7840256690979
31.495656043291092
266.24599266052246
260.68529081344604
39.14913547039032
32.60198137164116
88.29707109928131
39.42627489566803
38.03790393471718
257.67915534973145
214.3506178855896
42.701445281505585
289.53127670288086
187.64789700508118
33.644002825021744
31.870943307876587
37.796827882528305
35.69678342342377
28.08733083307743
32.84234383702278
24.56979528069496
55.06281578540802
239.70901489257812
44.70581039786339
51.94810763001442
32.42409731447697
303.65226793289185
124.15526306629181
212.53669548034668
54.46062296256423
358.4640727043152
136.59131568670273
57.872138956561685
50.1113352663815
66.29382112622261
148.43256759643555
187.78727436065674
354.63707160949707
274.99968671798706
52.42138506565243
105.15662190318108
168.41915774345398
239.15062427520752
261.7789075374603
160.94099593162537
117.57283413410187
169.67545092105865
58.67090821266174
130.9707247018814
218.07449954748154
162.36491322517395
198.74375438690186
257.3971848487854
394.216721534729
245.48208665847778
309.18863105773926
195.75299978256226
191.41604018211365
229.54172587394714
251.95096254348755
175.7731603384018
143.26575410366058
204.64211893081665
350.24047088623047
335.9229655265808
153.8388330936432
254.975106716156
187.92104196548462
147.97093307971954
159.4599370956421
240.3645534515381
385.49430084228516
316.1477870941162
177.40798830986023
159.51892805099487
234.26840734481812
129.37127828598022
81.29703027009964
227.45943069458008
288.1369595527649
303.2360396385193
94.32439881563187
304.0089707374573
413.31764125823975
76.55660446360707
333.5725336074829
318.2370138168335
167.5012800693512
253.06526517868042
81.92459514737129
135.49946355819702
88.65093819797039
268.1123766899109
184.8544067144394
145.6722377538681
218.804292678833
185.0807957649231
133.05173099040985
280.01093435287476
239.62394762039185
220.0155634880066
306.188570022583
230.73599672317505
123.20337152481079
210.233633518219
184.04542112350464
175.45874631404877
81.13682007044554
145.2010190486908
403.9184560775757
210.8675022125244
195.50288844108582
170.56472539901733
85.95475984737277
502.3669090270996
232.0079231262207
295.53926610946655
194.6492953300476
88.07523790001869
236.8068881034851
216.9859263896942
165.61205124855042
166.61902236938477
204.3854274749756
328.8067879676819
307.2564287185669
247.2790870666504
285.23561334609985
30.120124459266663
268.5972328186035
65.10030435398221
37.848438270390034
22.556660225614905
21.73724074382335
21.309457451105118
27.87069423496723
31.748740751296282
21.905166760087013
46.66953183710575
199.69340085983276
18.58424032316543
262.70006561279297
216.4421899318695
28.190869942307472
284.09098720550537
18.518182072788477
260.4749426841736
19.632488852599636
38.80250092968345
231.0015139579773
250.87677431106567
49.574658274650574
20.434702901169658
220.96728324890137
233.6709499359131
26.177449099719524
257.8153381347656
25.445464119315147
18.037219148594886
25.983545638620853
54.94936764240265
21.27411672566086
321.2225532531738
75.24361479282379
383.029088973999
21.674126137048006
29.20788122806698
31.44570553675294
51.96974503993988
17.260455939453095
36.626293540000916
330.48002672195435
32.798340283334255
16.690577429370023
310.346248626709
222.89207541942596
139.3557415008545
17.838129410520196
219.17709684371948
34.50003211200237
60.51629312336445
30.819093259051442
78.98437958955765
183.8620228767395
185.02570700645447
26.174257908016443
405.894983291626
22.415128599852324
24.62898680381477
57.35191720724106
210.88260459899902
36.90288087725639
23.058234240859747
46.593090009875596
22.1720757111907
85.14867806434631
24.689089253544807
24.956318186363205
192.6928210258484
19.812391003593802
33.58858596906066
230.28828191757202
21.00922883488238
196.2666231393814
19.78513589501381
245.43745470046997
40.52217784523964
49.40826880931854
241.4893250465393
242.176673412323
320.28223943710327
234.4961805343628
326.20802450180054
172.67419505119324
305.0970735549927
39.69125950336456
31.4991258084774
181.83097457885742
322.790141582489
293.5687327384949
296.7939863204956
250.4730830192566
63.48579114768654
70.22383593767881
113.63493120670319
235.48010396957397
61.56379093229771
69.34868935495615
335.17725372314453
315.10395526885986
63.960426243022084
128.3742401599884
44.58559983596206
101.72130107879639
66.03579300222918
315.6045994758606
261.49758863449097
96.11885704100132
435.08684825897217
230.70785856246948
89.03834587335587
102.23047286272049
324.3858323097229
304.64663076400757
37.497766099870205
393.7563877105713
432.6239929199219
281.38711643218994
252.3000349998474
71.4271034821868
37.497766099870205
120.92417633533478
53.42757548391819
41.98580418759957
215.17709493637085
77.54826611280441
357.0169596672058
61.56379093229771
384.8377413749695
208.70100450515747
102.79016125202179
113.01203924417496
134.5253689289093
366.63741874694824
236.66861581802368
72.71428592503071
57.69750928878784
152.96219766139984
171.0982539653778
49.25840627774596
244.67120361328125
123.0332550406456
41.0737710557878
198.3969120979309
56.352438539266586
220.58495712280273
224.53797316551208
173.70773601531982
71.4271034821868
56.4095665179193
64.15743789076805
180.68755960464478
297.94402027130127
65.34613168239594
60.55945643782616
41.0737710557878
66.03579300222918
99.62916415929794
222.93638563156128
73.36363285779953
172.61132407188416
69.6406798362732
67.00441667437553
253.77737092971802
228.46410274505615
160.77258849143982
186.60997986793518
372.9738607406616
299.1824040412903
74.97370401024818
86.7506412267685
170.75387406349182
308.36748790740967
297.94402027130127
64.94253750145435
81.2017611861229
332.3717041015625
103.75944995880127
55.65702426433563
36.32277287263423
41.55347746564075
50.67168079316616
123.0646623969078
378.36748600006104
27.81219524348853
27.95674821548164
154.84514498710632
131.25440660119057
33.09248434379697
46.46264612674713
293.9657826423645
218.0270643234253
251.27193069458008
193.5928189754486
35.94007134321146
43.115304426522925
75.37786549329758
82.14362744987011
44.30462633538991
69.18132745102048
31.55318039262056
31.068027444183826
299.12920331954956
23.28512878715992
34.033415408404835
184.29807662963867
146.20761823654175
58.35370988678187
268.6201071739197
299.6832752227783
26.31250036158599
18.348319204204017
69.88418585062027
34.57534949667752
41.52172906079795
122.40012574195862
54.99368625879288
208.0089569091797
111.6021807640791
246.28230381011963
206.2426130771637
46.762653447687626
31.98334269039333
201.2465624809265
25.154472371563315
109.03509724140167
94.12740361690521
237.08944654464722
31.598699191585183
27.000659608573187
134.01469737291336
70.75718374550343
73.68302465975285
168.89566326141357
301.6144599914551
22.298634098671755
30.12197612132877
57.54648321028799
30.740551883820444
47.931985683739185
41.66364644479472
54.64441666076891
36.38549662241712
168.72361516952515
200.25201082229614
178.2368106842041
73.08029112964869
102.91970139741898
232.46412801742554
69.33237428590655
250.80470180511475
262.324294090271
189.86898517608643
24.78212946653366
334.6088762283325
47.706688730977476
322.7390785217285
364.928804397583
186.95884156227112
47.89003814943135
221.18997478485107
27.901389628648758
410.5691270828247
73.7134882088285
92.23026492446661
293.55844926834106
30.725028082728386
24.088600404560566
49.60996066778898
110.84979158639908
48.03876193636097
296.44628143310547
335.4338846206665
23.213975995779037
48.21857457538135
32.54219232594187
176.8845624923706
253.2063069343567
33.18572599813342
53.3298252299428
42.84591307211667
209.77051091194153
45.26334610534832
280.23988342285156
28.923621849622577
21.102707635145634
69.85369637608528
265.97843837738037
30.096001059748232
46.9509813785553
26.684045834466815
329.4532747268677
33.083569353446364
34.16433732956648
276.3452396392822
44.71011830866337
163.91838431358337
231.2536277770996
256.02889823913574
41.53557792305946
33.82209550216794
23.453206931357272
30.428012249059975
32.53795915842056
311.54219245910645
319.70068311691284
290.3408360481262
256.94665479660034
223.50390625
200.33062887191772
267.57053422927856
36.613395012915134
56.179862916469574
24.998101949691772
52.34645567089319
64.45733386278152
31.636288356035948
29.77372106909752
299.23946714401245
31.23386585607659
164.77259182929993
278.44234228134155
39.08857789635658
23.541648153681308
143.9296097755432
43.85898791998625
25.212514221668243
308.9047908782959
47.20484524965286
30.48694463633001
194.93137645721436
29.917733248323202
218.77740383148193
425.26457929611206
28.39961734600365
226.55128955841064
107.54008287191391
235.24195384979248
25.67882001074031
31.252721153199673
67.75477354228497
40.02991303266026
59.610261619091034
53.282756969332695
35.33795301616192
26.34837832301855
108.00311186909676
155.31483006477356
272.39491271972656
248.25862979888916
185.15736198425293
216.5913119316101
60.08506081998348
229.37510633468628
62.78573787212372
51.48506874591112
31.23386585607659
239.27812814712524
36.32563312165439
34.9755027256906
30.56277964822948
29.591392911970615
90.22603583335876
28.741988121997565
22.511074509471655
33.637347020208836
29.050460980739444
28.233356739860028
55.03033694252372
244.3155598640442
41.563957680016756
305.1919107437134
312.7481245994568
31.926605171291158
101.6684011220932
222.30195426940918
358.63568210601807
27.313481693621725
115.24821984767914
152.4385941028595
255.24673414230347
39.90604483243078
193.80041122436523
149.46018254756927
104.01444911956787
68.25648878887296
350.08829164505005
333.5755228996277
81.37655514478683
118.89975070953369
300.9245524406433
169.8254314661026
46.04209329560399
77.34227725863457
49.06629350036383
77.2843785583973
474.7293186187744
168.24714064598083
266.8801817893982
192.28983688354492
239.15807056427002
338.14459896087646
161.62456512451172
274.5730867385864
151.1610108613968
184.99120450019836
136.37996554374695
433.2220630645752
123.93415451049805
147.1949598789215
121.81372725963593
95.48134370148182
77.86141088604927
267.29669189453125
46.992657931055874
242.41971385478973
86.71161792427301
123.01687794923782
141.39690619707108
50.921866594813764
354.3880605697632
151.88757157325745
237.0735559463501
230.28741598129272
280.2206678390503
84.39980250597
376.6008653640747
346.6779479980469
210.73396968841553
362.98910331726074
95.00410761497915
92.87237846851349
63.333480551838875
100.41618883609772
51.304693430662155
57.456983387470245
65.00776572525501
97.1471398472786
317.07627964019775
63.99380686879158
94.93600308895111
62.077844582498074
60.60189792513847
233.32547330856323
307.52048206329346
57.37081801891327
326.61114835739136
281.15610551834106
81.39088202267885
314.0856280326843
113.74181973934174
84.87928122282028
182.15168237686157
217.23637580871582
331.8808603286743
71.0703825801611
50.332194563001394
264.8185205459595
194.883713722229
130.0776243209839
60.62519906461239
192.7205011844635
275.4883608818054
82.6877503246069
261.19942712783813
189.25582885742188
229.96363735198975
230.54874277114868
104.23487150669098
58.03422951698303
121.52668108046055
42.08329117298126
51.92658066749573
111.75864917039871
207.8549017906189
71.66117855906487
160.80910420417786
407.8792428970337
211.4805450439453
162.93326115608215
39.87532889377326
239.59768629074097
207.952241897583
45.94111543521285
395.83048725128174
185.4285876750946
94.2387403845787
308.16917419433594
425.3938102722168
292.4311156272888
39.21304975729436
56.2805400043726
51.92350285500288
254.6924147605896
95.99935808777809
41.15475522354245
453.79249477386475
44.15509293228388
219.86293411254883
49.65235399454832
176.3257875442505
200.9962751865387
37.65695480676368
245.90998792648315
58.302142698317766
252.46016645431519
39.660081833601
180.76349186897278
232.26686537265778
131.27448284626007
58.4831739962101
35.84330545924604
359.4225654602051
39.794706888496876
51.93882821756415
66.87054243683815
41.68993471888825
40.38748963177204
41.65194620937109
249.47401237487793
241.06171989440918
56.05980944633484
42.406716763973236
73.38455955032259
108.36080253124237
120.02033793926239
312.12675857543945
420.1576690673828
166.88694417476654
229.10288524627686
37.761460242792964
236.58948421478271
71.15487771108747
41.977100068703294
275.5436863899231
48.508706118911505
56.29150079935789
82.79081457480788
36.22850571293384
39.64366114838049
264.40588665008545
53.19886557338759
167.0836369395256
39.63362021185458
244.45169353485107
305.56223726272583
30.078820216935128
46.23468693718314
200.25087332725525
47.393334806896746
30.078820216935128
46.23468693718314
200.25087332725525
47.393334806896746
355.89863300323486
257.48080110549927
44.75566145777702
40.546085469424725
208.61935806274414
287.3981261253357
40.788254260551184
139.99391293525696
183.46308398246765
119.3724016547203
69.83951979875565
116.06244041025639
124.51053029298782
44.924907740205526
102.1013853251934
338.1365399360657
49.82175277546048
221.5769338607788
190.1956024169922
77.41448161005974
123.59583431482315
153.71733736991882
109.73680938780308
53.97290871664882
93.36580295860767
162.81696605682373
294.6021604537964
174.40062355995178
141.0866538286209
345.39885997772217
113.6091884970665
71.54612562060356
35.756763990968466
103.90644067525864
51.971462454646826
67.55002930760384
91.55853435397148
213.8738145828247
183.00929975509644
205.8756947517395
256.7458577156067
249.02072048187256
483.7850742340088
53.01674418896437
75.74481493234634
37.46547906473279
344.89068508148193
229.49052000045776
267.79267024993896
225.45751571655273
189.62876546382904
48.44102171063423
203.0163118839264
299.71643137931824
65.74009507894516
82.23990447074175
96.03044801950455
311.6252145767212
198.11200046539307
67.44033957179636
42.481848027557135
384.8972644805908
104.63078624010086
89.04949009418488
52.93849969655275
211.89399337768555
145.39240062236786
152.27521467208862
400.62085819244385
163.52140951156616
263.74445486068726
58.14190535247326
273.23066449165344
61.86299601197243
63.74696693569422
261.6281085014343
52.70286650955677
98.19456718116999
274.6681122779846
39.046716287732124
50.88664001226425
74.21735417842865
114.10062998533249
390.13120460510254
106.5349592268467
40.47346955910325
489.4345016479492
320.0034637451172
285.0704617500305
181.10848665237427
46.14622387290001
137.24976295232773
138.72011774778366
146.67803072929382
195.30638122558594
93.53883174061775
53.07438995689154
302.9638214111328
257.17330265045166
297.0295081138611
62.97544005513191
326.6157560348511
349.9739866256714
45.97325862944126
75.49768878519535
78.45367282629013
70.76182118058205
70.12027522921562
229.8602900505066
366.0364646911621
238.1718418598175
118.57196354866028
53.91672308743
393.1832036972046
161.50935649871826
90.74647451937199
256.86770248413086
197.76184153556824
230.95249557495117
317.2867126464844
145.0422604084015
119.11099326610565
366.74175453186035
77.57619751989841
65.633613884449
413.32374572753906
307.02668619155884
267.2845244407654
196.8329598903656
229.1060347557068
212.34405040740967
59.95598703622818
255.0508794784546
61.67256981134415
320.7433533668518
231.9717288017273
151.2070541381836
325.1289939880371
170.69092512130737
265.49601793289185
180.01782989501953
77.08845210075378
96.72643435001373
75.45586524903774
192.5990662574768
90.48710179328918
115.78757530450821
342.7361354827881
231.74248552322388
366.7408752441406
384.62904262542725
408.9687957763672
290.39708709716797
77.89980319142342
259.60709142684937
293.08704900741577
269.24064683914185
183.17468309402466
205.49419736862183
105.31143242120743
65.81674093008041
78.88693473488092
389.1062135696411
84.0721684396267
58.27838811278343
104.47978270053864
209.12123775482178
335.2353129386902
77.02956867218018
163.1364712715149
286.31171894073486
77.36900240182877
92.33227777481079
361.72130584716797
326.5359687805176
169.4529435634613
337.2801923751831
46.25750333070755
61.67256981134415
194.6180648803711
39.57149283401668
270.34632396698
41.486607637256384
270.6590394973755
266.78373765945435
85.5817638412118
204.97869110107422
119.53070855140686
209.9659423828125
34.154579816386104
80.12663884460926
231.64701509475708
161.50079870224
46.081134367734194
333.752977848053
326.3801565170288
37.855646308511496
56.191130965948105
24.11443061940372
69.2165300399065
254.25171089172363
33.85626485198736
25.38521213643253
60.36385956406593
137.0114597082138
80.12663884460926
57.91506864130497
42.51889073103666
84.60691753402352
343.42153882980347
282.64949893951416
39.66850130818784
183.73907053470612
85.5817638412118
200.7397620677948
80.36634144186974
230.73655128479004
38.338163286447525
157.69921350479126
85.5817638412118
248.43564414978027
38.23185682296753
300.45265340805054
111.31104183197021
123.2761914730072
37.07083268649876
80.12663884460926
249.1315426826477
80.12663884460926
256.6336479187012
27.41222846880555
37.121011291630566
39.26322404295206
34.204425010830164
285.2267322540283
108.933926820755
25.150676810648292
30.886326442472637
223.9111566543579
31.13059263676405
264.0479278564453
301.4880838394165
272.90854358673096
73.64185121655464
114.9894488453865
58.89728470146656
251.4656467437744
44.93499348312616
292.031400680542
264.0698022842407
41.28779795765877
28.286721512675285
139.71550452709198
309.3668131828308
24.414560868171975
249.00358819961548
20.87918066920247
27.596784790977836
338.81185722351074
34.12133185379207
149.22289276123047
142.7409552335739
44.93365875631571
24.07539572904352
35.67937193083344
191.70232152938843
36.438952285796404
41.3235679268837
32.32634586468339
130.63022708892822
219.76023817062378
157.4492664784193
22.6750854132697
21.901630625128746
27.143322005867958
20.05581146106124
214.6021466255188
38.870864763855934
25.36959007754922
33.4574452904053
19.229591626673937
254.51293087005615
37.59347975999117
23.168882628902793
249.01790952682495
20.971797830425203
257.66981267929077
353.37489080429077
42.11452992260456
191.82289361953735
31.21651232149452
27.8761480525136
44.50137623841874
211.771324634552
71.97331789135933
20.750681329518557
23.075606994330883
37.1148594468832
239.0407919883728
161.09391236305237
292.4135389328003
306.3858871459961
44.65135169029236
356.540433883667
188.68009269237518
264.86474609375
44.86195441056043
260.3629250526428
20.734630232676864
31.467258252203465
138.4162553548813
171.62411069869995
145.4688708782196
109.10377669334412
270.0803246498108
195.861554145813
44.7566288812086
269.53598833084106
18.623572351410985
27.034611325711012
170.87210249900818
347.2336769104004
199.3615231513977
197.42468118667603
251.55339431762695
30.226448812987655
226.29906463623047
241.3992644548416
18.71885670721531
47.25492799282074
50.90438359975815
32.958765149116516
21.350011920556426
70.46483781933784
254.62080764770508
53.82320103049278
302.34446144104004
209.16022861003876
116.28748226165771
66.76914965361357
30.754004582762718
45.60952174663544
22.740907564759254
21.83012994006276
25.06412054039538
81.12053227424622
37.14622796326876
38.9861019551754
32.769483318552375
15.505035837180912
22.085108864936046
202.94422674179077
20.125543953850865
20.06670121103525
21.172355145215988
28.477558203972876
15.216075748205185
103.4198325574398
27.748938215896487
149.2443232536316
340.2978181838989
133.60454332828522
51.81471899151802
20.199342496693134
23.074119502678514
22.4913345053792
131.70349717140198
15.321207356639206
35.686192993074656
21.804742384701967
21.14103033579886
24.83292263466865
12.018538315431215
46.72984644398093
19.15639599226415
161.37469959259033
77.80217757821083
274.17332887649536
20.455488136969507
310.2508120536804
114.08158475160599
11.892903068568558
387.7006731033325
18.329447242431343
207.97075867652893
154.5426857471466
69.31905418634415
17.799166658893228
18.721348912920803
202.98075532913208
354.0764756202698
20.331125669181347
134.13485622406006
20.88408985361457
189.71005773544312
457.9471321105957
23.408025497570634
21.588218042626977
208.17435884475708
19.15639599226415
18.40621277410537
17.505675612948835
20.170885647647083
316.4801526069641
20.727403421886265
17.61810931004584
22.318418566137552
282.98071098327637
72.86577096581459
287.3964295387268
35.41556893102825
350.3686261177063
61.45529648475349
30.410683814436197
23.16493135690689
20.655896560288966
154.40901899337769
20.727403421886265
210.12938690185547
16.49480665102601
19.218321130611002
14.641394570935518
19.719407292082906
20.957944430410862
181.27423906326294
16.6996760237962
181.05553150177002
27.20314966957085
336.6308403015137
32.528824023902416
23.248198870569468
312.6150794029236
205.07535219192505
214.28459525108337
20.441302996128798
191.26488399505615
67.06352631747723
374.48592948913574
268.9262661933899
305.8534278869629
21.5616015214473
15.679146323353052
20.31363832950592
24.13383775949478
247.89851427078247
95.20622372627258
151.5525758266449
27.43904202617705
20.22032256051898
244.9320683479309
167.8800220489502
31.08484559133649
261.1330633163452
120.25408887863159
66.99076548218727
51.214189041405916
263.9982557296753
76.94575042277575
351.5349636077881
258.31023502349854
105.06369587779045
215.85534143447876
41.20727234520018
78.55663398653269
222.7763466835022
104.65229250118136
198.75290942192078
46.25191378034651
68.9658930003643
51.94743747264147
346.4320755004883
119.04376113414764
367.13641929626465
90.91106520593166
322.6619381904602
212.32659244537354
105.90921466238797
269.96161222457886
57.819089375436306
37.58967979392037
46.60612907074392
308.63467931747437
122.6870778799057
200.67438387870789
95.55963209271431
52.13853920996189
81.42795139551163
40.273928792215884
264.008517742157
52.30869524925947
62.96923268958926
90.13285479694605
60.03442997857928
51.77737805247307
59.84949595108628
75.33012460172176
156.0764217376709
242.73292636871338
130.85265159606934
37.96881352737546
311.5292797088623
35.10049483878538
157.7846645116806
101.77639821916819
40.92586256470531
182.14866709709167
148.74565172195435
41.692998302169144
306.41236877441406
224.38544178009033
52.75220984406769
47.716382425278425
338.9326753616333
42.8223511306569
87.01418173313141
51.21604983508587
117.47931295633316
37.042526230216026
265.69794750213623
110.97181107848883
63.29617775976658
157.61986541748047
46.810473911464214
51.317804732359946
79.2339224666357
311.2082681655884
57.67793479561806
431.50178241729736
230.9478371143341
121.11256708577275
88.56662958860397
132.96331918239594
51.288261990994215
93.35423403978348
42.532129663042724
55.72771315276623
57.04417011141777
167.01796925067902
65.84371445514262
109.14135330915451
451.3277521133423
74.78767251316458
83.39714348316193
97.46015214920044
65.68439934402704
193.01943135261536
427.9645471572876
70.16153919696808
93.77371637523174
86.85553060472012
60.184881050139666
73.7525524944067
79.1796747148037
294.61013650894165
81.34625868499279
314.613299369812
134.67815309762955
71.3435035943985
117.67167375981808
67.55343689396977
313.90112924575806
69.9908606261015
70.56848078966141
214.4547529220581
276.9841613769531
77.58483427762985
102.3316787481308
282.4706768989563
304.32997465133667
214.57335448265076
94.43529061973095
157.69991278648376
195.56373977661133
56.149442844092846
162.7737534046173
79.12515760958195
219.4955940246582
106.82168461382389
286.26863288879395
322.1695318222046
114.30868119001389
106.31180238723755
61.908534940332174
113.97505277395248
217.98525714874268
320.9377679824829
290.1592059135437
255.33165884017944
113.64872413873672
97.7227459102869
81.58409717679024
81.80891181528568
335.5117073059082
196.2139276266098
159.9644317626953
84.22339123487473
220.41346645355225
311.5586347579956
244.0480499267578
133.8418060541153
92.11124664545059
68.49552264809608
264.5614471435547
93.00932148098946
114.45482239872217
65.22340251505375
378.61824131011963
67.81997685134411
209.95201182365417
394.6410827636719
210.50159406661987
399.98343229293823
303.1431121826172
307.737096786499
241.84729599952698
256.1339168548584
26.71605038223788
32.51919454149902
268.96246576309204
25.45716453937348
25.63160476181656
47.177628512494266
26.670983664691448
43.19592855870724
35.096501402556896
60.37962692975998
65.22925794124603
331.9465980529785
36.265397764742374
24.22741152625531
19.184818728710525
38.48601692169905
178.4353404045105
40.889520175755024
32.82024975633249
222.93221044540405
28.268809370696545
26.805783795192838
45.14249160978943
268.09425020217896
192.3676836490631
22.032934088259935
352.0187888145447
70.54914599657059
28.053222366143018
59.43056692183018
34.69333924725652
167.80204606056213
30.482958594337106
259.2155284881592
32.26972511596978
146.40208768844604
187.43869733810425
67.29996705055237
202.1926064491272
216.60246086120605
388.1927137374878
242.03735494613647
252.10543394088745
39.981575820595026
225.14306831359863
246.24399089813232
161.99307513237
34.78035270795226
84.59968531131744
21.449111382011324
16.32926644186955
54.500143349170685
220.1837797164917
242.09125995635986
22.504947556182742
22.852877540397458
27.452673725783825
63.10679489374161
25.16368966177106
18.749099244829267
59.39721441268921
27.457067371346056
48.55309009552002
23.344754358753562
32.95312362164259
25.437843637075275
23.01466632820666
193.6084213256836
35.51075382716954
46.049634888768196
176.29651081562042
45.39043563604355
305.57041692733765
61.7124577909708
272.9624271392822
42.46800517849624
416.46196937561035
33.096970453858376
39.12227580882609
27.23805044591427
28.439766600728035
147.93506109714508
162.82353854179382
26.0722001590766
188.9187614917755
36.20056905038655
241.0968279838562
23.611174722667783
30.78836976364255
275.0089349746704
340.74378490448
74.67478337883949
137.95687341690063
348.60699367523193
32.36413455568254
273.7701344490051
235.47238397598267
29.341373547911644
236.21155071258545
69.98998880386353
28.051825180649757
28.11605252372101
115.67558974027634
301.7342929840088
330.6167516708374
189.70506978034973
144.40732097625732
286.17392349243164
271.4291410446167
250.3771357536316
29.8617581888102
285.5261421203613
29.33859721571207
93.19729426503181
38.37825597450137
56.0135722309351
45.55950213968754
45.65424349159002
39.54544907808304
135.32875978946686
37.965043941512704
35.98018733970821
174.18197917938232
205.9498267173767
280.16309213638306
24.848039127886295
320.6219816207886
33.585170173086226
282.27315521240234
42.09111401531845
74.85832592844963
266.3940854072571
180.31294202804565
33.03180090524256
36.02940872311592
219.02090072631836
25.848029745509848
56.58675257861614
320.3196773529053
140.57240200042725
29.597025000490248
25.56849243870238
31.28952480852604
244.05232858657837
218.20093727111816
241.7581696510315
31.71712659858167
154.37139797210693
284.68012285232544
32.36413455568254
56.23574987053871
43.47404791042209
27.586007717996836
23.803028421942145
47.51242971420288
34.514190371497534
264.30209398269653
29.325863383710384
86.13754200935364
78.91564203798771
26.925543799996376
26.22244232520461
44.273648995906115
209.0872552394867
44.02520929276943
33.13838743977249
197.7259714603424
349.7778511047363
33.4652493186295
26.96022431179881
163.14551877975464
339.7577700614929
91.97756892442703
200.75609850883484
82.5367681235075
136.35350894927979
109.86742945760489
136.17578554153442
156.62143445014954
118.09827554225922
292.6559724807739
145.5251737833023
364.55047130584717
204.87224054336548
225.9489598274231
33.99423651397228
195.6998963356018
73.71932637691498
63.970108572393656
46.866986110806465
213.47475385665894
250.69184017181396
270.6071791648865
260.62708139419556
269.54220485687256
48.11814745515585
307.8992829322815
43.21591165475547
60.78284704685211
173.84768390655518
174.64400839805603
240.09579801559448
255.71777868270874
44.97824284620583
323.6602506637573
223.25566959381104
80.55386938154697
141.0161782503128
290.82113122940063
429.3172559738159
57.87505942583084
108.17791318893433
164.66890954971313
340.59006786346436
148.56805860996246
186.0323576927185
63.020252897404134
139.77497148513794
186.77321338653564
336.21259689331055
209.98673582077026
274.205894947052
120.32536163926125
59.745771676301956
108.36653059720993
35.30170881538652
47.37397177051753
337.34642219543457
308.83922052383423
361.63060569763184
95.87059852480888
255.2313747406006
209.6440074443817
274.1614236831665
91.52626442722976
37.32574279792607
63.34275422990322
102.948914706707
249.05009603500366
69.76346032321453
155.4434425830841
160.98635911941528
237.2547788619995
55.99816453456879
72.38507381081581
253.997727394104
43.910998658277094
97.53366839885712
364.55974292755127
234.24698543548584
358.9426546096802
88.65233767032623
33.971250128000975
69.7286183447577
204.99786257743835
96.29042153060436
190.19831085205078
377.5684118270874
173.27635070681572
252.13624954223633
219.083393573761
357.9618721008301
214.34299516677856
65.39962810277939
46.49345921725035
56.449708465486765
277.6320290565491
232.4731583595276
117.34803342819214
41.31180143356323
174.4756464958191
139.99843740463257
32.00028570741415
200.38954210281372
80.51546430587769
289.5596709251404
215.84550523757935
16.20352496393025
18.412802135571837
29.656119998544455
48.2064593732357
269.5999436378479
188.5697546005249
31.41706609725952
226.14451789855957
291.35499238967896
26.432590328156948
109.51663565635681
17.424150676699355
303.66593885421753
300.6537971496582
13.235119016841054
66.20093168318272
112.57932305335999
286.1333374977112
39.73680417984724
17.36487881047651
19.15905411867425
32.581746980547905
138.9292333126068
230.21168851852417
246.08180046081543
18.447670804336667
15.794567400589585
17.132631862536073
18.990795127581805
24.07452690601349
182.96635270118713
27.027386873960495
17.259530706331134
12.283903342089616
255.7395191192627
84.7639177441597
11.890052084228955
19.596956526860595
34.60516715049744
37.43901416659355
33.91246749460697
176.95095252990723
46.79732957482338
20.530481658875942
167.8227162361145
64.18204773962498
17.642009048257023
80.30228024721146
495.299503326416
19.638120302930474
19.015974040143192
17.57081060949713
15.846207050606608
317.4566111564636
184.46751141548157
32.664477311074734
17.297124578617513
216.52468490600586
20.554482609033585
175.41095876693726
28.606387874577194
49.016330659389496
21.19817104935646
18.48976213298738
18.51773477345705
15.508768919389695
35.382877841591835
17.88239284977317
250.58210039138794
14.787195452488959
169.55926394462585
57.678769409656525
28.879468739032745
303.1782937049866
16.064505709335208
201.68579959869385
29.091963782906532
15.398149306303822
27.75893108546734
290.02666425704956
30.8483167886734
271.6615047454834
272.443163394928
273.10876846313477
178.5020294189453
125.03915300965309
110.2126345038414
322.2219696044922
94.53158690594137
157.5701915025711
207.53619426488876
216.6111249923706
329.4233064651489
85.50867813825607
315.5167455673218
270.62389373779297
260.31255197525024
101.06853267550468
90.08613258600235
141.51332366466522
185.6925709247589
211.1528124809265
139.37141335010529
190.04471099376678
70.13873276673257
144.07444393634796
84.41100758314133
118.19638955593109
170.9248445034027
133.55078387260437
112.6732804775238
379.2201232910156
67.4848824031651
196.00141310691833
99.81771767511964
208.04222989082336
331.03093814849854
