200.53792238235474
14.826300598680973
199.572683095932
17.372295692563057
76.0876073166728
117.64321780204773
14.125400374643505
96.69048926234245
224.79898738861084
123.969239205122
33.482840463519096
239.18139600753784
11.399901237338781
180.36056971549988
295.6774821281433
63.74915385246277
98.22106409072876
8.708785363472998
177.84162271022797
280.9873013496399
163.8951234817505
236.17482376098633
141.52369332313538
7.692779648583382
6.047818466788158
9.017399755772203
14.521175488829613
260.98706817626953
8.738463462330401
233.74480962753296
130.47581589221954
120.88606357574463
323.9314365386963
71.66473603248596
6.232096444815397
26.04220360517502
9.852184121496975
80.26745218038559
120.48512673377991
68.09400987625122
16.22112302482128
132.3298101425171
137.09404706954956
115.7771075963974
54.67309355735779
165.73446607589722
199.05001974105835
222.09738063812256
139.12623912096024
9.201205438002944
14.91846451163292
300.3874616622925
180.0692639350891
101.04919922351837
12.499029789119959
255.0030279159546
16.55711699835956
208.37713527679443
91.6436836719513
54.71715638041496
10.915973480790854
177.76532697677612
25.24466383829713
241.97677326202393
245.1941900253296
13.657203720882535
69.01599287986755
15.557731419801712
151.8360879421234
107.92542862892151
284.40648794174194
139.75043535232544
126.56221973896027
296.3505115509033
15.10891742631793
181.32775044441223
113.84334623813629
235.69643878936768
121.64448869228363
17.083981096744537
36.74980711936951
114.37961530685425
5.128495010838378
8.353432474657893
16.68232049793005
12.095425255596638
101.1982774734497
241.83387422561646
29.474050011485815
8.285715347155929
323.30917263031006
124.37490820884705
75.21914219856262
75.80470275878906
283.1428952217102
247.01550149917603
247.65544843673706
54.14958631619811
56.461466401815414
200.0049238204956
204.97810888290405
220.2891664505005
295.16942024230957
354.87577724456787
307.11779975891113
183.73315238952637
62.762973725795746
28.602684115990996
164.11475920677185
35.62256291881204
22.787319090217352
217.719172000885
23.935407251119614
211.31785583496094
189.6308310031891
319.18172693252563
288.86595582962036
66.05005270242691
50.32891297340393
271.48783254623413
209.26578569412231
114.40407919883728
214.54052448272705
64.6369298696518
41.14782416075468
34.86556010786444
186.843847990036
255.55194234848022
45.97325596213341
186.5763704776764
31.526291497051716
51.43379805982113
47.079026594758034
216.2836627960205
291.19954919815063
76.97328788042068
18.60066583752632
232.75540733337402
221.16623497009277
92.4058587551117
72.18485876917839
45.89581702277064
233.74941873550415
347.8456892967224
215.28981137275696
84.45277750492096
146.2803361415863
58.11448746919632
181.93723320960999
258.6912841796875
221.5681004524231
257.175555229187
72.78957748413086
108.72476828098297
297.9936146736145
304.1727614402771
91.18696895241737
146.61549377441406
207.4305920600891
230.54110860824585
41.54396666586399
87.65086853504181
341.06285429000854
206.78752374649048
282.3451957702637
103.73341155052185
99.80882203578949
165.8605659008026
367.89482498168945
25.57914255745709
260.11544704437256
22.647287352010608
41.87866806983948
303.12429094314575
146.58107995986938
35.3767811357975
321.7180185317993
339.8012628555298
443.4603090286255
236.16864681243896
218.15307426452637
60.427260756492615
395.1010913848877
145.7806589603424
126.51622676849365
5.775534199899994
233.1216368675232
86.20115154981613
252.072660446167
320.79494285583496
247.88263940811157
131.8054417669773
150.0290253162384
10.126100029068766
6.703415235540888
257.4429678916931
6.383077940165094
242.716703414917
197.52514100074768
8.438235678768251
147.75429463386536
223.7192018032074
117.59017470479012
219.82723093032837
7.615176327402878
230.5763521194458
172.69001147150993
307.4995732307434
168.5137825012207
7.848884271894349
131.00031852722168
11.806063960655592
145.90735173225403
116.33984780311584
23.8120796373114
24.670948285609484
230.78482258319855
169.1785056591034
11.111329424369615
246.121440410614
8.162490240538318
87.09374004602432
142.99162304401398
278.137601852417
62.61061915755272
116.47612750530243
8.447656325472053
96.75196504592896
117.68704831600189
13.728832928696647
10.593758434406482
10.185964863092522
5.794356302614574
244.0345869064331
249.52555799484253
140.34795796871185
288.2414050102234
244.77503156661987
287.2319474220276
64.62475987896323
281.0400400161743
145.2268797159195
6.8368609231974915
189.9224829673767
21.001808296889067
223.6445803642273
7.192175250092987
132.49616223573685
168.24183881282806
97.09619271755219
12.498899205354974
89.60743361711502
192.9043915271759
168.0040864944458
8.701212889631279
57.760916672647
158.19307124614716
169.93420946598053
67.83152890205383
11.35459379805252
4.788696907627582
12.90039375051856
199.69965863227844
255.88831901550293
110.8167815208435
103.68852654099464
282.02922677993774
7.964668486791197
129.54024982452393
302.54995918273926
114.50760486721992
300.94470262527466
275.7291102409363
6.306975327276632
191.85159826278687
258.09920501708984
389.20151805877686
277.52925634384155
172.37781763076782
234.63739728927612
302.1880145072937
182.55615234375
8.148390318732709
8.983025437803008
272.87685537338257
148.36444330215454
8.013825573958457
162.8048655986786
4.311177935771411
8.681084286421537
302.8880500793457
198.34303736686707
101.88935476541519
342.38668394088745
140.4850149154663
99.35226237773895
179.527024269104
40.44489414989948
116.31387376785278
176.68954825401306
185.37575232982635
133.27562189102173
184.71545696258545
213.32015681266785
283.8240556716919
21.803374022245407
107.63947749137878
7.001522092148662
202.31251978874207
22.163320641964674
244.16403150558472
52.63970398902893
192.8603383898735
297.94617795944214
50.92282843589783
10.638584797270596
204.24156379699707
11.747939141467214
150.29378962516785
208.7963535785675
74.18250727653503
250.93073320388794
186.81898546218872
8.129875523038208
120.30360996723175
65.22806090116501
7.461631569894962
13.651295465766452
319.028404712677
261.8760461807251
183.89496862888336
5.884369916035212
12.68539693346247
8.097154685296118
210.3545732498169
158.59238383173943
390.6890540122986
11.633034517988563
89.4092966914177
400.6025266647339
5.884369916035212
35.299799695611
295.9672713279724
7.5848060217686
252.86170101165771
49.165080577135086
269.17947721481323
301.00104665756226
14.49402766674757
114.92085668444633
153.87743830680847
165.78817629814148
67.72603246569633
118.15669205784798
11.162742129061371
194.41382837295532
40.422678112983704
81.80688506364822
12.261946118436754
252.2709197998047
3.7283616617169173
151.54452216625214
22.07002549309982
169.87998056411743
83.02336144447327
12.874730432406068
5.394199637696147
285.5537748336792
5.884369916035212
114.65764796733856
169.2436636686325
150.01821357011795
113.67511057853699
198.0886378288269
264.6530475616455
24.208117332309484
71.0192494392395
185.77769088745117
259.6950454711914
6.28015067987144
171.58888816833496
7.888728913385421
209.6166136264801
8.964340902282856
117.66042900085449
10.729667644161964
271.38845443725586
35.05141724413261
5.598823938431451
152.40440607070923
13.017964297469007
5.230130912718323
186.06615495681763
10.516192774055526
66.28531885147095
149.83871960639954
291.1721820831299
306.89075088500977
8.00469531589988
616.3346199989319
208.85304069519043
25.791364692151546
15.068716284818947
14.584031195088755
7.612724315862579
6.606924318708479
236.82594394683838
60.72858742251992
16.754484737524763
91.92291316390038
250.52778482437134
60.21971330046654
8.704440362460446
233.81630992889404
37.54361853118462
163.13225483894348
191.5438313484192
258.2886366844177
131.00809454917908
55.92274561524391
36.01542239636183
284.3780403137207
220.03900241851807
297.0005578994751
250.43781232833862
200.94224953651428
6.435387571247702
7.8050926378928125
49.37025625631213
185.42429375648499
111.67263281345367
45.57513503730297
169.93726325035095
68.03205096721649
11.918470380827785
6.660943075956311
6.62782908025838
115.6604334115982
28.073616279289126
4.7832343371756
20.23463965859264
148.09960067272186
41.8316304795444
328.0671796798706
199.05528926849365
191.6978726387024
211.13243675231934
24.56650640303269
37.91889706812799
4.17790611893497
39.97409953549504
180.75904512405396
178.1957769393921
15.323563265381381
8.105711780954152
270.4342131614685
361.8010358810425
97.69432154297829
68.74767476320267
3.642330693166514
29.192614623811096
14.002756793459412
26.557792675681412
101.65147556364536
254.822416305542
279.4419894218445
141.5493528842926
44.008436041884124
14.953771480009891
308.29748916625977
226.6863558292389
36.79874454437231
270.62477254867554
166.4918167591095
194.63956499099731
217.47932720184326
288.64399814605713
324.0209426879883
375.276330947876
269.43220472335815
11.690214233472943
210.15750885009766
142.55104131996632
7.8504922243696456
155.22041487693787
370.9541358947754
124.74169823527336
67.09861404821277
288.60725355148315
299.5290513038635
6.952431908575818
57.337530452758074
5.725892233342165
19.26570986956358
36.17587396502495
10.289475280791521
6.2690962485503405
159.0790581703186
15.067944757640362
15.745194809511304
308.90804719924927
16.63656739797443
154.77029716968536
211.74625635147095
10.289475280791521
305.5064129829407
133.8913550376892
5.051156999536033
325.5805330276489
173.82778668403625
300.74301385879517
93.29718768596649
20.692363619804382
280.9748430252075
133.07532715797424
112.48391434550285
108.89359378814697
52.96971940994263
172.99219942092896
10.289475280791521
139.23025012016296
95.90217134356499
164.19239616394043
76.7592162489891
8.38010352384299
272.79006338119507
6.351024034054717
199.10417795181274
7.081785765476525
152.40893006324768
43.11138241365552
70.61832249164581
109.01665127277374
125.38645482063293
194.1732940673828
6.082533469423652
166.65978407859802
11.875038489699364
19.26570986956358
34.098012026399374
288.6566185951233
7.8963777506724
11.679191295101191
289.9852132797241
101.28663149103522
6.765399481286295
5.187265923479572
60.77430658042431
7.174381485208869
6.30646001920104
193.49573230743408
178.24285101890564
295.8560628890991
5.2290351029951125
270.4383053779602
78.95297747850418
189.40639734268188
58.63432313501835
11.636135638691485
8.945691589266062
171.21236872673035
88.58849382400513
79.99383853375912
9.296680366620421
386.4354763031006
9.731869833543897
286.63128089904785
7.536691122222692
199.61557269096375
7.469012426678091
105.13251447677612
112.39810526371002
100.53594207763672
9.033303063362837
198.8564748764038
122.38392567634583
16.696301128715277
338.0383105278015
5.187265923479572
14.21878176741302
91.14754045754671
5.348074566194555
9.197024908848107
374.3286919593811
122.23034608364105
93.60102805495262
8.742003560590092
97.78743562102318
3.992437855409662
3.7939103877870366
142.7949938774109
163.6182825565338
291.1164116859436
88.88021144270897
4.186489423620515
136.75860261917114
170.37832874059677
3.549233135257964
3.9559321892811568
4.606437439084402
231.11174821853638
3.365608415042516
272.79094314575195
128.6483099758625
112.92096328735352
46.98035068809986
3.232969404445612
211.2598259449005
111.80611741542816
46.34923979640007
4.186489423620515
3.536710971056891
5.52304331557707
159.26755607128143
131.04856538772583
180.8539161682129
4.247384670525207
7.236446332710329
45.893156707286835
31.098095225635916
3.10871496171967
258.680118560791
223.54229354858398
113.80445693433285
3.0132368283666437
106.93671894073486
4.956141456961632
30.275463558733463
7.499909230391495
302.0757350921631
3.906280347793654
12.494205553084612
108.08710715919733
116.03123259544373
180.49987697601318
83.05356676876545
2.305326456502371
8.019147690036334
93.26450018584728
74.0691120326519
87.01669633388519
5.038906010653591
369.0417938232422
3.342739933228586
186.076069355011
64.55106979608536
2.921733535535168
3.5222509807208553
24.37806940334849
171.3855323791504
209.7676284313202
66.93129514157772
89.7051922082901
62.52079430222511
177.14368557929993
198.39634919166565
14.265040344092995
101.1744413971901
264.92501163482666
120.745680809021
76.24985373020172
6.5536999308969826
116.11732679605484
80.85883581638336
52.166192112490535
96.50716271996498
5.147959346999414
71.79509681090713
121.90101885795593
4.674216166698898
285.64285373687744
104.53275001049042
135.0018813610077
7.214594183955342
5.579398326779483
88.09588324278593
9.368511208798736
112.75902932882309
196.96442675590515
175.65009951591492
49.802322536706924
285.0179834365845
249.14312744140625
6.927623383235186
17.45772747695446
4.326721035235096
110.67892956733704
4.053853256278671
224.75316548347473
192.91843223571777
273.705934047699
9.222744170110673
9.936484899371862
178.10168981552124
133.65642076730728
129.41242837905884
7.604832662269473
12.746797375380993
395.5341672897339
4.5874411659897305
306.24960947036743
300.63833236694336
192.98147058486938
6.766517746262252
82.29774343967438
266.6093416213989
18.11686657834798
4.589666614541784
102.24639463424683
165.05442762374878
290.2257776260376
154.5434923171997
267.66030406951904
10.174384323880076
256.6376748085022
215.53663682937622
145.5095921754837
166.9691174030304
249.36466217041016
66.67582488059998
86.18080392479897
136.63293862342834
126.43982601165771
313.98279333114624
272.0022699832916
118.82648801803589
16.573684383183718
264.42091178894043
164.12362480163574
153.24389052391052
23.192955195903778
82.33131617307663
21.334606010466814
98.5505301952362
301.9863586425781
4.009754734259332
95.1325079202652
90.94568014144897
17.063441537320614
148.82368636131287
107.84445571899414
157.14954090118408
191.66966915130615
14.30416177585721
61.28247073292732
127.99528062343597
183.4829385280609
30.217293467372656
90.63183951377869
223.40423965454102
7.499788720393553
28.040917426347733
5.71153114689514
6.6512553305365145
172.20732593536377
178.30521178245544
177.9680666923523
286.637845993042
169.62636852264404
216.8014621734619
44.81924666464329
344.838830947876
171.93779230117798
6.041848455963191
201.23791122436523
233.52779388427734
267.6868453025818
194.79007291793823
308.9932312965393
7.604832662269473
187.2404544353485
377.6466155052185
14.877223828341812
24.287408996140584
273.567259311676
213.96888875961304
5.966662328588427
6.075916998204775
6.4374834559857845
200.04930591583252
20.16516492702067
183.30036091804504
4.678126783692278
85.03677821159363
116.06332230567932
138.30730676651
6.129460916155949
284.86570978164673
230.11835145950317
167.03946948051453
221.60930013656616
8.138526754220948
74.1926856637001
141.70497012138367
7.477126450743526
93.77072894573212
131.6583161354065
82.47909569740295
212.7604808807373
31.424900069832802
10.258386067289393
97.72109282016754
177.5792953968048
240.19707345962524
7.237090943846852
13.342713717371225
252.16281270980835
217.57177233695984
62.827361702919006
209.91230297088623
148.55119037628174
24.115692907013
98.80159494280815
136.03161764144897
11.721303727725171
10.866202048957348
32.932217836380005
66.3963118493557
6.948125036724377
79.3606790304184
179.3537721633911
260.20602798461914
31.157975167036057
247.84390449523926
139.50463342666626
215.40757751464844
9.17784693656722
10.152591210324317
332.58654403686523
146.81025648117065
82.20356875658035
111.0027015209198
231.37032222747803
94.92204165458679
107.212327003479
9.597144611179829
12.187863973900676
113.6457713842392
52.877640157938
23.97139246761799
220.33811283111572
11.185841128230095
6.419654908415396
395.3758592605591
19.55897392705083
174.38436770439148
268.83432054519653
6.609341213828884
13.744415475521237
19.381809011101723
174.05192255973816
206.9530167579651
72.4974792599678
239.34389114379883
359.7510757446289
64.7550762668252
183.61541485786438
187.65530824661255
101.88025617599487
364.85851860046387
12.629216910801915
7.996318377154239
322.2082767486572
7.83897716132924
317.1393451690674
12.192155050346628
116.5717978477478
13.560847498243675
11.584920215740567
8.071940144727705
236.03213453292847
193.3409309387207
191.16638374328613
186.96833658218384
9.673798900097609
249.75543546676636
8.753684248775244
101.72421351075172
273.14298248291016
61.92985217273235
57.74920400977135
108.64943391084671
51.1895279828459
165.89034247398376
120.4960275888443
56.93685254454613
295.65713024139404
18.34674595366232
15.191279200837016
186.67556190490723
319.35140466690063
212.19636130332947
17.92375505110249
16.754772905725986
47.00063097476959
39.51223732531071
233.21026802062988
327.6484098434448
42.62822964414954
191.50958395004272
190.92623555660248
55.474442817270756
96.44787126779556
30.607795879244804
299.90406703948975
321.55917978286743
14.400837919733021
271.2393093109131
250.46023321151733
273.3806719779968
225.20398664474487
29.937070891726762
19.06120085483417
48.545143293216825
85.54006082005799
200.10443925857544
302.30148458480835
36.42975966632366
37.78892643749714
114.7560903429985
48.920662589371204
197.36234617233276
32.49415750801563
125.94470432400703
104.21021914482117
78.55662739276886
71.4467358738184
22.504952102142852
271.07510900497437
45.19207306206226
314.10540866851807
384.9410605430603
219.68202304840088
44.67421744763851
42.40661224722862
199.79581761360168
93.84559163451195
115.52241963148117
79.13281136751175
29.09263770119287
324.0927872657776
300.8335509300232
178.2962327003479
55.28704991936684
21.058229238493368
228.95963859558105
14.764288945181761
32.96653167065233
37.24622638709843
54.759526167064905
100.84291402995586
79.78192186355591
106.8045825958252
252.39735651016235
209.76218175888062
257.11498045921326
397.12093019485474
88.01442265510559
73.63269390910864
140.8553056716919
204.65404200553894
59.14734569191933
340.96289348602295
234.2757396697998
343.3583617210388
66.32530522346497
111.93381927907467
112.81255406141281
201.0665545463562
70.65390902757645
310.86731576919556
54.94172232598066
281.7665591239929
352.63116359710693
90.78445988893509
59.61509092152119
8.525423924798815
9.045493753743358
15.161026522517204
426.7092390060425
82.3609070777893
9.74321486800909
31.755913216155022
73.82366566359997
34.99236909300089
152.94068735837936
7.995551462518051
337.39068603515625
320.52706146240234
8.537017009221017
7.009347173967399
136.2623664289713
57.95348099805415
9.03626021486707
165.05712795257568
6.938083736517001
5.665159092983231
194.3035056591034
82.3386822938919
67.47857949137688
40.31955727562308
8.408991605159827
181.88012409210205
14.645939594251104
20.438383108004928
6.341382406826597
7.405773404228967
231.12094163894653
281.87575578689575
213.43285751342773
150.75141321122646
285.87664270401
10.044639658881351
150.3692662715912
347.580753326416
115.17839246988297
12.41360635869205
128.02987796068192
277.56017780303955
190.1472825407982
294.99575185775757
71.67009788751602
11.185384236072423
225.85280895233154
219.29038071632385
73.40904586017132
10.526693200692534
257.0983176231384
73.71279978752136
213.41793775558472
18.783477436751127
6.556213591087726
8.984178066370077
54.42393183708191
133.8143067061901
16.641700625419617
62.99370235204697
245.9026792049408
269.18493938446045
99.10252268612385
195.11987781524658
351.6281018257141
295.79288482666016
83.26362117752433
112.01436251401901
219.0473382472992
14.267302568303421
31.977824085159227
6.735988363623619
111.67315149307251
6.805236809479538
8.124700879081502
330.7785472869873
231.99670028686523
72.38367432355881
359.7608709335327
52.644958317279816
79.31843340396881
82.80736753344536
286.99662923812866
357.21652841567993
67.80809116363525
222.2087903022766
14.284472064493457
432.6328182220459
24.933690071105957
80.73482120037079
33.84566902369261
141.61381351947784
128.02142184972763
7.870100401341915
263.5983600616455
112.50440406799316
6.517668437212706
262.5089907646179
176.76120138168335
7.445786990225315
6.203254539519548
153.76206755638123
97.02471202611923
122.38886213302612
8.22815602272749
69.89915013313293
234.3560700416565
73.66359236836433
155.53158926963806
142.56876254081726
17.757809549570084
223.3107328414917
6.344375753775239
72.98444719612598
43.90210148692131
6.381145518273115
136.37193846702576
99.52663227915764
4.263208484277129
36.90483510494232
5.183244861662388
5.212389126420021
91.90854623913765
85.27502596378326
7.30484402179718
122.64741158485413
232.08693027496338
6.949994497001171
11.235791264101863
11.768455792218447
189.46853590011597
162.9106559753418
102.09131586551666
58.51487147808075
77.29635548591614
330.0039825439453
317.37949991226196
125.06823194026947
278.08696031570435
58.68682425096631
237.06655740737915
63.02217594906688
6.985667886212468
213.49285697937012
48.135799407958984
9.032586142420769
142.78765678405762
63.7493949085474
108.41726279258728
65.72675216943026
5.8885363303124905
242.41449165344238
41.33211028575897
7.751236528158188
5.955359539017081
107.98953557014465
181.14973425865173
228.67770433425903
91.13366425037384
5.3141169818118215
7.661976240575314
7.323998861014843
7.354212760925293
6.589542638510466
55.79815814550966
99.16638541221619
124.17041563987732
59.26156599074602
217.40847826004028
5.3779962081462145
189.25190258026123
274.83261346817017
69.77527153491974
45.31327369995415
203.52315044403076
17.116612261161208
136.47136688232422
186.74441623687744
291.87606382369995
87.50691866874695
15.297007716726512
53.93782944697887
169.2041745185852
168.76911330223083
72.11343789100647
12.37485617841594
163.7225079536438
145.40959787368774
255.493999004364
56.91658818535507
310.6349549293518
12.744660868309438
104.17474973201752
13.963687893003225
98.23272553086281
107.75195536762476
129.96228158473969
83.39943081140518
277.691068649292
39.26069746632129
175.06641101837158
267.5859127044678
96.87495803833008
152.47293496131897
105.74505561590195
302.0888919830322
392.43714809417725
125.12719368934631
133.2039750814438
68.75298750400543
164.95572137832642
223.11479568481445
130.99968671798706
81.22258186340332
60.46448618173599
175.10413599014282
256.5642490386963
161.90277671813965
53.69644731283188
110.47962462902069
56.50577211007476
258.3477554321289
188.75053882598877
158.01181840896606
326.4898805618286
377.23555278778076
221.50396609306335
204.87361788749695
63.00350613705814
190.6395605802536
62.49382695555687
154.3992486000061
359.56117725372314
220.2324275970459
158.99076390266418
65.71836157143116
51.713284224271774
195.0114541053772
243.34742164611816
260.4192204475403
56.22807502746582
44.73133758828044
119.26341199874878
70.34313129633665
279.8013324737549
67.16517544351518
49.83789733052254
373.0682349205017
201.1523196697235
242.96392107009888
179.59150576591492
241.51735758781433
96.34848701953888
71.79347760975361
347.2460174560547
24.231969696003944
206.1422357559204
166.40124082565308
209.8855586051941
77.53563269041479
138.48227643966675
94.76442822813988
32.450647404417396
141.13051772117615
214.8497200012207
158.9655680656433
66.19481964409351
415.4437675476074
225.9273910522461
203.74832463264465
74.11256229877472
67.31471145153046
4.892406828701496
220.13387441635132
5.803078182041645
206.02141904830933
131.6740015745163
6.266256786882877
103.2574171423912
4.7792956715857144
79.96911743283272
92.90862776339054
8.249967676441884
4.377379901940003
48.54017984867096
61.37258585332893
84.92480544745922
4.663511757797096
128.28381395339966
61.5158868432045
83.02814710140228
246.34930229187012
6.607204556814395
91.94588226824999
9.509051420725882
7.320200805552304
225.13176703453064
67.6834599673748
64.30510371923447
286.77602434158325
6.708594276220538
8.12816538871266
43.470689833164215
188.0234875679016
48.22432507574558
262.3877716064453
102.64389145374298
54.899983145296574
6.5538250061217695
59.59410160779953
74.79848992824554
104.55397248268127
218.64681243896484
56.80871506035328
6.398163604666479
221.87353372573853
52.32545121014118
96.74407839775085
153.69678497314453
4.313562312699105
447.1612243652344
105.00134634971619
9.589973341906443
245.32922315597534
5.434290426113876
7.198630176309962
411.6330394744873
89.87276855111122
294.13852548599243
72.8704164326191
6.518786116503179
183.4974639415741
156.39034467935562
255.42125272750854
181.49639415740967
309.0654320716858
4.943071810223046
54.14805257320404
5.101363640482305
184.2791862487793
6.111266836669529
8.739706673542969
289.34994173049927
7.591026178561151
190.86245226860046
172.26256132125854
244.50674724578857
6.147210373193957
135.05569398403168
15.383704502135515
90.06690107658505
5.512130630901083
7.903644091798924
215.08007764816284
236.38000059127808
46.35669320821762
30.07801494980231
113.98573589324951
9.125560292508453
129.15976858139038
6.133304824645165
84.57332143187523
471.2938184738159
150.49240112304688
19.320026010274887
156.2783386707306
107.48068404197693
106.97933158278465
90.69957339763641
81.49796152114868
18.00788313895464
428.14612197875977
98.15483391284943
214.0279884338379
186.75821137428284
182.19625234603882
24.457829244434834
37.286137744784355
88.79397237300873
165.32788252830505
193.16760349273682
24.58262299001217
99.62002086639404
53.227753937244415
143.9131679534912
200.60002183914185
155.44191336631775
30.555510457605124
194.87829613685608
20.360474437475204
143.6660080254078
15.26203167438507
37.286137744784355
26.990355579182506
273.5139350891113
255.4349160194397
253.47683477401733
65.3804095685482
27.8312615044415
19.631324184127152
54.59931790828705
127.00818395614624
228.89267086982727
240.578706741333
175.9972746372223
142.0484254360199
44.35754604637623
189.81450510025024
236.38915824890137
142.05781137943268
203.39343094825745
341.9726104736328
16.44135662075132
44.792281210422516
70.19412648677826
229.40181183815002
138.64723312854767
88.38805741071701
101.95322766900063
311.0206799507141
14.62702573556453
89.79971092939377
198.25261616706848
156.25785958766937
21.61114607565105
178.7456123828888
256.47282457351685
99.47663867473602
129.6233566403389
10.586050369311124
11.851286106742918
74.95967580378056
168.68150854110718
58.889339834451675
109.3619060665369
355.810754776001
11.220104653388262
140.16367149353027
176.44459772109985
14.310464882757515
230.13326406478882
242.69456148147583
122.02986812591553
157.86732530593872
98.7430784702301
23.655624901875854
85.22107219696045
45.811741292476654
31.355423592031002
135.93655598163605
272.95284032821655
179.5833500623703
185.22554445266724
270.6086869239807
29.319369222968817
22.53931450471282
236.20366144180298
251.3945813179016
233.13167095184326
181.8465517759323
94.13095861673355
137.97191643714905
137.99557900428772
71.77084540575743
80.76716770976782
20.022709484677762
284.48751974105835
246.87304782867432
272.9824342727661
76.00307583808899
110.61340695619583
83.68670791387558
69.56042546033859
230.08141899108887
49.85973793268204
186.79402256011963
177.18983054161072
173.537437915802
36.3636923097074
97.83445152640343
29.05195142328739
29.600310657173395
272.18949460983276
193.68492937088013
43.993030562996864
40.66092652082443
178.8832335472107
107.87025779485703
21.084094386547804
123.35881614685059
128.87394160032272
169.26309657096863
278.37382555007935
39.702072432264686
314.1736273765564
23.54950931854546
168.176118850708
171.213392496109
49.66677951812744
54.74419096857309
201.24054765701294
147.17208552360535
17.130038467235863
80.40663200616837
84.40142658352852
181.91858530044556
149.8544762134552
333.0277032852173
100.34555813670158
195.3783597946167
146.944673538208
93.43822575360537
17.39102368056774
204.1330361366272
10.271145501043065
106.99507963657379
150.19019770622253
19.267918112454936
169.49453365802765
89.11831918358803
265.8914489746094
179.93853425979614
235.38713264465332
32.767442896962166
277.1033787727356
43.786268159747124
46.204047080129385
37.68245482817292
39.35378412064165
131.97640776634216
328.92101669311523
50.00030925124884
233.94151043891907
225.15734243392944
241.71394205093384
28.916347045451403
112.46404814720154
120.94393718242645
309.58369874954224
384.9115033149719
116.68846535682678
271.0345377922058
35.694678355008364
351.9458999633789
189.3533582687378
85.09814120829105
43.19907880574465
23.09955371171236
131.72824692726135
101.34882998466492
338.43003702163696
25.94324100576341
43.36685282364488
114.98181188106537
198.41516876220703
107.94345551729202
168.27251553535461
25.69415470585227
204.7410168647766
74.05427888035774
300.2505683898926
117.99906051158905
52.21588122844696
69.87994259595871
97.57424867153168
93.77872347831726
141.34465670585632
12.85674498975277
57.9081197604537
10.491601417888887
390.791250705719
140.73999720811844
137.55011582374573
81.43439877033234
90.59115332365036
205.14548587799072
233.61352682113647
7.387867223471403
6.5703916978091
103.74789917469025
8.371890590758994
104.19082772731781
42.359254121780396
3.622782304242719
169.4350128173828
22.596472799777985
18.05490393564105
4.709529936197214
6.327927600592375
2.1863105528336746
94.04066753387451
157.42166185379028
6.424015316180885
111.33923089504242
18.68422037176788
7.652180977165699
24.51032941415906
17.145473673939705
180.8270502090454
305.89741611480713
105.03085601329803
111.52360171079636
3.3751091328995244
209.99133443832397
56.26637129485607
238.7702875137329
183.83217120170593
136.53095746040344
6.085667640270913
69.8044048845768
158.42548060417175
217.5256118774414
68.16839542984962
7.172430293343496
7.530466567375697
347.3262300491333
126.11481964588165
6.394504421172314
5.738176139915595
5.763284626184031
78.43900310993195
2.999947072516079
220.2632098197937
102.02267277240753
4.300224005884957
247.77642917633057
10.239697601180524
11.491491706576198
12.636057843687013
237.03685426712036
5.481086880448856
6.4931428644340485
115.85446798801422
295.88295888900757
4.934467499144375
130.4366579055786
159.9383704662323
7.422722707502544
124.33589005470276
95.38473403453827
2.15522512132884
223.3654022216797
271.8080863952637
148.66849875450134
213.40197014808655
149.53046417236328
7.656486562278587
5.410416394472122
39.1964600533247
91.41723734140396
249.15253019332886
182.41619539260864
413.1163306236267
232.90488529205322
24.453460581600666
4.572912709524189
5.056594946891892
347.82250356674194
156.17233657836914
46.826209623366594
229.04712629318237
18.51268983539194
39.30045568570495
255.45608377456665
193.2065465450287
21.83976414287463
12.658496171119623
119.77541971206665
260.4333276748657
7.541132504447887
83.39922654628754
40.03887730836868
23.177952103316784
138.92504703998566
6.175928210095208
44.94890995696187
241.79927921295166
297.349139213562
98.78516238927841
92.57438707351685
7.303033599117953
10.760856677603442
207.1510922908783
324.1498475074768
31.556206688284874
26.347364474087954
142.23418807983398
231.72770977020264
6.449206925288308
30.802061779424548
6.70230690527751
63.4117866307497
131.57734036445618
29.444840405136347
114.3765697479248
7.516046092961915
165.71326518058777
272.3592858314514
135.92079782485962
282.2933874130249
50.66719430685043
26.933405910618603
8.823078984045424
271.6387872695923
132.49061918258667
182.0704379081726
230.7244975566864
8.660014086926822
34.728704169392586
10.116785075282678
262.35305881500244
7.170928075443953
487.5646209716797
204.55671548843384
166.84690523147583
184.41610836982727
116.27656900882721
64.80966600775719
268.93495416641235
364.1057014465332
10.156111143995076
113.57067680358887
11.987626974238083
32.68765052314848
14.084177426062524
9.519663609215058
182.48766946792603
33.704940635710955
219.45848178863525
373.01579093933105
466.6792869567871
39.8791912458837
6.875412325951402
26.253963247174397
178.14295482635498
182.97362327575684
30.65437577664852
82.04384154081345
69.37919887900352
180.52101850509644
285.4320402145386
326.38291454315186
21.960428768536076
263.4126615524292
153.05490231513977
5.591296558792237
302.9795198440552
4.672828547816607
182.5007905960083
83.70455312728882
7.948106334195472
128.9837737083435
165.83647751808167
58.35374364256859
65.03574420511723
258.7401258945465
157.2046228647232
143.99929761886597
312.4748888015747
40.68554524425417
293.21377515792847
20.916115822270513
193.07766389846802
17.927786926506087
213.07078957557678
145.43669283390045
240.0630340576172
14.986264230683446
310.124080657959
313.8004856109619
211.6031813621521
271.9088854789734
51.79086650907993
239.78809022903442
23.908293501008302
178.63338088989258
8.523432281672285
12.820100454089697
226.3958010673523
260.1704478263855
14.671866404740285
12.887070218799636
9.947176184221462
15.476651528064394
212.69082474708557
171.39774632453918
124.5812439918518
190.5125288963318
168.7418247461319
335.22920966148376
11.556918280246464
413.2544984817505
359.1236114501953
15.649298203083163
195.39052271842957
29.51695759757422
319.0542778968811
17.185978728812188
111.38733771443367
126.57281805574894
12.67149501759559
176.7885036468506
110.51437222957611
54.17596496641636
26.528495562670287
106.21114312112331
10.48802995477672
278.58031463623047
230.5499768257141
362.5273017883301
242.09879970550537
91.51277333498001
99.21127450466156
12.778189346776344
307.6149368286133
12.075296241993783
90.30916763842106
199.03094911575317
12.698245855979621
119.57477229833603
89.5205440223217
138.96087217330933
183.2312469482422
10.077627781920455
343.5531725883484
158.37869453430176
23.179592974949628
10.077627781920455
374.20169019699097
80.42472702264786
45.176284700632095
148.27596175670624
205.73086047172546
283.52688694000244
200.73352599143982
154.41309332847595
28.295672585256398
162.56483662128448
24.44320542830974
83.75637343525887
275.6599688529968
423.0966749191284
283.60136365890503
422.87253856658936
186.4250853061676
319.48448753356934
276.75373363494873
309.7695999145508
98.22747921943665
223.74741792678833
236.93511867523193
186.38358807563782
240.60196685791016
253.06889629364014
315.88797760009766
99.59485733509064
335.98404264450073
55.800278067588806
209.23360061645508
23.34027671907097
160.37443667650223
61.93531310558319
160.91036772727966
18.32759773544967
252.919086933136
297.6307125091553
33.9449592679739
248.59419918060303
95.17680060863495
34.50567723996937
312.98593044281006
14.090034284978174
65.2578915655613
189.52957344055176
11.490792306140065
126.23655843734741
323.5552840232849
109.01278162002563
25.252876728773117
40.371167946606874
142.78557014465332
173.02159023284912
244.62340641021729
298.4184875488281
162.93628239631653
276.1269073486328
297.9760227203369
107.20858544111252
26.80790103971958
202.374587059021
285.30371618270874
112.62173593044281
218.46960639953613
164.07501983642578
16.363806049339473
311.91224908828735
79.89559692144394
24.099235609173775
116.24596978724003
359.40602350234985
18.299372802488506
348.2149887084961
17.56603866070509
243.57023549079895
289.379714012146
116.41996741294861
73.71265435218811
163.1030375957489
49.550440937280655
178.22274792194366
203.55742859840393
263.83165550231934
103.9796953201294
156.55559158325195
64.26667386293411
276.0312328338623
66.6564300362952
165.6815047264099
282.7675566673279
140.27157592773438
58.413762137293816
15.02436475502327
258.13644218444824
236.20002698898315
115.48137378692627
218.7000494003296
17.485191465355456
273.5708451271057
25.35535696707666
87.46781542897224
5.322354530275334
7.249181399931331
221.77365446090698
156.7329330444336
248.32966423034668
209.33172845840454
188.22866106033325
19.826133024180308
66.33735874760896
173.13685655593872
334.23231840133667
249.9380784034729
7.947583549571391
6.259224843317497
50.87270259857178
156.59141945838928
112.73976343870163
196.54158210754395
222.88638997077942
249.10794305801392
103.73136568069458
38.41302696801722
287.25838708877563
204.77664852142334
9.030850090435706
7.599367209870707
8.773993806180442
260.2644181251526
27.343242343515158
6.355804618918228
259.22597455978394
136.7269902229309
7.8533183855366815
373.1930637359619
216.05183839797974
151.2482295036316
283.7624306678772
222.8856964111328
197.53008437156677
45.418847754597664
6.534499255862556
47.87145310640335
193.9635615348816
236.86324000358582
8.93904525996345
248.0785346031189
18.195186323253438
69.01188647001982
338.3404836654663
188.26232481002808
149.11834526062012
214.9419069290161
72.78063648939133
75.82609008997679
220.13479280471802
169.6726734638214
6.954118643861875
235.1205587387085
242.5214171409607
38.395447585731745
191.1083950996399
12.071763769206882
9.336081700814248
66.3308374285698
192.3629491329193
26.562448067863443
209.90042281150818
16.061519227921963
273.9701638221741
247.93628931045532
168.13907647132874
165.8139591217041
5.808323813488414
140.28448104858398
5.581463511511743
261.38857793807983
130.58175539970398
4.219550855657644
109.35581481456757
206.35854864120483
7.795331105706282
151.27506494522095
189.16437482833862
133.5706832408905
298.24317026138306
22.66204832494259
7.130715017672628
292.56313610076904
22.66204832494259
8.270323738164734
19.716204760596156
39.113969033584
4.883240767769166
5.782659467542544
220.7729377746582
260.2959089279175
164.12286353111267
8.150849807017948
171.57160639762878
168.22028613090515
265.95798778533936
6.43523264513351
222.18665313720703
168.23141503334045
56.35941656678915
103.80412900447845
33.73529752995819
12.316224792972207
25.588708737923298
252.88725423812866
125.8915239572525
5.064210255994112
19.716204760596156
187.9012062549591
262.9328875541687
5.544158339907881
145.51718044281006
7.975502039771527
5.263762998991297
238.6101679801941
236.45554733276367
226.92952728271484
193.13708448410034
7.076979999779724
196.91261529922485
89.5659304857254
19.716204760596156
30.304830491542816
19.716204760596156
17.782645225524902
206.02722644805908
106.52209956943989
6.3748688760679215
91.34365820884705
4.012068540905602
179.04998445510864
6.167171033099294
144.4251618385315
5.544158339907881
273.1590189933777
50.45161472260952
5.928760882525239
139.375718832016
7.818297453341074
31.539976369123906
10.42919941758737
11.76666340790689
211.6152799129486
258.2111692428589
281.27427864074707
4.255174044032174
5.63415632606484
257.96260929107666
180.66215133666992
197.2697377204895
5.240775964324712
322.43408727645874
6.0827262084931135
8.432710878085345
4.124088862809003
61.166345216333866
234.99403715133667
364.7730960845947
304.71242570877075
174.44085788726807
35.85170179605484
85.8909609913826
261.1675662994385
266.6789665222168
19.13810882123653
99.56114196777344
267.2464385032654
3.404137779881694
226.36162185668945
58.44641338661313
143.42533922195435
346.68892669677734
111.38098073005676
212.26621222496033
135.01490930467844
58.564157247543335
13.927051607519388
30.582449112087488
255.7836470603943
123.75097894668579
88.87321466952562
3.284931041300297
3.0256905506612384
91.29877185821533
201.1881399154663
123.8186257481575
7.590366065152921
353.9792585372925
21.66092081554234
210.9999122619629
110.4956651031971
4.164431327488273
6.694651711732149
15.243112803436816
99.8705245256424
84.58681704849005
109.32114362716675
3.0211190032423474
51.54966424405575
280.02228689193726
113.59991097450256
7.686781759970472
125.110416457057
7.103872974723345
7.57807055383455
324.7738194465637
10.499681703047827
4.2104461267299484
29.336388885974884
3.2486990593752125
192.51765155792236
13.276630108535755
7.661151073873043
7.6226805611513555
92.24811753630638
193.05472898483276
78.44892659783363
169.55094027519226
82.82103419303894
73.82729962654412
5.509960472845705
11.275454767979681
294.46474266052246
165.41798162460327
277.10632133483887
180.57123160362244
116.62619990110397
279.65597438812256
180.82439756393433
117.95811067894101
309.2144527435303
31.1315930262208
10.654733914881945
30.4340555742383
18.395028932020068
337.68053817749023
282.7008876800537
39.37351311836392
13.222883026115596
256.77362871170044
304.1119112968445
141.15343475341797
56.012973338365555
9.20448316715192
176.63956809043884
8.119033538736403
125.05029368400574
194.79590845108032
269.69438314437866
4.61927661349182
150.4163854122162
126.78817415237427
153.56835615634918
119.90795600414276
19.155888197012246
111.83314883708954
334.08059310913086
285.5700750350952
149.75556874275208
339.7163681983948
134.3851279616356
13.120997048914433
103.1832447052002
233.02818965911865
59.70327581465244
12.436644224449992
287.4870939254761
141.8691085577011
74.11787357926369
78.39077508449554
27.743716284632683
22.717335982248187
221.07271453738213
4.961267628495989
186.66894841194153
77.32514902949333
4.192471451482561
311.5769748687744
145.31411051750183
3.8236439438114758
64.07433271408081
140.28503170609474
241.16128277778625
125.53399133682251
270.70781993865967
273.41674995422363
4.324359412363265
156.5952332019806
91.2462938092649
172.97886490821838
187.6335393190384
185.767733335495
291.1602373123169
173.24575185775757
94.26947629451752
161.40228390693665
7.59605679451488
60.060796067118645
3.503066831479373
343.3312077522278
6.385079453582875
138.9426964521408
6.099420087179169
105.93884149193764
7.995334102626657
87.30838641524315
97.77572917938232
310.71408319473267
8.75353439922037
197.80670166015625
142.16690301895142
17.785603269934654
223.50299406051636
11.70577794406563
6.133392891555559
200.3567967414856
5.777815416455269
118.1540464758873
116.65821373462677
5.412630471837474
6.1857420860324055
10.572935840114951
174.97712016105652
179.00388073921204
9.000604171771556
192.146155834198
374.2172966003418
10.119033175578807
132.09892487712204
177.37787646055222
5.64076860161731
191.74818420410156
391.15851879119873
205.12475776672363
3.326401696380344
147.56542825698853
197.66940689086914
200.80207860469818
216.58650398254395
235.48251581192017
76.30940425395966
135.87502074241638
143.12455189228058
206.10913634300232
334.6844959259033
14.768931314349174
208.30574989318848
13.762136877514422
374.8833198547363
158.32880371809006
27.45822536945343
245.3747296333313
19.02238733530976
216.9574339389801
180.24125576019287
42.37502934038639
207.49762892723083
34.65997572243214
53.536554247140884
73.2353900372982
158.17440849542618
54.56798395514488
17.886157172266394
42.760955303907394
97.32860910892487
13.78167176246643
74.42556588351727
123.71603778004646
35.92228525131941
10.68582247197628
188.79320001602173
162.87956762313843
219.11775016784668
269.9240207672119
10.742476841434836
321.4952039718628
90.72405695915222
58.68808488547802
12.645889644511044
16.878799524274655
14.877322779968381
402.87916326522827
100.10404009371996
333.1152095794678
202.26975655555725
306.1461753845215
177.9620327949524
16.612860378809273
23.293670754879713
85.31244978308678
145.19465053081512
102.1259947270155
26.847551150247455
24.587114304304123
187.80634212493896
26.976969946175814
264.158953666687
359.81080293655396
232.18011498451233
14.3503338964656
492.45876598358154
213.87145042419434
158.58699440956116
308.76538848876953
209.49888375401497
281.4240155220032
10.23413912113756
276.74682569503784
89.38430246710777
276.7591836452484
112.66426765918732
114.03851294517517
47.43262845510617
498.5002965927124
65.04459577053785
15.407852906733751
41.40908271074295
94.29530894756317
116.29768611490726
219.71990871429443
65.45861026644707
358.4162378311157
268.4439182281494
128.7428843975067
93.3299053311348
34.015330117195845
28.05202977359295
13.47224704537075
19.95681209117174
127.21413294970989
236.4722352027893
193.2788348197937
202.31259417533875
154.42658030986786
341.1144323348999
177.86119532585144
112.21077072620392
35.093237817287445
217.06360864639282
33.844934679567814
314.88765811920166
21.066793262958527
32.79110876098275
296.64569997787476
110.52625894546509
267.5055251121521
304.4510250091553
13.283338318695314
55.24123124778271
20.056399368215352
145.82344540953636
241.76228523254395
53.14625370502472
14.419357110047713
7.999809367775015
216.93619990348816
11.159642867918592
195.24889755249023
129.8136751651764
20.305886056274176
11.513106999220327
234.05778312683105
15.971430121921003
12.189454420877155
27.107948103919625
272.0816283226013
188.51503038406372
145.66997051239014
9.70903481869027
45.16107227280736
23.1856816932559
32.39013041369617
18.372741658240557
9.127186757583104
14.51875851326622
25.922995794098824
16.56894537806511
93.08096170425415
314.7252197265625
211.50823545455933
320.1529140472412
300.57778310775757
75.80952769517899
63.28333282470703
265.86095237731934
84.12736102938652
9.71914664444921
114.07385817170143
175.9518322944641
207.23312664031982
61.63700745999813
144.81599843502045
11.34214114927454
113.32805752754211
305.4313077926636
133.70797407627106
284.00213623046875
349.6733980178833
26.750907813198864
277.7742853164673
116.79934978485107
51.47185370326042
131.98203253746033
33.9233805090189
168.74801898002625
194.60554790496826
15.682898635976017
193.87833380699158
64.09290915727615
184.42924070358276
58.28678306937218
7.656686655012891
10.75308780837804
2.3344165510497987
6.954005749896169
168.60475969314575
35.86233912408352
272.35641956329346
4.915420311968774
204.9011242389679
180.29743576049805
15.649987470824271
3.199126979743596
103.58628606796265
40.42811730504036
109.029969394207
129.19229778647423
142.4172157049179
6.594702018832322
164.97215819358826
4.833127697580494
100.4280161857605
147.51253008842468
34.75815597176552
149.92606663703918
19.663599759340286
76.56499918550253
276.2818531990051
8.108453127089888
8.692715412005782
27.501011146232486
187.18770456314087
262.69545793533325
77.71949589252472
3.401936223730445
100.54077702760696
7.71975184045732
5.733988278545439
154.4835753440857
74.10030534863472
6.768221700564027
14.018249873071909
125.26196053624153
4.345464941114187
38.66336024552584
239.56409096717834
85.32547557353973
56.25182167440653
40.66093426942825
110.27865028381348
3.2928418527008034
217.20471239089966
201.0183892250061
5.599257835187018
283.0623230934143
128.63462294638157
101.1332473307848
90.080735206604
17.012286990880966
4.087170098442584
264.106707572937
302.04310131073
150.70597338676453
244.87681818008423
324.7298560142517
209.74095678329468
4.979455922264606
83.74727088212967
79.15453788638115
17.17910243012011
24.966341137886047
24.25073211826384
181.04989171028137
162.42720103263855
13.062054689973593
242.40927028656006
76.92283183336258
58.05158241838217
11.892998358700424
269.71359729766846
74.0985426902771
11.272543654922629
102.89266291819513
10.40661440504482
161.53265357017517
205.15658855438232
67.71000785753131
110.6596448123455
8.55347674281802
242.47409677505493
171.0471897125244
11.149147321353666
59.74299657344818
95.28942513465881
196.22378063201904
57.43075756309554
69.01278114318848
161.51488423347473
7.989556530694244
236.79667854309082
26.124278765171766
283.0677466392517
93.50547784566879
52.88246098160744
78.83850073814392
16.8510667309165
7.729061360005289
11.862055069519556
10.316356204886688
153.07657289505005
272.16208362579346
110.35071165859699
256.2739233970642
134.47900365293026
21.18491937685758
9.80956143187359
118.66150367259979
7.217265826257062
25.547102391719818
7.530251954449341
384.1311435699463
325.7743282318115
174.87688207626343
251.5357141494751
16.07970893289894
99.3323557972908
80.8964983522892
136.94473552703857
9.183119589681155
111.21726703643799
12.869936969713308
99.01505696773529
133.5695583820343
61.5169612467289
89.34059764631093
85.27748238667846
8.533505944767967
185.9960823059082
141.36276948451996
163.99660992622375
121.23565101623535
81.89827966690063
7.081189793236263
166.11681604385376
16.181407190859318
6.392679377469904
73.56113797426224
7.7260401381063275
229.26639413833618
19.94866754859686
17.463276150578167
25.317105941008776
157.2710485458374
141.2677907049656
10.35836497155833
60.620967749506235
19.10732019133866
207.67478132247925
385.7576289176941
59.01908954977989
27.25077474862337
203.93383073806763
208.4772663116455
102.91413876414299
35.441693170461804
7.3031380654429086
115.68257403373718
31.021487038582563
167.44387412071228
8.15183597424766
7.2335687274171505
13.523825008887798
212.07250881195068
213.9330153465271
40.11457145214081
282.5457043647766
172.4219844341278
112.25535446405411
14.401593430433422
206.49751603603363
227.94970083236694
101.67289644479752
95.88080334663391
199.11562633514404
29.62728252261877
15.294363271445036
270.63270330429077
102.73061108589172
9.582967554219067
11.08374010073021
75.27706605195999
7.935370815146598
103.39326333999634
238.86539840698242
161.51324820518494
351.8460702896118
320.8609571456909
151.66704773902893
331.85888290405273
13.666554492141586
13.530488703632727
333.3289008140564
19.24892431497574
6.982582210097462
8.768880844218074
145.6564371585846
221.97715711593628
234.1613326072693
254.9962673187256
307.2811188697815
17.31934545072727
196.33654117584229
235.9732174873352
342.7107391357422
68.66724371910095
23.204497303813696
44.901184275746346
14.124887459911406
180.10624241828918
14.581663039862178
165.37414693832397
263.2813501358032
185.68873059749603
297.08415508270264
8.84431880316697
319.9004702568054
258.51074409484863
9.053798545162863
149.49286198616028
5.830054866732098
13.057287286035717
18.73373572481796
289.24875354766846
203.05357599258423
8.600582767277956
55.876470386981964
299.48590183258057
9.815137527670231
43.546325848205015
72.55481335520744
152.2720987200737
9.509842016268522
8.676295616663992
198.76160097122192
38.61643244326115
5.915360496612266
10.575919181690551
419.18533849716187
140.4472493827343
180.0863378047943
153.37548899650574
205.70126914978027
13.227298964746296
226.14861726760864
10.593997982679866
5.477941307646688
123.04679441452026
132.71837508678436
131.20984721183777
5.421229869272793
245.05401229858398
326.38842487335205
172.1285150051117
138.70257771015167
8.419926621616469
4.832995666223724
57.89298440888524
265.29998874664307
199.21280312538147
3.8107005804777145
82.66215246915817
3.5081616595271043
172.00014448165894
6.324628468602896
186.98622059822083
14.842328201979399
171.55900883674622
96.11477039754391
213.13121366500854
15.705232441425323
203.43662571907043
214.7321743965149
38.36341586931667
367.62097358703613
151.94515025615692
170.8940567970276
315.004976272583
7.563325566239655
11.48286610096693
3.6708822601940483
322.4764757156372
3.678564075846225
3.804827769752592
199.01541805267334
212.32803750038147
229.57954025268555
201.12296533584595
205.58900952339172
7.909945057705045
6.179476250137668
10.314982933923602
116.56238079071045
171.45551538467407
209.31239295005798
4.490925683407113
4.992305033374578
116.28118968009949
4.946236739342567
114.58497714996338
344.606258392334
280.059419631958
3.211565918289125
224.38777112960815
51.90969008207321
148.300231218338
3.8340969278942794
271.69616174697876
187.98954224586487
261.10606956481934
351.91933488845825
29.569388926029205
185.1178343296051
180.08449339866638
9.966145657002926
4.62801857618615
71.98981362581253
149.2203562259674
183.8447802066803
7.21091148070991
87.04719424247742
129.42174291610718
128.55073827505112
5.017964503727853
103.08602213859558
9.182161338627338
248.29806423187256
5.321405166760087
246.30907487869263
23.37969871610403
208.35646533966064
78.67160665988922
149.18127059936523
143.97782015800476
144.78144717216492
6.459348696283996
4.694905588054098
65.40678656101227
175.77416706085205
277.5504264831543
8.84191355574876
245.755277633667
426.6566286087036
3.863898051320575
3.2590697179548442
3.917452661320567
4.370680850697681
4.025628356030211
165.1264544725418
251.5384316444397
311.1561584472656
89.10268118977547
23.209753390401602
354.91889810562134
376.8577265739441
82.2484479546547
274.29766845703125
144.7766319513321
17.958286069333553
386.0432367324829
41.64858150482178
173.2780487537384
243.06631088256836
91.09204280376434
17.17077314015478
25.114366094581783
12.85928565170616
211.61614871025085
62.32239090651274
96.34793561697006
84.57066470384598
37.60415168106556
86.30617104656994
16.53360875789076
307.55621242523193
181.6215546131134
185.63284587860107
25.104831367731094
207.46061658859253
16.46096410229802
237.83415699005127
118.19235962629318
150.23518335819244
27.718839932233095
188.39656949043274
243.0187497138977
