353.4463744163513
5.4652219919953495
140.93155252933502
9.606783002614975
155.98965549468994
4.3436026648269035
123.50391602516174
106.47595199942589
246.82799005508423
143.6929087638855
91.43492852151394
12.331583461724222
191.19201576709747
176.17001330852509
1.753742540946405
134.7902757525444
3.069057606830029
3.1209545130841434
1.4323030429204664
206.4192008972168
40.59170433692634
3.5879514685366303
139.99521350860596
3.739384848100599
2.7048094940837473
163.38711559772491
8.463342651724815
5.864332505589118
4.459611491765827
183.08481693267822
13.154843032360077
10.421553761232644
12.430023945868015
7.953500967472792
2.6562627184175653
10.309795789420605
11.918455101549625
13.261896710842848
129.72016754746437
148.20553064346313
5.517585450259503
126.33428478240967
282.9466061592102
1.0600018187979003
6.165683944709599
5.05196253588656
4.3639865862205625
1.18189158225141
164.08514666557312
107.84846413135529
10.019749202299863
7.082197474781424
153.70736825466156
3.318415780813666
5.684211285668425
33.940180554986
6.294324485294055
162.19693338871002
187.96834516525269
216.91265439987183
6.232234476134181
46.914972223341465
2.874366666947026
4.615905564365676
3.5810903990641236
4.551666465296876
36.315637627616525
1.5115163575392216
3.724714070383925
6.615892725996673
2.761989733320661
20.98946765065193
190.8900351524353
73.58280954509974
7.227504602633417
241.96068477630615
210.5307490825653
2.0743308663659263
223.76077008247375
12.041238248348236
176.26398015022278
3.741632067365572
2.6895793266012333
236.29575538635254
8.919399414677173
138.62668788433075
3.6919790931715397
78.89906722307205
10.746042121201754
4.33847800368676
8.51555890403688
146.28569507598877
3.591665657761041
7.200674089603126
17.809817891567945
19.71931170579046
247.55788469314575
74.08434683084488
203.56790781021118
80.82929867506027
83.31279981136322
12.999171415809542
8.51532674630289
28.021883219480515
42.47893384099007
15.496591969626024
29.107636585831642
42.32824623584747
40.408707562834024
33.60377952735871
25.1607376774773
37.114210441708565
70.9949321448803
22.00901879835874
27.555423885583878
19.47436950309202
16.164837332442403
44.92464701086283
16.526332538109273
19.985534323379397
135.85113763809204
210.4434278011322
187.18851566314697
225.27704191207886
207.7570939064026
22.968475392088294
29.53866828046739
262.68798303604126
12.671389232389629
281.5304298400879
21.71711626648903
217.91918790340424
14.833329558372498
33.267399687319994
108.04897499084473
158.54442262649536
12.19218666269444
29.483470052480698
152.36638402938843
50.01910254359245
113.42120051383972
145.11854481697083
19.500605501787504
9.001633958294406
13.724896358326077
237.6180489063263
103.16263175010681
79.30793642997742
33.51337067503482
20.21912921220064
37.78451095893979
62.26614832878113
131.971333026886
160.4877429008484
230.5962746143341
235.06684827804565
41.545029021799564
14.407786088064313
17.432757600210607
19.31325431424193
222.20535516738892
28.842201431281865
13.200540602207184
31.738392870873213
57.07113164663315
214.3615095615387
18.99750967003638
126.10614037513733
95.85245931148529
11.51526671485044
219.6605405807495
11.62042917474173
274.5113763809204
47.59718596935272
33.17260216921568
235.8493299484253
90.48335707187653
54.10374318435788
20.496262026950717
362.38023710250854
227.56365180015564
289.94740867614746
135.6881047487259
319.6280789375305
156.5347545146942
247.37987756729126
3.3909190181151416
11.414552883245051
3.344360876988503
8.61450075772882
118.16845500469208
4.015881685219938
5.104002271880745
152.36915934085846
73.38602806534618
209.6397409439087
3.879858958462478
7.133921878470574
71.96673794090748
170.91438102722168
195.25896859169006
11.75001197669917
74.09077653288841
204.00009965896606
3.2310459500180286
129.44548127055168
118.8777483701706
2.942006581946771
10.967187489266507
6.095496570866089
4.474289118312299
194.81829476356506
88.89726728200912
283.9588031768799
22.07931508962065
10.06429385440424
3.248020142202222
8.81114963060827
153.02742278575897
154.69552862644196
4.442745032833045
93.59301479160786
21.440140401013196
113.67678287625313
249.921160697937
9.661849785567028
4.862690320413094
3.0768213643477793
4.016871879572136
6.112830120604485
7.230150728675653
3.991989402900799
2.605065467448185
6.00540338007886
21.969502300024033
146.26184302568436
205.74299693107605
8.071203323459486
4.764369916475516
208.75210237503052
257.7390356063843
8.68002218566835
4.500588584924117
6.32679573923815
5.754364554362837
132.28669506311417
2.2681931207716843
226.8161175251007
5.65082612902097
5.899816863719025
7.0286300981388194
127.21900099515915
1.6973781661152998
5.005127466691192
197.661461353302
107.32764413952827
6.743288376397686
378.76602697372437
188.57242155075073
138.15391439199448
151.92095112800598
192.85047841072083
171.57199048995972
5.9677601869625505
3.5471186758950353
168.42504906654358
199.55684876441956
5.189674318455218
8.772748317132937
6.032640992176312
215.33575081825256
49.12916633486748
14.462104639038444
3.1390327642147895
146.34128588438034
164.0405731201172
4.173566822892099
137.18585014343262
367.9764566421509
143.67459869384766
3.8056765346995007
1.563566400367563
98.86757773160934
4.6027983826061245
7.742496301885694
179.42639738321304
2.5448773282405455
181.70578515529633
166.4068638086319
2.1360139960561355
128.8825888633728
160.00035426020622
2.6394417530391365
3.5636307054155623
3.651405851749587
2.6880946093588136
4.553674671362387
23.75177000463009
3.8745153640702483
2.4436703938408755
1.779685418936424
150.51986742019653
258.4190993309021
158.0914921760559
59.662842608988285
147.99341297149658
4.786071989132324
1.7255369556078222
114.66148829460144
2.435337683389662
249.1050705909729
176.84449887275696
2.903487885661889
2.86234222100029
20.158959040418267
1.1305925558945091
69.29913234710693
9.826961469836533
180.46828627586365
9.785080288420431
6.299703334225342
22.006965953856707
278.1389627456665
1.9995241492670175
3.150487726787105
292.2763795852661
4.010968820890412
2.2770694599021226
76.96581268310547
8.154755886178464
2.9453308910888154
4.141989467492749
17.39075086545199
4.26010991120711
141.4316201210022
3.2840035202389117
6.785068007535301
2.453059068415314
7.87665198976174
118.71325850486755
4.141989467492749
171.81683284044266
94.8644528388977
78.10333210229874
11.285965139511973
122.80557596683502
6.154701389372349
26.167414125520736
256.67832231521606
15.261124011594802
4.864490933541674
2.210375995695358
26.36329474952072
5.148457122122636
1.9183118764412939
29.079436542466283
176.28728342056274
2.6556935649277875
2.4522871673107147
74.82984115555882
2.1474929244013765
4.599976176687051
7.567587797326269
4.16620366126881
3.398465722173569
11.438937304541469
3.865279483667109
102.428351521492
4.141989467492749
2.119340155935788
2.4774069199338555
2.2738548676716164
3.4476460786536336
120.70375227928162
137.05721497535706
198.5377426147461
233.06422996520996
9.20433812570991
7.892483786214143
4.979462122486439
8.274490857962519
222.46130621433258
5.924235475569731
234.4306960105896
201.81984543800354
13.282282372980262
349.6251320838928
53.543992921710014
178.0435655117035
6.784315652404985
246.16364192962646
4.7201069717120845
24.706976864486933
24.49545217305422
77.51534397900105
53.51029547303915
3.6144094407645753
5.799509044856677
4.80852678804149
392.19780921936035
127.07573390007019
359.25465536117554
199.68633008003235
119.28746239840984
186.97693061828613
116.7782051563263
154.38876312971115
18.249588238308206
37.012153999414295
35.70002860738896
218.3838987350464
141.0419317483902
14.398644173517823
37.39317066967487
92.52243616897613
34.93582210689783
5.2009512562071905
10.574332704185508
4.921208844836656
44.88420209661126
22.383282628376037
9.477997209880414
79.61736668646336
179.13043689727783
88.5126600265503
204.18356204032898
6.70375493911888
103.74306231737137
59.64121253043413
41.26441534794867
36.81840515881777
207.84535241127014
29.446446016430855
159.7472562789917
18.635739531368017
8.996352940564975
5.004062629130203
53.27731904387474
160.68218636512756
10.065037567401305
203.68729281425476
56.94628816097975
254.95780992507935
67.54540134966373
4.114948534712312
21.137223408033606
18.304890197839995
115.69574642181396
50.66782991401851
155.9225544333458
31.07047402765602
125.51503900438547
147.0436560511589
19.552361913469213
9.388987180776894
22.272471535776276
189.49434685707092
62.64487175596878
110.37363910675049
6.765390987857245
91.81396172195673
15.812711941180169
157.9923071861267
35.79344904539175
5.789175524027087
100.4125416725874
69.71397578716278
128.65498280525208
17.436274459840206
145.59029269218445
24.00675291661173
138.02100110054016
36.453503895318136
178.56899225711823
8.559459621552378
38.008729450404644
386.3102111816406
339.5940451622009
10.630135811392392
127.17552258074284
10.508477448078338
56.20477640628815
164.54677772521973
126.28000485897064
162.34489107131958
137.41051787137985
4.065385072026402
172.23811197280884
3.315934868704062
2.3289925109420437
4.772630335763097
22.555736787617207
3.2907228665426373
147.24061757326126
13.61481621407438
2.0287393597172922
6.227005833294243
7.425365092989523
256.8344168663025
57.75135663151741
270.80784797668457
3.111021425575018
12.169863154180348
5.2141536343842745
174.70939826965332
203.18276047706604
2.2649825020780554
139.87754687666893
392.40737867355347
216.50862073898315
2.072279852036445
131.82981371879578
1.9285534433074645
2.2649825020780554
3.3439000881044194
15.288240987807512
2.0287393597172922
14.18073907122016
258.5197958946228
2.0287393597172922
2.0842440995329525
32.46419173688628
17.13576404750347
21.316813424229622
2.6972653413540684
6.941501932684332
5.986011177301407
7.8667861595749855
3.2990211764117703
216.51339673995972
43.08082255534828
367.8136353492737
4.283058331668144
145.56323909759521
3.0702077516980353
5.949309450574219
14.271545922383666
234.12541890144348
4.283058331668144
15.923761133104563
35.01789815351367
141.79133641719818
111.67075896263123
2.41142718566698
253.86193370819092
53.631011724472046
2.4007786486763507
2.5527543130301638
2.2629684464336606
9.763497924432158
3.8725211631972343
2.314567562643788
192.82606315612793
189.34384393692017
124.16919204592705
213.75314378738403
280.0580196380615
6.6042684053536505
2.2990605384402443
8.429405476897955
2.6778541549574584
5.116103857755661
3.115961443516426
7.583854898810387
15.667730489745736
4.0160083416849375
14.18073907122016
203.62110328674316
1.5099617711239262
4.179119003121741
4.0160083416849375
6.935294774710201
313.0293207168579
4.579599847784266
188.4406032562256
35.45553643256426
12.889052637852728
22.025151173118502
2.4007786486763507
6.811642762739211
3.4546747366694035
3.266155825165697
130.31949758529663
15.83728453097865
1.4713077881606296
3.708634741604328
1.8586543204728514
190.84705567359924
0.8737053758231923
1.9315054868347943
148.6362750530243
3.0457082583016017
139.6671485900879
0.4508389735565288
0.7375205249409191
1.7519625439308584
207.46947813034058
0.7477761846093927
236.86402940750122
2.3338462782558054
114.93557339906693
0.7491588508710265
2.832782954967115
39.88873627781868
6.509995318949223
73.04059470444918
1.07963385572657
0.8287390427431092
180.38276767730713
6.439395069042803
0.7375205249409191
1.0012133773998357
204.3405795097351
11.521558240056038
88.2780772447586
215.3566575050354
162.38937930762768
140.23735642433167
2.0548101391177624
29.604554302990437
255.05454206466675
210.0451489686966
0.8716855682432652
5.4215257577598095
1.6201661746599711
3.4198766003828496
2.831259941216558
14.40708737866953
2.9662135207327083
15.431408282369375
2.407454347994644
0.926316914788913
12.388123471289873
125.67387969791889
86.62910974025726
75.79366385936737
0.6882572332397103
1.7125071885529906
1.3266530577384401
39.603678323328495
1.3433097471715882
220.831698179245
15.722459938377142
164.58814704418182
0.9228870220104
132.35292077064514
0.7862760755160707
176.61984872817993
48.49215084314346
1.6790056680183625
3.8978212801739573
327.70212030410767
141.68765377998352
9.940009588841349
101.7312034368515
17.64071137830615
7.413003700319678
3.5991054917685688
0.7868034985149279
5.3766910675913095
0.926316914788913
229.2981297969818
5.309188683051616
18.026815972756594
1.369849852315383
0.9074865817674436
2.9964642599225044
141.5683400630951
1.312297367825522
3.8147175423800945
73.22872877120972
2.4001425105379894
0.6903596690972336
0.6081795543723274
4.558462074026465
5.586904249619693
3.399413369828835
3.458975304674823
0.6974070174619555
2.3811015204992145
77.95509028434753
7.021664668805897
2.340771671892071
2.7433465430513024
3.7748543608468026
1.2394272375386208
107.846071600914
108.87203449010849
232.73659372329712
1.5164416618645191
194.62684416770935
4.565519213909283
172.92269802093506
6.849275708198547
2.7021524203009903
85.29262275993824
301.0738286972046
5.930840939283371
1.2392962586600333
142.76910734176636
85.79158034361899
1.5164416618645191
89.44969588518143
0.48515865681611103
6.179243924176262
0.7785936720919153
11.606660390272737
0.6894470591191748
3.113358017988503
2.885239303461276
3.8940343422000296
235.85385942459106
141.7172977924347
109.9200935959816
5.677602263836889
1.5055050492519513
1.3156811569351703
1.930612988770008
98.48024225234985
5.65012188669607
248.8608238697052
1.1224089068109606
0.8088397157553118
1.3083518119819928
3.853734436444938
0.5533290089097136
1.904926545219496
129.49939680099487
2.5808984800823964
139.40501791238785
2.9907231087963737
3.1533050600555725
85.51931035518646
2.1480598160997033
5.938866722630337
0.5091976882249583
12.377156226430088
243.44814562797546
4.8685424883442465
205.33720910549164
5.516008819511626
203.96918296813965
9.301761792972684
144.34151184558868
1.3827231535397004
120.4081363081932
6.655541261192411
4.826747467275709
83.08723920583725
315.7566080093384
1.9898631861433387
5.960678349452792
93.05386443436146
148.0984570980072
3.79217020701617
135.7761665582657
2.2469706247211434
6.977451308164746
1.3487407844258996
0.3475612305210234
43.591982021927834
12.168156551197171
1.7435888500476722
89.39711299538612
51.73013558983803
0.8351334314938867
73.07204639911652
251.10007762908936
3.029725665041042
2.1038488074409543
3.3741002953756833
173.6664000749588
100.14991933107376
4.324121182260569
1.5867573471041396
89.71877557039261
0.7887799184895812
0.9681262581943884
0.791054821373109
90.7344324272126
4.4624128001742065
1.2330461715755519
0.9546462184734992
9.27863203920424
256.3533020019531
2.411482821480604
1.4622333093648194
8.656988149974495
13.079638708848506
5.46991379885003
3.022405494484701
3.5673670606920496
1.9108180217808695
3.8578079538419843
87.61350262910128
4.062658918526722
1.8163376898155548
1.9651713272323832
5.181237572105601
29.4677659496665
5.557267444208264
5.166634653345682
3.7519203153206035
174.49028897285461
4.232651018479373
4.23109855724033
163.93102526664734
2.611196286045015
2.070019264061557
131.2876980304718
1.4052759645855986
22.1597564490512
190.33640933036804
6.9393149660900235
242.14133214950562
4.307068782392889
310.4125723838806
18.440413737669587
2.512276789519092
233.71900129318237
9.569141205400229
85.56140547990799
20.791771322488785
11.863286772044376
124.81265878677368
3.7832941971719265
5.079125394579023
30.646561697125435
271.5917935371399
5.632989507168531
3.865718054352328
6.548670139804017
157.9972951412201
4.158243825077079
192.66824865341187
140.36948347091675
152.0399079322815
156.62880754470825
128.0898917913437
5.7748316613724455
29.19313129602233
87.37190228700638
0.6490296795673203
3.7790641129249707
137.7534019947052
316.66762113571167
2.27237561999209
1.3625685933075147
8.996977046132088
180.1731379032135
148.5068211555481
8.563259305432439
8.920720246154815
5.413822864880785
135.41036331653595
216.25631833076477
4.362612096534576
208.0419602394104
201.44486379623413
235.86932754516602
8.138276176992804
3.9081394670938607
141.9606854915619
2.348418826935813
3.8091061720915604
70.79231381416321
174.79738187789917
2.8732069580291864
9.051438085502014
307.5880341529846
4.509314020629972
4.631929942872375
255.33957624435425
106.06815648078918
3.0487210882420186
169.63838696479797
146.47133600711823
35.01727800955996
9.743201751814922
12.815507815947058
17.728455572156236
266.28529262542725
39.875726993894204
19.917593896389008
24.57213752157986
10.565407443791628
18.303375836461782
21.01060065315687
12.785043916432187
57.159428387880325
15.393752495467197
11.659796356223524
4.267920535605754
22.245214869133633
6.657208520707172
11.290852529229596
301.03388595581055
281.0036737918854
159.02998113632202
11.383937578299083
194.98938512802124
28.24364131875336
26.28268801397644
130.82002449035645
69.85732621699572
15.471910729454976
10.910132080764015
21.326932972762734
23.972373076248914
244.08470153808594
22.452057286165655
14.711933502927423
180.43590641021729
13.549507827265188
17.07032015826553
64.64832884073257
19.293973841704428
14.642255516209843
337.06115913391113
182.29381132125854
10.976382468797965
7.1286867632952635
16.64224900479894
107.22266584634781
74.55890020728111
10.839199884911068
26.622818149626255
8.235811127902707
8.855212481379567
35.44394576922059
15.699897325132042
11.483074347896036
14.55903803370893
197.7338423728943
11.790852515667211
33.78112336155027
11.061094165052054
48.31736036390066
84.31893342733383
46.19324678182602
99.12805479764938
17.062553029041737
44.378994695842266
38.277673434466124
7.418458541971631
189.1177258491516
5.1497446222674625
234.66329038143158
108.27927736192942
16.89464014954865
44.80949635570869
18.95165615901351
298.78181505203247
10.839199884911068
11.739850642043166
25.986471839249134
17.0356200573151
45.478740990161896
46.46455559134483
154.7633855342865
12.414688632687103
44.41378222219646
36.48199471097905
7.88091446449107
30.981930010020733
21.61051047523506
107.61254841089249
25.115783665329218
18.987601173575968
74.22670662403107
88.07386374473572
30.066661719116382
209.74525666236877
239.44589281082153
2.4803030864194398
6.4729058656339475
7.964374431705551
9.973650044124497
10.647894207562786
379.63369607925415
103.84102135896683
5.495023373559889
289.77906799316406
2.436919450632672
4.209926176466979
84.34155258536339
3.8401552867580904
24.086612123386658
42.38840167177841
5.560497868922539
179.8190336227417
153.18683576583862
6.300487121610786
219.16322302818298
40.364926755428314
186.66782641410828
68.33359897136688
210.35581183433533
13.848882156889886
110.34991964697838
9.189970148036082
2.302180316698923
14.849258313784958
31.944181831320748
64.07361473143101
2.915772587090032
175.48583149909973
46.015896528959274
235.0426778793335
101.11071002483368
2.6752845986920875
10.771629171445966
209.22200322151184
7.93155868410031
209.52002954483032
50.764218747615814
155.84302538633347
57.019328739494085
14.696610963226703
128.29117894172668
19.291345300316607
2.8703943247091956
126.1330393999815
6.900203373355907
27.93592305900529
2.6904745794854534
8.70816656621173
112.5346565246582
2.4643848887935746
7.947171046864241
242.0974760055542
2.8892213327326317
123.50345063209534
43.47973150387406
2.269339915639989
20.85160271730274
40.18034549057484
3.1898623338151992
14.311546151060611
1.588586263952493
3.64242912197426
2.2181121245240547
63.20142263174057
118.89056265354156
211.39150524139404
3.9020212834146832
14.957503057084978
5.038533113697213
2.636718027484676
4.552011063278769
171.34470748901367
95.9547289609909
3.9472235223802272
158.36845004558563
4.391098604097351
191.12233209609985
445.39116048812866
146.7849680185318
86.20510178804398
380.645161151886
2.5318903487500393
11.86887214941089
44.54650226421654
7.426807037127219
233.37218570709229
4.032630739311571
355.86218881607056
188.02995562553406
1.472840468166396
2.0118422363884747
1.5600145102944225
1.470067995134741
82.81894121319056
1.0466243645641953
3.4795103713404387
1.1132158909458667
149.17715020477772
2.4814358758740127
98.41712427139282
1.8653537526843138
174.72167539596558
2.570188190729823
160.83896732330322
165.16681241989136
1.4469709096010774
108.50496077537537
129.1365532875061
2.9274810303468257
1.950969286262989
2.4440796095877886
1.489575554151088
1.5229024784639478
1.6491195615381002
28.16863166540861
0.925694654812105
1.0311555941589177
1.0058022455777973
110.53418947383761
1.2281284772325307
1.8960899873636663
96.05596780776978
1.6874593561515212
231.55891132354736
1.6941681142197922
2.358861423097551
4.202435600105673
1.6138079282827675
0.838071716716513
2.1286655894946307
0.6841543556656688
1.035559793934226
0.6282297783036483
1.4827443931717426
158.05928826332092
153.1238865852356
1.6526765334419906
0.9772236350108869
1.6970927673391998
1.5697058134246618
129.50518399477005
136.72771161794662
2.8909995940048248
1.8898438606411219
320.6023120880127
146.8571162223816
220.6070830821991
1.9821513602510095
1.3189545032801107
0.9482630448765121
13.640196345746517
107.53965464234352
2.3150736540555954
1.5124850264983252
105.3166269287467
0.97345474595204
140.10280418395996
1.11051543825306
93.20721041411161
1.377134345821105
1.8456600364297628
2.1402516183443367
1.7918570609763265
1.7139451617840677
170.2076392173767
1.8012149963760749
95.6843197569251
1.939791808836162
4.824417349882424
1.4662093557417393
156.5717749595642
42.85624547302723
203.81174063682556
38.042493716813624
240.99920344352722
27.720000883564353
285.86644649505615
112.87103378772736
77.07746800780296
35.48000682145357
36.7833202611655
45.16958433389664
44.00150904804468
31.080094125587493
41.260033532977104
91.94629568979144
380.81885147094727
183.38141012191772
278.6352696418762
35.94285135343671
62.709719851613045
197.85792112350464
47.505756728351116
90.59780526626855
70.71195311099291
58.75430452823639
79.93328396230936
54.67469239234924
89.4489333331585
278.35264587402344
84.28442277014256
88.41423392295837
43.26829391717911
87.67625594139099
241.28759479522705
248.962664604187
46.78558732755482
99.32212805747986
61.00963123142719
48.4138518422842
170.18016159534454
193.89223909378052
153.15879559516907
42.50928121805191
96.16784109827131
130.53707933425903
115.47092527151108
168.92538022994995
63.586413437500596
317.2704939842224
318.79531145095825
65.04398369789124
104.72841024398804
107.68523985892534
69.7553516626358
31.842698499560356
165.25866758823395
407.96089267730713
44.67956977337599
60.345419488847256
236.50461530685425
168.37632369995117
65.62724339962006
46.33709320053458
40.75959296524525
35.66265511512756
58.87360632419586
90.15981417894363
55.75851261615753
149.3794343471527
217.56022262573242
51.76865816116333
43.3392171561718
186.8825912475586
47.160593301057816
96.35421597957611
251.17614555358887
249.88856410980225
234.9595274925232
295.022216796875
249.0926866531372
215.76346063613892
256.4340362548828
84.77533853054047
429.5603542327881
43.06440135836601
113.30401539802551
41.59805445745587
285.4555540084839
258.59929609298706
282.32220792770386
73.65545744914562
58.16439348459244
90.00418791174889
226.8329563140869
70.43004584312439
65.60524201393127
283.47973799705505
152.59028488397598
5.998685540165752
5.772413561906433
6.319543487334158
73.31218041479588
5.851846302422928
31.20560172200203
7.111239866120741
4.6149716472718865
5.8397314070607536
9.175895804073662
3.8775599720247556
6.192272252519615
176.1012885570526
29.1912186704576
70.44368883222342
75.5954615958035
45.11992267053574
5.002229987294413
91.91812789440155
17.3243698887527
56.87998354900628
229.82781863212585
3.477454793115612
15.563974376767874
4.368476831819862
6.593025101872627
8.138721111696213
5.991332232952118
107.61303544044495
88.30803361535072
75.47742546349764
69.02231889218092
6.295914196060039
210.547034740448
4.899093453830574
15.69295511674136
174.2092056274414
109.95095121860504
325.99502325057983
59.568136643618345
5.045705207041465
13.318891048431396
94.54459512233734
8.669055084465072
6.859367961063981
4.76175326804514
155.79383730888367
147.47011160850525
38.39407587586902
268.5012822151184
301.0417757034302
91.35827350616455
2.912727819988504
8.967784724431112
4.156382422894239
13.53470382746309
13.246947166393511
6.537996303290129
7.105371951125562
5.5878989468328655
140.73597383499146
4.076797571658972
110.53543376922607
67.26752455532551
11.33703723270446
4.7192822268698364
399.7701005935669
182.61906266212463
190.88720560073853
6.165612157725263
6.9751918450929224
214.03009676933289
14.202083111274987
224.608300447464
86.71246813237667
19.59215118503198
8.464603614993393
5.617998207220808
174.14324045181274
64.69386874884367
157.39102435112
8.877139351097867
22.404630205128342
13.996917597949505
174.2806842327118
96.14126447588205
14.380952002946287
141.36691856384277
71.14880414679646
7.890337613876909
9.669095846358687
276.85271549224854
104.74150466918945
23.213300488889217
157.91110503673553
167.6710802912712
12.427257193252444
241.2483766078949
13.826984074432403
17.10238724015653
67.99659523367882
18.258567303419113
14.462412818102166
70.51849716901779
206.5480031967163
20.361525489017367
11.684741199016571
117.08443166315556
12.424507694551721
64.88357517123222
14.847765177488327
11.646622262196615
18.850137896835804
191.92398262023926
64.344157487154
15.038179386407137
24.33291512541473
109.45625627040863
15.677362048998475
7.267286901944317
11.30346349766478
183.79394435882568
209.69541764259338
164.57174015045166
171.93841981887817
7.267286901944317
31.680344060063362
155.9149158000946
133.2590810470283
12.68141042906791
21.172723973169923
13.144917409867048
18.258567303419113
11.684741199016571
16.944626906886697
43.611015282571316
31.61598315834999
16.19585378281772
159.3653590977192
21.405763179063797
12.391760509402957
11.614580907655181
195.66858005523682
168.91415971517563
20.10977574903518
205.0375188589096
43.00103788357228
16.944626906886697
63.35849876701832
10.13718964922009
414.5130920410156
94.03107857704163
35.75009346846491
78.89920485019684
126.0623071193695
15.52764705196023
269.6671953201294
138.82875442504883
7.845644272922073
12.825492281233892
75.81513962894678
160.80742752552032
230.1683406829834
139.18653506040573
125.67915678024292
10.727038284763694
32.460437312722206
10.58909161761403
67.76491442602128
83.02545927464962
21.39152918756008
19.042460633907467
175.6955544948578
6.069831659493502
23.562292305752635
25.800149518996477
275.2299404144287
184.36579978466034
356.70221281051636
45.09484577178955
92.47179597616196
62.74729795753956
204.76320493221283
18.09100115764886
124.73839068412781
13.263218278996646
84.6295108795166
75.93127561360598
212.40413761138916
5.638685743309907
189.6876573562622
163.93631315231323
25.7021410651505
4.312059581032372
7.613831663038582
2.705754918824823
238.77087306976318
2.0632595730365892
33.84681960195303
131.37879979610443
24.318883001804352
7.038714385504136
48.92361044883728
9.549574670032598
36.745369194075465
142.12375736236572
2.764197501470335
19.610117621021345
2.063862830927974
8.440174211747944
96.11505076289177
3.4287119825003174
141.18346828222275
202.97791290283203
165.94167816638947
4.983817692336743
292.30797958374023
2.845859460387146
14.296112256473862
53.75910244137049
33.91010808944702
12.26540628168732
29.662783183390275
18.37843184173107
4.764087964330201
3.1949019954663527
13.509315366391093
10.887531233369373
14.704282468184829
2.784336583566983
30.300962073728442
123.34021377563477
150.24339970946312
162.5021607875824
7.965839954267722
39.37960693053901
15.831117753870785
12.49216052563861
15.160501159727573
230.1363650560379
7.728917324566282
3.3612707704887725
8.877280593384057
169.71261024475098
8.326884432171937
10.326778450515121
59.30188575433567
7.166174602396495
176.95132094621658
5.118208318916004
72.90975689888
25.971581988036633
21.08743278682232
46.98185714893043
256.1510443687439
22.78935627453029
284.83701848983765
28.663083938416094
1.799705427997651
51.62491278350353
14.475662028649822
13.629997305804864
104.85701513290405
11.220573864877224
5.151918026405838
9.621642780024558
3.8660151530930307
99.12993457913399
221.4049632549286
12.59086424461566
11.051179892165237
4.9018153176875785
2.3603623001126834
236.05255889892578
211.33034563064575
19.12591808149591
6.031083369380212
157.6749186515808
5.231466859811917
130.56600169837475
152.11684370040894
25.928605487570167
138.56330305337906
4.653916522642248
272.6547498703003
10.142741361632943
5.225783869624138
15.055180044379085
2.743696141682449
2.843653210293269
2.6182477460824884
12.73675793968141
115.22972697019577
161.02481055259705
2.5280265331057308
3.7716888948198175
10.194745741784573
5.429655984276906
3.4677000698575284
99.56438073515892
6.302047069126274
110.5027503669262
24.38920296309516
96.5201430618763
10.945652420981787
2.602808216790436
1.9727195133154964
2.636566899596801
4.371373368485365
4.069263324316125
3.1072231298312545
28.908041045069695
3.093361483015542
3.021379542427894
7.449234980158508
4.47295786178438
241.8042755126953
104.38149330019951
3.8715244361010264
384.94040393829346
145.69581213593483
3.496184076415375
145.45243453979492
153.61965084075928
87.3567669019103
5.657809956697747
5.480274279470905
6.896791920531541
3.061730796704069
5.02346080695861
9.24546107131755
3.854150130355265
8.65274001461512
146.1989769935608
6.026962265255861
9.175893380655907
2.775434664574277
5.194576190231601
194.49009370803833
145.58946865797043
2.593721035242197
9.849138575373217
54.881768099963665
3.390448145040864
158.76536178588867
12.488180960295722
77.82033836841583
7.889118517516181
10.871878206497058
180.0967120528221
125.09267449378967
3.757765753514832
177.2607136964798
6.408797866490204
289.2329568862915
21.03689198498614
51.266663551330566
117.96652698516846
3.249453448544955
188.82801389694214
4.105208754277555
165.14813995361328
184.15024363994598
4.85960593027994
119.72351920604706
3.6975535989913624
96.30332988500595
17.75149686448276
107.91240963339806
89.34959803521633
3.0074758675255
120.39814281463623
122.8663934469223
21.1197120398283
2.683308121931077
125.17224559187889
2.7492074615116735
7.010367886396125
11.9605718171224
3.2993434745585546
102.16274166107178
4.482767258290551
3.1018656000087503
116.04942339658737
77.02789211273193
9.091842874709982
4.110529005933131
4.16801213263534
60.6079565808177
18.412826364161447
147.00090980529785
53.1934829633683
17.33762612566352
211.29850161075592
162.17301082611084
17.672125359240454
48.584237188100815
10.503766086825635
123.61728250980377
8.802311516366899
37.061652168631554
22.686177358031273
85.15781009197235
84.56138813495636
38.85513842664659
184.72238183021545
208.4595284461975
42.24544316530228
19.83369332179427
18.777469274122268
26.13992290571332
41.325956627726555
71.36011987924576
17.57802094204817
216.42067861557007
37.61714225448668
99.89060591161251
16.952291760593653
33.396410268731415
12.72536428424064
17.653538240178023
534.8179330825806
157.03334999084473
40.5788214430213
14.049692649394274
184.39251375198364
212.5860629081726
8.325153237208724
19.76563155837357
17.57802094204817
189.74093222618103
132.06013083457947
35.345025358721614
102.36448663473129
28.083405010402203
202.76145267486572
18.296499516814947
17.69704365346115
169.60733246803284
9.40215423121117
192.46507811546326
86.73257188498974
34.718081533908844
34.10687156766653
23.90526951663196
36.472724460065365
166.5879706144333
113.10412886738777
151.44928431510925
15.673113900236785
12.10240508057177
23.07621442526579
137.68760484457016
19.674457580316812
225.5899317264557
203.62638115882874
47.71749457158148
24.040588995441794
31.072238540276885
36.51205497980118
31.782602600753307
13.837701759533957
42.91750711388886
104.40439516305923
46.27661666274071
20.669879099354148
105.62500703334808
206.20970511436462
25.054518960416317
23.338182639330626
18.154266234487295
277.7765221595764
48.11728004924953
19.81565742334351
8.652857640292495
27.194722558837384
231.79226446151733
15.309442825615406
379.8111743927002
250.9598789215088
300.97759675979614
47.71409314498305
191.54103827476501
17.69704365346115
6.351743130857358
7.228705800662283
195.96732020378113
4.884185911621898
186.71047389507294
53.914878875017166
9.36834578413982
213.87967991828918
8.792093712225324
9.393461808562279
175.61141800880432
7.704836772412818
5.397498572827317
5.499536276329309
170.72678804397583
27.37113884370774
216.54782366752625
77.41526122391224
237.94160270690918
9.400409128516912
7.396758140574093
8.35764719126746
6.127660086822289
4.50662899845338
13.329968099715188
10.684816815657541
3.981043127452722
3.8978726675268263
59.50041626393795
190.59310233592987
209.91110920906067
5.36133937354316
149.16503429412842
5.1583961737924255
5.302087729913183
9.616419035475701
134.38713145256042
7.727237644896377
113.9893611073494
195.02981173992157
50.80114115588367
257.1076092720032
313.1503915786743
319.6577868461609
19.05637139780447
43.72086048126221
39.071777269244194
5.236901063413825
127.9042341709137
46.76065095048398
84.81646856665611
5.69605573752051
84.51092946529388
354.3739652633667
109.2699693441391
54.0398812815547
24.0576807949692
5.848860672675073
119.18186765909195
13.585961893200874
9.460393499350175
208.48193407058716
274.36969661712646
20.343939676415175
341.8806595802307
57.094063460826874
144.17181253433228
6.927068862947635
5.542331860642662
83.0268766283989
10.677607211458962
223.90380787849426
5.542331860642662
91.00853610038757
10.677607211458962
11.7481693525624
227.67591452598572
4.686825948490878
4.847301776986569
3.8084071693738224
231.32913446426392
7.827805776731111
271.6326279640198
6.559641373489285
49.787902895361185
203.23935544490814
17.152578528271988
7.787289524829248
3.348076528083766
6.978482114005601
9.659285428235307
3.2083127459918614
162.8370590209961
172.84568858146667
5.595236781751737
164.3560881614685
89.9821926355362
21.202664166223258
5.261292427167064
367.43290662765503
3.767230657984328
3.927407449729799
52.73798708617687
78.04683685302734
6.392187056248076
6.760636489285389
15.305716769769788
6.6865682965144515
217.68736052513123
168.20378160476685
8.283299001661362
35.10937017202377
300.93175888061523
38.490444622933865
403.3851389884949
5.668292702815961
5.523976147582289
332.0710129737854
178.92710888385773
224.85391187667847
253.27588176727295
261.1194279193878
67.42051616311073
293.15259742736816
5.157023537904024
279.4004821777344
11.917018961161375
275.42543601989746
57.97387386858463
19.391968317329884
10.780638626776636
6.186597307270858
14.553560763015412
8.547814334335271
4.877022337190283
3.3129306050541345
194.39851903915405
8.189718400593847
311.96485233306885
6.139028586447239
219.4042385816574
47.10193083807826
53.769233256578445
5.561942138536324
117.17352005839348
236.43052458763123
5.623380219491082
7.157881780527532
380.92422819137573
8.91230230324436
7.906091170310901
3.771055027120383
16.183067528065294
47.11078009009361
6.813687814865261
5.135988580863341
302.3127427101135
317.3681411743164
53.61283291876316
220.74378395080566
4.297754237893969
16.467366721481085
7.565253968867182
64.79661747813225
8.093675555603113
292.58504915237427
12.998471130384132
41.30086478963494
6.299478794448078
24.612689711153507
23.980046457611024
5.525431412504986
86.13866710662842
68.98572181165218
2.100630399582883
1.5032067192381646
10.509622651676182
26.243395656347275
135.0283703804016
8.170433739200234
174.72353076934814
6.828333438839763
149.19655442237854
146.87745428085327
3.9363673447223846
28.925524689257145
5.38927229528781
2.187202318755226
3.4402519897557795
43.90279829502106
29.488393649633508
34.01411513611674
9.179840604774654
25.028177216649055
2.1999182986946835
28.171931684482843
10.987886847928166
91.57826459407806
22.371623069047928
6.637876691413112
288.5480432510376
178.03641819953918
19.459900798276067
33.508871536003426
3.589149192752302
222.25897598266602
4.684545364900259
189.1439745426178
1.9014161029189154
12.661012823693454
5.700595046258968
22.944733817130327
213.37776970863342
17.682476982474327
218.7389259338379
3.1477945814694976
71.11740583181381
262.693971157074
172.27850031852722
4.263874415286409
7.367010699410457
162.764808177948
162.85409116744995
5.665676725519006
1.4349198782758776
17.599066181574017
238.98649644851685
3.2965573137189494
254.50750827789307
3.5543564741674345
1.7929389849148265
241.46682405471802
4.7880409540230175
265.9390320777893
15.520255130715668
10.532975292298943
3.254425007631653
86.03715991973877
151.2469823360443
221.0348618030548
18.15791717171669
228.04481554031372
201.5024654865265
8.17210167599842
170.84395444393158
2.401029961589302
109.67593896389008
14.265479130670428
13.303170511033386
1.8373226299809176
14.916167140007019
271.116238117218
1.0009124766182822
208.72522163391113
7.543242026411463
172.5430612564087
38.727749948157
158.50776481628418
36.88927301764488
104.71466720104218
148.43721389770508
9.390447271987796
12.810271448252024
23.321309382095933
168.3620082139969
25.07239084970206
43.88529688119888
10.512110921554267
10.942902890674304
127.76348209381104
177.06627368927002
148.19439816474915
195.12492275238037
9.465094067389145
16.793300588265993
250.49628973007202
13.020031678956002
8.224950553005328
127.40309524536133
114.35499566793442
25.07239084970206
16.05088927433826
67.57679833471775
243.200044631958
13.96063367111492
7.623146768426523
8.081834867683938
117.97403693199158
23.321309382095933
85.83036905527115
24.39985765516758
25.07239084970206
12.455153789604083
143.17277109622955
23.321309382095933
23.321309382095933
8.673518191964831
196.7734889984131
167.7415735721588
7.623146768426523
145.5750870704651
25.07239084970206
9.745223482081201
25.07239084970206
8.981098063988611
14.345901923603378
187.60640215873718
153.03500294685364
11.283553650195245
208.2119345664978
96.28193712234497
18.170281067490578
127.95882534980774
169.23653745651245
11.37438095046673
91.70223951339722
251.12731266021729
216.61803102493286
43.29936011135578
157.13363647460938
10.762955897022039
16.216890040785074
14.289812696166337
7.763845843466697
68.38161945343018
112.41832429170609
11.220869928598404
63.41763997077942
16.69296846166253
13.769668402150273
10.491566117852926
8.355351108213654
121.04723823070526
12.385841165407328
183.9411656856537
147.31788110733032
23.321309382095933
184.90689706802368
110.58443892002106
16.60010305745527
46.4216765165329
151.20830208063126
19.10786226997152
18.674828712828457
37.57735978811979
164.49459266662598
308.2279348373413
3.975210184266871
7.223996882737993
10.912591573651298
128.74361020326614
124.98915946483612
138.5076413154602
9.586293164895324
14.697600333834998
113.64094287157059
3.9390650015229767
8.761528429487953
2.813019632569194
315.9185781478882
5.849734730376895
2.019166255653545
3.06040127277754
9.431111658355803
209.30139064788818
174.2856611609459
97.35304503142834
79.46388757228851
6.028794564237614
1.8426833975713635
6.345530253855031
8.021150615764782
111.40289741754532
4.88984624996192
5.000192981129658
128.0073803961277
6.186099788174033
2.675415752630215
155.368323802948
74.02852805703878
190.86660051345825
11.033352819547872
149.32354164123535
138.9453570842743
379.5277862548828
45.02007277496159
7.416043468248972
4.47276086724014
35.85679550468922
2.717928335758188
4.895923357327774
14.946852981884149
11.649672329425812
2.5933566551075273
5.097550805737683
195.32717847824097
2.7005856249743374
110.63684523105621
5.311612170829903
1.9202377959715022
10.451613241281393
6.153430144244339
163.25105834007263
5.597958603357256
86.09644019603729
382.5936598777771
112.36726158857346
5.060690218018863
138.28340280056
7.817481486243196
29.32091745507205
276.3633155822754
87.64854039251804
124.00089574232697
11.751407627016306
223.41064929962158
9.166751817887416
73.17813557386398
3.7899599284842225
4.386557932225742
512.7322654724121
12.930956376672839
8.67977651162073
7.0568108678780845
158.92581582069397
144.18386387825012
148.6429569721222
4.867700150818564
3.331587774802756
3.563857867382467
98.71786165237427
1.365203642169945
180.67138528823853
221.6718168258667
44.160081565380096
1.8193882544874214
270.3603582382202
83.95454509556293
24.072894603013992
179.27332472801208
83.46021294593811
304.71870040893555
175.6976146697998
382.81704330444336
180.72592091560364
5.559026976116002
316.41679334640503
220.80052185058594
11.188301204703748
14.26109903305769
138.05954432487488
192.37673544883728
69.0915455520153
4.015653416514397
172.15364968776703
76.65233173966408
2.30965941818431
4.658842742064735
3.0946694309823215
1.6898239480360644
29.452853091061115
66.64527755975723
6.288356766104698
7.681333608925343
68.64106440544128
269.2893981933594
181.7053725719452
7.126613201922737
9.719942811876535
76.85008698701859
176.47782933712006
6.6064372677356005
3.2494529399555176
203.01729273796082
55.22855406999588
220.507874250412
13.690223399549723
9.806425264570862
1.4759487800765783
3.0542129114364798
6.275423442944884
3.6295825025445083
155.74364560842514
195.992534160614
2.483340284685255
5.245257955044508
3.0006675886688754
7.84991657880164
4.917580881272443
1.3247468353365548
3.2700857542804442
93.54040431976318
3.0542129114364798
5.222542533825617
192.56526231765747
4.1973996182205155
1.380011415152694
11.225592564791441
3.105939097702503
104.3797013759613
215.9159712791443
230.24842929840088
12.507803358137608
101.96517968177795
66.03574134409428
151.69261980056763
4.487461397853622
5.898487315163948
261.2369689941406
3.0556736153084785
161.28604698181152
6.703291844838532
16.676197580993176
251.93225193023682
2.603697908576578
252.55539655685425
165.20471608638763
3.2495840405172203
130.1160989999771
170.65031731128693
25.191572193056345
236.1784725189209
5.006058549857698
3.6233343593776226
167.96180629730225
5.18332091672346
3.712834566948004
15.293768500676379
147.7780990600586
13.039889221079648
180.13223505020142
198.6628851890564
212.32858419418335
33.75619377195835
177.284987449646
43.179443039000034
95.16917186975479
134.95981407165527
59.15863269381225
100.35734234750271
88.98052144050598
68.1711698807776
137.1524532660842
30.301749892532825
209.20501017570496
323.91310930252075
271.1643648147583
15.604194570099935
230.11680936813354
216.3671395778656
6.728991049341857
44.22721850499511
166.50650024414062
28.376086995005608
5.391148247290403
15.002772824838758
99.87725567817688
226.53779768943787
10.835589664056897
255.17021417617798
10.543572663096711
178.90374767780304
7.869511616881937
246.65496063232422
20.779200552031398
22.54475423321128
59.36609049141407
8.372868033591658
224.87468028068542
27.423335537314415
20.581754591315985
21.810319116339087
32.25551000237465
119.31119346618652
15.675054598599672
91.14585733413696
282.732346534729
99.36019139736891
242.73045682907104
9.616480904165655
83.96453195810318
57.39079808909446
8.253666130825877
48.61634039878845
203.81631183624268
139.26345229148865
8.809979050420225
34.41914997808635
15.22380936332047
22.112739792093635
149.33825621008873
54.23286634683609
96.10521471500397
67.85775826126337
41.65765883773565
16.176144144497812
48.747339859604836
145.49442601203918
20.734372727572918
38.11965627223253
6.846465963870287
15.914171366021037
327.29206705093384
248.32029032707214
67.76722049713135
108.70921695232391
39.87742979824543
22.239068176131696
290.214234828949
174.83245247602463
55.40522909164429
194.05121278762817
98.81726789474487
183.4934995174408
223.4416823387146
232.73647165298462
39.480680737644434
35.9237076966092
32.38610263168812
32.236753350589424
208.3634955883026
161.9367949962616
245.6093511581421
43.77600035071373
84.87568068504333
26.534065291285515
115.14123556017876
4.61022093383508
173.99305510520935
275.3552031517029
91.96687838435173
9.877041079569608
6.294676866593363
12.4395912529435
6.813902825026162
95.34414148330688
5.819796172778297
8.482741828784583
114.58562421798706
13.167457162053324
4.814076643582666
9.924441793235019
9.924441793235019
3.9895364301337395
10.261507195187733
10.249001922784373
79.57761693000793
4.930122071027654
167.29310250282288
33.667748510837555
252.81660413742065
72.44003599882126
129.64103603363037
10.891045046038926
227.13427782058716
90.92630386352539
14.37934507895261
5.610611045134647
148.02384316921234
37.01765091717243
6.876868901847047
118.23681318759918
111.09410381317139
22.64934582542628
7.887114644880057
205.56604671478271
132.4860428571701
75.98828640207648
7.444909918005578
24.74099960271269
167.08977329730988
261.2282180786133
6.848137044416035
6.58426419726311
152.92683672904968
18.328385271131992
5.5903620028620935
8.164694310748018
15.49642900750041
210.18867540359497
7.151748413511996
11.084236910101026
4.158284050539464
34.9881561845541
241.03831100463867
47.032680347561836
77.62444788217545
203.6189432144165
174.89326453208923
191.3243625164032
137.05567932128906
4.813758854637854
6.390646702842787
137.2229928970337
4.399942526128143
149.40137660503387
12.17586009776278
5.163986993487924
9.937978158239275
17.29149203374982
125.65151619911194
98.6354447081685
0.596229170125298
1.1157132397638634
2.223378741677152
141.76573753356934
3.314588984125294
100.48617684841156
5.0078622897272
120.86612039804459
3.872402239125222
69.31419579684734
1.7194800448487513
177.07333517074585
23.94461951777339
10.232762340456247
155.42241644859314
42.38660344481468
136.67800974845886
91.7001320719719
40.441405430436134
226.2366442680359
99.70430862903595
4.495657880790532
5.653717118315399
6.250305731082335
181.74505996704102
63.68282651901245
116.000812292099
128.2485090494156
1.9390469571626454
7.865469929762185
2.12008045357652
2.753935706568882
3.278845701017417
1.9899737449013628
53.63436168059707
1.355525125953136
3.068623806044343
227.9977843761444
2.659304082248127
0.6613473193938262
4.493664717767388
81.17990690469742
1.5487773703644052
2.2019266307247563
2.2301364650484174
219.24143409729004
5.78347386198584
119.86083620786667
0.9401795521249596
6.493414875527378
6.102997678332031
8.559577129548416
106.1654000878334
161.25569796562195
105.55286660790443
112.98895823955536
5.099936824233737
62.53409230709076
16.585895182564855
163.41542875766754
1.1042149637069087
2.5403053578338586
2.639742011670023
141.95877766609192
2.6820421422235086
6.104409525287338
3.0336564077297226
1.176885786378989
0.9751087356125936
0.8783754300966393
74.56810468435287
1.9144704364007339
2.3221819625468925
36.01752553507686
1.1071926394361071
1.0226528874991345
2.1274252156727016
129.0454819276929
262.9897708892822
176.94262364506721
187.56515979766846
85.60456356406212
108.95874544978142
1.1546011891914532
1.0808892432651191
206.81519293785095
3.809123921673745
0.4857945568851392
19.16451020911336
125.7878246307373
1.672392312611919
49.22810098156333
1.2762611380312592
2.5338603374548256
97.37389107048512
3.3033893750980496
2.567796785850078
1.2330506850703387
34.05566047877073
0.5175722047315503
0.9557413117145188
1.0533107428927906
101.20758682489395
103.30940729379654
4.647924563847482
1.7593574749917025
7.608990948181599
0.3662619409533363
39.620696536498144
0.9773279745022592
12.89792203437537
2.222236085566692
67.13523270189762
1.113548885570708
1.056186451955
1.0047297713954322
1.4294163394661155
122.40113937854767
2.808987658645492
244.87190008163452
101.23872172832489
6.3811093382537365
61.979559236206114
91.1559430360794
2.1812902610981837
169.43462085723877
27.716688798507676
59.24051170051098
0.9547760837886017
74.98677963018417
100.58016502857208
0.9650101189181441
72.55855117738247
1.4901862991973758
1.2227747496799566
2.12475054548122
2.550731632160023
27.33926387131214
109.02265752106905
10.488537548109889
107.52407014369965
0.9972968422516715
1.4868385313311592
4.659319957718253
10.995389932766557
164.96372544765472
0.866410458143946
4.455302387592383
6.633128588859108
2.3611068585014436
0.9444945550603734
8.160052679479122
14.935625371523201
4.8147321997676045
64.4566887523979
270.6978597640991
12.042439736425877
121.63421112298965
1.3198866349412128
2.4107967159725376
15.319864024990238
8.065904956310987
102.63426312804222
110.46629452705383
9.464776241686195
45.167361319065094
5.39172402524855
222.67882910370827
29.329645443242043
5.724153599658166
16.42092115903506
3.390398560324684
10.66893729439471
6.637643590453081
3.5715514608164085
7.4464433167886455
157.8487630188465
5.5780958942341385
172.4665606021881
8.159949363356645
9.124636619349985
5.427067028707825
3.1776065974190715
5.444050078571308
2.6692311910537683
2.6738218820173643
4.0680590715273865
9.402678201906383
225.83156633377075
24.282070075976662
7.417483834206905
5.69688471678819
4.8433909897721605
53.60539895296097
276.2958173751831
11.957446849788539
10.592855496550328
104.68276366591454
18.421350582735613
268.5358455181122
15.487451564520597
210.75844514369965
5.70424577364065
260.09248971939087
86.2203676700592
200.06102635711432
169.2358261346817
19.791659535840154
2.9666826333377685
5.225004657055251
144.13734847307205
278.6242733001709
6.058805317734368
115.67275142669678
2.874778413668537
3.304836409286054
203.63051414489746
3.6414532646231237
5.636847669893541
10.703392793395324
262.1343641281128
244.74269199371338
5.865073824883439
32.50441144127399
5.0213852629494795
6.258593520762588
230.62088203430176
20.681665048468858
32.98024179041386
135.4777749478817
8.10665979841724
5.181119412125554
11.29133444558829
183.0696101784706
70.32569372653961
7.887561272567837
13.329042067991395
40.67329398426227
128.90863843262196
8.128422535654977
12.31711203228042
1.7187789545732812
12.431321762502193
3.161756386259185
73.48854194581509
9.811568396398798
288.95610523223877
6.629200619979429
8.368716077879071
247.8351709842682
12.904562583367806
4.1618214721020195
6.0068948319676565
1.9132985290709712
223.908447265625
295.7470407485962
100.54651463031769
1.7441220558030182
24.832605183124542
224.98456859588623
2.0345436924981186
3.836109219584614
131.19910545647144
126.50740373134613
310.8452978134155
141.65780091285706
2.3019739740993828
3.2679861085325683
163.98633739352226
90.88854217529297
83.45904314517975
6.9325311332941055
4.375807824700132
2.125292262964649
9.228405182715505
230.27228307724
217.3087863922119
2.132030292181298
192.88446974754333
2.125292262964649
1.800645356241148
13.338758828118443
61.93267124891281
3.433345280122012
13.485575063154101
2.020922353854985
139.27710020542145
7.5069294683635235
9.767101833596826
2.348781562410295
191.59740361571312
2.421495513059199
1.567172993949498
3.2819539658958092
5.705621822853573
3.5464409062988125
81.87676930427551
1.5960988399747293
2.292385056614876
1.3270030795247294
6.400952404132113
12.163808406330645
1.6862488820188446
2.4206841936102137
7.725569494999945
5.892060291022062
342.90906524658203
2.7489211428910494
333.784387588501
105.34496915340424
216.91202342510223
7.9529850743710995
2.0862357370642712
7.043521473184228
183.65616607666016
93.17493909876794
2.6057533207495
3.0957702368614264
1.0204535769007634
6.453456351111527
6.897059505805373
3.0008875635103323
3.7833445188589394
2.3672912616748363
111.02547216415405
195.79656672477722
9.059602741152048
140.77001810073853
4.553648272296414
2.573438168539724
202.8152096271515
3.0030874618678354
7.717601049691439
2.8796520858595613
51.21623495221138
1.873861991101876
193.7760704755783
184.06708455085754
115.30003400333226
198.76637315750122
1.1880591146928055
1.6049432260933827
2.690723770065233
1.4949720689419337
8.744176058098674
16.49522640556097
181.61168704926968
41.918751653283834
89.01135301589966
12.867850319482386
41.13285504095256
37.460469391196966
36.489604061469436
17.77732331344305
27.13528741407208
15.987682924140245
75.2817372456193
146.4018964767456
67.93660072982311
12.340924243530026
91.30584037303925
101.51021111011505
22.29720369982533
13.346850795904174
18.199832133948803
25.06267236918211
58.41275130212307
89.91167283058167
171.65240836143494
56.27998160663992
21.551175471860915
233.61066961288452
21.90923779620789
16.216978698270395
18.16225548624061
16.992332207039
20.69766690954566
126.00852560997009
54.9983746111393
16.27813277507812
20.402497968287207
22.468794520944357
16.323590328451246
