3.02070522622671
100.60043287277222
2.367388088379812
78.44403147697449
248.8351707458496
1.9424554693541722
7.170726254582405
1.969404757652228
7.344754683377687
1.2437019408525885
2.64509098653798
2.8845183190151147
2.618821045740333
5.457816929731052
199.23127365112305
5.404054393060505
2.272580666875001
1.0391107347095385
0.6488681092587285
2.280457244894933
4.803696535585914
3.8960508424788713
1.366323795893095
2.2159847501952754
0.7406873997697403
1.2829274152049948
3.731246087932959
2.0959518468298484
1.4812912394281739
1.9133687705616467
1.66461087528387
1.5177671992860269
1.6849344371312327
2.418764891623141
1.0393740936337963
5.266182215418667
4.407585482811555
17.267879359424114
1.24417710801481
54.23045648634434
4.649562075966969
3.565141179889906
1.255706895441108
0.920501347514346
2.6520544025552226
152.5586953163147
276.9933843612671
0.6353318283690896
1.9818337427191182
2.630513236799743
6.528675279347226
2.0231307519279653
0.8978687812652879
245.84793329238892
2.0361017475734116
10.641586009413004
3.4363330255728215
3.274813774274662
2.2763472789374646
80.55176365375519
2.4712390962522477
12.775297817308456
0.977620888108504
1.9101168249544571
1.0550664312368099
4.3466421034536324
18.17433375539258
1.2537653463077731
1.6060872484667925
3.54093257203931
1.3558301727598518
21.432491812855005
87.22343575954437
78.05719321966171
2.936353152326774
3.424535626079887
2.080810159270186
1.2527745661973313
1.8596485503549047
235.6727476119995
241.82321739196777
1.0602159232346366
1.013848787398274
0.9511340476697114
5.939651907654479
1.2063203561556293
0.848569758956728
282.6252565383911
4.5869699795148335
2.1861522904073354
4.191880372818559
1.6872384689741011
1.4523616535282144
4.025085618253797
18.7905849609524
8.337299972292385
11.010381063795649
39.50622467696667
9.555213199695572
10.6003287055064
37.612066723406315
263.9141330718994
6.529000632886891
316.98773193359375
30.80085138604045
11.103683647874277
23.921508491039276
16.2982572815381
176.1386365890503
21.371345460182056
22.89369698613882
208.36285936832428
14.505798331985716
13.360669446119573
17.049144886434078
18.29381673107855
10.373507671058178
52.041763022542
154.53440256416798
8.789081864495529
8.745736380471499
8.517022523650667
406.9675168991089
27.733629712834954
12.960576639481587
10.392717848350003
19.511100235627964
11.87077467446943
12.102763460250571
27.561793617904186
14.511035282630473
10.904874435917009
12.318963340017945
17.669821713585407
54.32981815934181
17.980980166699737
7.572326422134211
17.3787601175718
74.57893434166908
140.57893252372742
67.33067685365677
8.099053223830538
10.381745832287606
6.198671229818842
10.060867627995322
10.373507671058178
111.06352436542511
48.19764906167984
17.750786794465967
16.184998851967975
28.061532063409686
78.48609280586243
138.91278553009033
119.5457444190979
9.590754333788936
26.991975873708725
48.35939485952258
7.73458264432611
12.247805136721581
13.334342646528967
10.734121467568912
19.274633517488837
9.130238068581093
213.7934930920601
24.5181354098022
70.96674072742462
14.472522929223487
173.63128805160522
55.099520444869995
10.406394203615491
289.3482594490051
7.856612277886597
12.462188174249604
39.340984873473644
43.180043272674084
10.972943721630145
16.557382250321098
13.169658899307251
32.63058786839247
9.443754845648073
8.637421572352423
28.30880806595087
132.0275478363037
31.046467138454318
0.758670080867887
0.4237081041459305
0.5514948434856706
4.498548483476043
0.9447790420572346
166.1911940574646
0.5266440439013422
0.9239169891470738
1.1338805170735213
3.745719011873007
0.7537198549462119
3.205617715138942
0.5447583344907798
1.1146419642573164
2.21704865898937
0.9919048039300833
1.8749763746163808
3.529482073383406
100.62699788808823
1.0909300983184949
0.8885359185333073
1.2416685677599162
5.098254143958911
0.6625662535516312
6.842179420917091
0.7915912009166277
0.7040166346851038
4.515585921704769
0.942228652726044
1.8283502506951663
5.210880785249174
3.180302386987023
238.10251307487488
3.9385542410600465
145.5824134349823
1.0991607401520014
1.5105292292428203
7.92566399811767
9.824587043840438
0.6401625023318047
23.36004177480936
2.188142798433546
1.0263806068378472
0.4074958548462746
1.4700217431449119
130.28894782066345
248.58238172531128
0.9403278758982196
0.3176202017560854
1.0532080857592518
119.17975163459778
0.7256614283905947
3.672493182427502
5.400030144141056
1.0372457351186313
234.78040766716003
20.241566993296146
2.3977712218475062
1.1085762419970706
124.40357077121735
1.9831728868884966
1.7072400506222039
0.2014221201145574
2.6507923979661427
1.3298946077316032
1.044153425600598
6.5501649370417
95.13702094554901
0.2366755032498986
1.589546355578932
1.4160746139241382
2.1247697936200893
1.1269088383269263
0.8880605528706838
2.729298637161264
172.38301920890808
0.33834572639898397
0.6227803428046172
0.5245989662006423
301.06486415863037
182.09541821479797
79.01406060159206
17.341709069907665
1.0158284576027654
4.770879238320049
3.0092264069078283
8.55258763441816
10.245972747448832
6.335192173719406
201.36469507217407
255.7721996307373
163.3695648908615
0.6051734011016379
0.37596681591821834
1.6125303683220409
5.387790955603123
0.41725609835702926
124.96124103665352
1.51357174559962
211.18297791481018
2.5713854362256825
0.8065759779128712
0.7420953109340189
114.64670038223267
0.6433101786533371
3.425238946452737
1.0629821310394618
0.36862697068136185
1.227975753688952
2.245248479070142
90.23280167579651
2.8833787199109793
1.439634888592991
37.26333636045456
2.8817924831528217
0.6741994955991686
3.390908365137875
151.28926372528076
292.4463291168213
1.7468100123805925
275.4249610900879
1.0987702921265736
2.8110802324372344
0.9346329057589173
0.8373526007708278
0.7297007830929942
0.5149120321875671
1.4486040318224696
3.5603556365240365
3.1767710465937853
15.388445232063532
354.52287673950195
73.25298082828522
113.22714567184448
1.0820306615787558
5.148668998503126
2.1632469774922356
15.5211933539249
5.444882869021967
2.9882117630913854
1.494819041879964
2.7550623482093215
1.877033358105109
0.8308430564939044
84.76916253566742
2.0117779577849433
0.6683434687402041
1.6107426770759048
6.550232937559485
1.3316915094619617
129.26703023910522
3.1248109854059294
5.799874745309353
0.5885004863630456
3.6237068731570616
60.551286697387695
1.6107426770759048
166.28438210487366
59.70001968741417
1.5137699595070444
16.349538378417492
5.082925749476999
0.9851350980752613
28.6467718295753
7.173143498599529
154.2260024547577
5.859903642907739
284.28686332702637
27.716925954446197
2.2867419479298405
109.35241270065308
4.122871153173037
8.933900867588818
0.9223026185354684
1.344342939191847
23.3197615815443
1.1991558554727817
3.6254880921915174
366.17663288116455
1.9511888373526745
2.450899582123384
318.0471844673157
0.49317063469061395
2.282744145952165
1.6107426770759048
1.1125023300992325
120.92340087890625
0.6842372130195145
0.9333649756154045
0.3974206851466988
108.06168913841248
4.147944684838876
4.936566786956973
2.3806900132822193
8.555128305102699
5.439520940184593
4.634568382054567
1.7263073429567157
2.175419907522155
3.625869127456099
15.858474165201187
16.521403715511042
3.950476908069504
41.49760012514889
11.220130390152917
12.041716797335539
15.860540673136711
72.77522528544068
237.12842464447021
14.859672687423881
43.09545539319515
54.39739529415965
8.91599787864834
12.29299909913243
10.165956207783893
23.210176590364426
31.12072629481554
23.700577692128718
19.35671359859407
21.257099196503987
14.401899165357463
8.721601312980056
147.76816707849503
45.671095594763756
31.36755594611168
27.849380628205836
37.4764138488099
212.25729370117188
14.586695534177125
26.530744671821594
35.43689304916188
38.672898069024086
10.317538764793426
13.171069810399786
11.45067281118827
33.32370184361935
27.794596049934626
289.1696443557739
34.83868608251214
12.944797424032004
20.977800796739757
289.8142056465149
8.618664937865105
14.228853750857525
18.403518864535727
21.229694485664368
13.543296796735376
325.06730937957764
19.799074785609264
32.4204531814903
25.574579760432243
11.235415624687448
11.835408553117304
45.26117220148444
38.43205827474594
10.024698984620045
28.03036669269204
29.342088520526886
39.29864519275725
24.65781424473971
104.5872015953064
20.679306982521666
24.554378818022087
26.111998226493597
30.71783682703972
8.880546588679863
34.209397826343775
21.581815415935125
22.141376339364797
21.871989196020877
11.74369402229786
18.725617460906506
86.32328904420137
164.69823741912842
60.05443078279495
12.030825442721834
42.36676120571792
19.441465129366406
19.310031782835722
20.400287318974733
249.97454643249512
100.66188395768404
148.3846414089203
90.37970650196075
295.24926233291626
15.17331135738641
116.27753436565399
42.52929830458015
26.933476417325437
270.6259055137634
10.55124883633107
197.96947574615479
27.258116961456835
17.809363132342696
14.479097100440413
35.99494574125856
13.147756296048101
51.08422498032451
16.744663283228874
15.76868153475516
3.1663435520604253
145.44392108917236
109.17999768257141
2.156798357493244
3.7863197345286608
4.2930126916617155
8.118775557726622
139.21354138851166
156.30890274047852
135.0713291168213
7.542130782036111
7.435801265761256
3.806712333811447
7.5101759298704565
327.26216077804565
19.26014056429267
9.098296144977212
3.655459162022453
19.851054772734642
2.4291709107346833
7.435801265761256
4.032999385613948
3.871078461408615
2.4371298868209124
2.4919588818593184
2.513603364757728
3.987548106815666
2.4751662369817495
3.4974392149597406
3.871078461408615
5.358887322014198
9.734147381968796
7.435801265761256
12.807032597716898
3.381999789737165
128.8672857284546
2.290037146769464
3.080257520545274
20.31282167136669
64.2768874168396
4.7465466652065516
97.10272666811943
78.68443705886602
151.932457447052
4.242779881460592
176.62210524082184
35.026839174097404
11.586034655570984
7.0000914968550205
7.111634130124003
6.057606431655586
3.827315096510574
15.91540350113064
6.619705812539905
7.0000914968550205
16.814343832433224
29.98100778576918
1.9419296630949248
151.26842153072357
184.91978216171265
77.35313177108765
3.8096563316648826
2.7758883512578905
1.8835827656439506
3.524972702609375
4.456547442707233
4.192030852776952
2.386108269187389
143.15068650245667
2.8804540287237614
3.0103240375756286
137.4491537809372
3.871078461408615
5.398613386438228
3.512956413673237
5.210544483968988
2.5948787179077044
4.2680843328125775
2.3621848167094868
3.2999131064862013
13.1550862044096
2.4904726806562394
12.807032597716898
3.2920983908697963
2.119664028768966
5.460167208861094
2.4904726806562394
5.950077529065311
4.435938116163015
6.502450392348692
4.299141542054713
15.560929944738746
12.817484902217984
22.231314305216074
2.7758883512578905
10.733523396775126
3.317546750418842
2.053046503761834
3.366103702763212
351.3687047958374
0.8406231878325343
0.8168180389366171
82.53099128603935
158.60022687911987
137.68698459863663
93.26255686581135
1.0338609998798347
4.590273464040365
7.060663375770673
0.3009468319651205
4.328082045540214
1.1177962636575103
2.200421226210892
0.3804959481349215
1.459286470664665
199.88270103931427
105.45495939254761
146.01133477687836
2.0307035569567233
1.0865805832436308
3.270436442340724
118.594411611557
1.077267286076676
145.51491498947144
0.30124759172758786
7.696636380627751
156.50605010986328
120.2760922908783
0.5397835057301563
9.503555569797754
0.3061008581717033
5.615592900663614
267.21625661849976
1.7229703338525724
0.8106599094899138
97.61251902580261
0.4426549596246332
9.751300163567066
0.2597339679632569
4.586752608127426
0.697650296449865
3.430209900252521
6.330635116552003
35.54129649698734
4.89631826938421
9.170709062833339
2.1731386643950827
0.3777760193333961
207.34092140197754
0.5651614895323291
110.76049041748047
8.877872402779758
0.4726306296797702
1.265682785116951
0.6953075316268951
71.37309874594212
1.4681540759047493
0.6642593435244635
41.16833798587322
0.32886134352884255
127.69882822036743
14.030850230716169
0.6471386926423293
125.28701591491699
274.15545892715454
2.021665864624083
3.7610323096159846
41.930711625143886
0.39789982116781175
12.367216722108424
1.0865805832436308
0.945812737889355
15.4797621127218
4.118059326981893
0.7259354369889479
1.6464047599583864
0.3777760193333961
1.0898717468371615
6.830838133697398
16.69337895512581
0.2217053984404629
179.094646692276
2.5236569764092565
0.5566141490780865
0.5790972297545522
3.3129258723929524
10.68026858754456
0.6086694933692343
0.8248302459542174
144.86373257637024
4.308642758522183
2.6261722468188964
4.226090311531152
2.2311657625832595
0.32108088093809783
3.141802322352305
0.603727721303585
8.017100762575865
1.5511121892777737
2.466289229647373
2.531458139885217
226.3458652496338
0.4975501536646334
0.4975501536646334
2.1557401567697525
0.4975501536646334
129.14680314064026
1.965278551717347
1.8197597199468873
2.368109348404687
73.03617340326309
2.214328233865672
1.3512917484807758
2.7151773886289448
2.0067002058258367
1.1546864117390214
2.4789381659502396
0.4975501536646334
80.52283665537834
1.205261279265983
6.0630669496022165
150.36726903915405
6.583381162257865
1.1527064864640124
1.3708575012278743
2.455585793708451
9.353927954041865
75.19226663187146
313.80947494506836
90.04641344770789
2.1522946072072955
1.4073017190676183
2.4136102281900094
1.9452136785839684
64.08008582144976
211.03075098991394
0.8973158640728798
1.1980718894749316
0.8569423528406332
0.8702156157888794
77.09118501655757
0.5183860124252533
1.540047354559647
0.60540193264751
1.9185504701636091
1.2642599326209165
2.584550376754123
1.9791192992342985
8.381674003787339
1.6696866281781695
4.34801745263394
0.68465083384217
2.9959651810204377
72.91428697109222
8.904726945824223
1.642271688891924
202.32409572601318
1.366020331683103
4.188757281284779
118.31751465797424
4.262020166912407
2.2137817557086237
3.1288844867922307
55.615205861628056
108.68585175275803
11.665323353372514
61.664325293153524
4.591971927322447
0.8212985798745649
1.4741513808839954
4.389554885798134
209.09273838996887
2.1979619452904444
8.627570533193648
1.1821274135145359
0.8883793949557912
102.61789226531982
9.876792157068849
1.9437629453386762
0.7684326409089408
6.141624238342047
1.1963295246737289
305.0650854110718
1.2783283609969658
2.3175650901393965
1.3512917484807758
210.13709843158722
1.6612943657564756
3.1975651392131113
74.86603287607431
1.112323518622361
96.07623541355133
96.52794241905212
76.41253059357405
93.38864094018936
0.9427738453196071
4.443680293683428
1.0669228366023162
1.1561145434907303
6.993321025045589
36.822593594901264
91.5073823928833
51.43740429542959
9.505335918889614
14.82273719087243
126.76623606681824
4.737819759233389
5.066767254844308
3.5104459817230236
136.1531684398651
3.4950731596909463
100.53023052215576
61.4847771525383
3.4160099963755783
140.0890507698059
20.06644961249549
4.743456101394258
4.692316830798518
122.6510865688324
77.84670677781105
4.224253608525032
8.211181797087193
2.5201385749423935
3.8409983027158887
3.86833342173486
5.730335449690756
4.872686444956344
110.50042009353638
5.059699317576815
35.09853105247021
228.99099230766296
49.28633453696966
8.941029245732352
31.47799553873483
4.621587103698403
5.004405218925967
5.604284071712755
28.482348162680864
14.786394961178303
8.97986492846394
84.07579311728477
3.8183127082302235
6.513907176442444
113.50112724304199
48.139490611851215
6.749920401023701
5.688504066725727
4.796218410148867
3.6027747977350373
5.864282040078251
3.2336009076680057
4.6103973865974694
4.885865904099774
7.701453250367194
6.041995721287094
187.73477602005005
4.152694590460214
5.66259809047915
121.07506746053696
3.812048649881035
109.98871266841888
6.447812686674297
136.9055519104004
1.9012540888616059
5.084436406425084
15.529697582125664
2.6143034268461633
6.771404354949482
8.712538908235729
6.121771284088027
3.244801150402054
164.15511274337769
3.369359210366383
3.050916001346195
2.46661849290831
52.81907099485397
78.34250235557556
4.338712631724775
191.08707475662231
2.274710580801184
7.50857437774539
8.425738658261253
3.254628184600733
48.34949414432049
165.08412075042725
4.512987728812732
4.556867070583394
163.7894151210785
6.367931948974729
7.38405934907496
4.066468255943619
13.904880363494158
102.15168750286102
30.832309051416814
16.68420014885487
24.583905935287476
103.03642815351486
25.508913681842387
32.3427560927812
15.90072723198682
27.6942222379148
16.696828755666502
19.42936808266677
24.967212580144405
11.965242757927626
53.52574451267719
26.84913737140596
60.138435415923595
12.203756645372778
26.876848886546213
169.17943716049194
14.971178989162581
40.379274956882
10.655330003472045
91.06496900320053
22.486119459877955
40.61408542015124
173.20281898975372
29.958663440309465
27.07481739949435
16.393040564347757
147.7482944726944
13.727340607427323
25.38012195751071
15.594996669853572
517.826500415802
27.815522395074368
18.426610545953736
233.45700883865356
19.64842880901415
41.02651985036209
58.442447394132614
29.90114625915885
11.483093640898005
41.4318715184927
15.667777176015079
21.70483066248198
21.071024282617145
20.705760062672198
21.66048455850978
38.60419786255807
20.687742579961196
33.214639557059854
13.385861870337976
40.4574491661042
51.408867087215185
37.54701820155606
17.722679250873625
15.117391923442483
59.77720135450363
17.315872146409674
32.87354982321267
15.349448338383809
227.70897126197815
7.888234360463684
21.19848548655864
69.97789117693901
9.221619990705221
35.73362190136686
29.3847453170456
12.353513664202183
35.09474321012385
8.413205505523365
164.36583596467972
46.38654242499615
43.00112737342715
46.38654242499615
185.21637225151062
28.41353191435337
20.687742579961196
17.634647997794673
17.139290446415544
339.56985807418823
141.32401514053345
54.416395684704185
39.66050426661968
21.798502210067454
46.87769155204296
40.62215886730701
16.191445762735384
41.80052062869072
25.867534654506017
18.05374909535749
32.90303154848516
24.496768278302625
31.46568412333727
97.26437078416348
269.6477098464966
23.512113709934056
153.41299903392792
11.879000009037554
12.274442588619422
140.88069248199463
10.883787812770834
105.41868275403976
152.79135584831238
5.121581200434775
16.001286562997848
37.47678392000671
12.281470121117309
190.13604640960693
41.63927614688873
19.00576432980597
14.574343921689433
20.464238567321445
4.1327691682831755
12.819596025161445
333.30497789382935
182.52739477157593
8.10042715194868
38.37676773220301
17.443742874311283
5.254354768541816
190.1178698539734
4.794699299227432
19.717471410520375
24.248086884617805
7.059353796613323
194.89003777503967
28.70481561962515
21.091553864069283
11.222363169305027
10.295727234333754
22.314231669297442
60.52986876294017
14.59259055953953
11.889319741312647
6.891081096377093
29.902708457782865
110.15625262260437
15.375361530441296
65.67638420127332
10.816738580469973
36.332334883511066
17.270579764568538
137.40413117408752
14.727822232584003
12.581447173957713
86.19623500108719
13.281588375102729
18.752510101534426
9.529084044327647
19.263226142153144
193.43284344673157
101.98990678787231
22.483878313563764
26.784871335956268
11.2037354716158
20.648249915917404
32.70770002529025
93.66035985946655
23.342094860970974
50.57565489411354
10.241396302400972
18.437549547292292
11.651009012835857
6.793519090452605
16.230935987085104
60.52986876294017
10.700235381955281
43.49416375160217
9.534685664892095
18.333298762328923
8.972587325193672
166.18821096420288
289.9646019935608
11.602225949056447
14.135974595672451
15.051794680184685
66.57899191975594
225.02838850021362
30.359221050923225
108.6974127292633
13.944772749207914
8.690932229475038
13.4989784823847
8.838624028539698
7.176238676478533
30.229681509779766
12.154897727690695
11.796389451939717
12.525330790871521
269.86784648895264
312.0730662345886
0.13620289438404143
0.4863305357284844
0.19954140306799673
0.4325170614756644
0.09059894617530517
0.17152793239802122
1.5807370720431209
176.2681760787964
0.18938561413960997
0.35338971158489585
2.8857034442480654
0.2378889150058967
171.49953937530518
0.2676278261351399
0.16821880219504237
0.20447930344380438
0.09958693415683229
0.2627548100426793
0.16222404380096123
2.936583559960127
0.1341516770189628
0.2870916882529855
105.03908947110176
0.09865966573124751
153.66246378421783
110.56249976158142
0.18675815197639167
166.416144490242
0.13118058662803378
0.18873461404291447
0.12077650724677369
0.26409812620840967
0.3048371613258496
0.16097279690438882
0.27159273310098797
1.2832285491749644
0.2257041418342851
1.4442860940471292
0.6842301362194121
0.16009449638659135
137.912780046463
0.09692792505666148
0.3901285007596016
0.09775699232704937
141.4285967350006
0.09401626155886333
0.1846445892297197
0.26255450129974633
0.19856804492883384
0.2332907123491168
0.16686842235503718
0.0905526355636539
0.2333521555410698
99.69535875320435
0.32581081381067634
0.2227874007076025
0.09401284335763194
0.862969032721594
0.13118279009358957
0.18542892842378933
154.73406916856766
21.68060852587223
0.13276944431709126
0.30073737422935665
156.8881595134735
0.10627647279761732
0.07241429593705107
0.15085572458337992
158.55362796783447
201.17371606826782
0.21333068702369928
0.15415834094164893
148.73045420646667
0.12576646090019494
0.35292717861011624
0.19954949407838285
1.1734912399551831
0.3422378874383867
0.26622273540124297
6.987648669630289
179.56230902671814
0.3286461738171056
25.153772034333088
51.00240898132324
22.422472511883825
35.97903884574771
30.011982516385615
20.13225299853366
23.030763908696827
26.439100241288543
35.123557107523084
22.951456431299448
167.10104644298553
24.94448360707611
19.647838949749712
33.389440190047026
28.529641055734828
35.12624254031107
56.24519142881036
43.96777588315308
237.41155099868774
44.57060334458947
21.988564875908196
34.642740063369274
32.423063126567286
38.03891598113114
61.036030784249306
338.793851852417
33.39792141597718
38.633667308837175
47.551289953291416
33.70331848040223
42.649440289707854
33.890825279057026
71.80447499454021
40.40627286955714
34.21826617058832
95.3705036342144
98.68485340476036
42.326207960024476
33.98267953470349
26.883538833702914
74.84499676525593
30.977184357121587
126.35077333450317
39.6560560791695
163.19959425926208
38.225809291005135
63.605966567993164
42.537939025089145
168.16849422454834
60.94173002243042
31.2519588842988
178.59964513778687
187.56677293777466
218.83099842071533
32.30988950654864
48.55112516367808
53.494354417547584
29.619509330019355
40.150475569069386
30.035075596300885
30.36479971674271
50.33575504645705
31.894836290273815
27.02733929734677
48.51849412918091
44.98436997830868
110.61529541015625
42.48468964360654
25.541381527204067
91.62537841498852
36.067368981428444
49.21070163697004
41.10818125575315
43.156393475830555
93.26617121696472
43.51661463081837
29.403127886354923
61.51652044057846
170.16502928733826
54.52111007273197
34.066133042797446
23.25118125550216
18.75009334839706
51.59216229617596
32.220380771905184
305.56321716308594
25.230504271108657
55.568643510341644
37.599676782265306
311.3064069747925
35.445801786816446
36.142753339372575
43.042112331371754
76.911248463206
40.097353084012866
112.63574063777924
221.2263011932373
59.28237338364124
2.341419322503498
1.4510776928309497
2.2904364463756792
1.7074327665686724
2.50588948692166
97.16556525230408
3.0261797923012637
1.6354180736348098
1.8478546473397728
162.07540464401245
1.94962280720938
3.584530300810002
2.7530174920975696
358.8761968612671
2.8869363784833695
1.587058487621107
1.221824569192563
3.386923428159207
4.416093515232205
11.039516316726804
1.211916409958576
2.5741982021427248
2.2049769451550674
6.925815447233617
3.4116616871906444
3.045753644197248
8.655308598652482
2.5636564100932446
3.19325762824883
2.955375593766803
6.096725303803396
4.3404034351115115
91.1798368152231
2.388010394442972
1.851244962957935
144.06834650039673
5.341532945705694
2.1040516793727875
4.049367806001101
5.152313367179886
1.835936483590558
5.961931955942418
66.44070899486542
4.543590784538537
2.1859398663436878
2.384192744471875
4.764422220527194
2.4592326495869656
172.171555519104
175.3248200416565
10.959925078554079
4.571105052134953
0.9852368639840279
2.764564247470844
128.0125791952014
7.344689127639867
10.999516181065701
75.1267369389534
2.581023340262618
3.353170485192095
1.6048687637339754
1.2983876522343962
392.1401529312134
224.856791973114
6.1803480979288
2.980043768617179
56.70373073220253
2.2655633169561042
9.95732106640935
1.7963993677749386
4.228261798940366
101.6255833953619
11.198086338117719
2.307178463874152
285.73576307296753
10.786659959936514
2.1065756465832237
158.85697329044342
11.421539159025997
102.57348430156708
2.6598047059233068
4.9216040330938995
12.266623817849904
11.180864764377475
15.357278143055737
94.73758494853973
8.060122035443783
53.84843534231186
2.7704255774297053
119.16732001304626
199.9244248867035
3.504929622658892
31.352089311927557
11.537189490161836
5.940753387643781
7.054809659637613
6.026795835539815
9.43050894534099
116.07993960380554
5.86239921629749
42.48139453679323
10.999418182007503
16.722414499148726
44.40881112962961
29.65386577695608
9.253778318117838
29.65386577695608
8.511261098388104
6.022624211636867
274.4368462562561
241.12433624267578
9.422316780233814
12.100766501724138
8.279060646993457
41.492276914417744
7.76871690050757
298.34461307525635
41.19687192887068
5.191902564567499
180.4980812072754
6.995611819671467
149.53831458091736
9.142666225729045
125.02576279640198
236.09862327575684
3.990954187087482
47.35914409160614
7.873421230673557
7.550293025348765
8.779561921252025
14.0565881265793
132.2891490459442
10.999418182007503
104.38033998012543
5.222323807619432
38.37792192399502
24.839276093058288
10.791160932276398
6.087865907262312
13.504225997196045
11.647103647890617
7.355292310850928
39.42831575870514
35.964867651462555
7.008216801019444
355.9179735183716
33.8414526572451
5.222323807619432
51.29138046503067
7.855124988825992
29.483041869476438
11.668421419977676
39.08871083520353
15.611216672230512
147.66170382499695
8.183286117739044
64.36548037081957
117.86469465494156
5.980012130341493
6.2423805663129315
5.222323807619432
12.601874461339321
18.071458824910223
3.990954187087482
12.012558636721224
7.316067586332792
18.978118958417326
5.330885163275525
5.222323807619432
115.42105298489332
90.54048316925764
11.668421419977676
275.5021653175354
4.015152410412156
21.04369097854942
259.11461114883423
16.36042628157884
7.784046455861244
117.86469465494156
15.417282667011023
19.65464448556304
50.45387065410614
36.93614619970322
28.42027096450329
6.068905715525034
7.48842795370274
8.59532515052706
122.310331761837
6.819481974496739
2.463181025988888
0.8893566954538983
97.52578783035278
29.973472309764475
1.6199014433150296
3.522835477080662
0.5781456728736885
286.19887351989746
0.694593195088828
28.781150269089267
1.7869905253173783
15.142494754865766
7.15184935182333
30.835390277206898
103.52369463443756
39.472270257771015
69.91668669879436
3.539607961080037
18.844465219415724
0.9151283600796205
169.43261528015137
1.0167530558082944
1.445666653688022
190.22712242603302
15.085904604988173
10.627367751672864
2.176756234615823
0.40077398235507644
1.3081247423870082
6.654308836325072
13.89724792400375
55.4577611386776
15.123553251847625
17.344823947176337
228.13255262374878
2.893420041156787
0.7751928022098582
11.656637159641832
9.433498672326095
169.35386180877686
0.9325154716498218
24.10960388649255
17.3586364723742
11.008668682537973
3.0333317281329073
284.1969532966614
12.846280394936912
14.009699632879347
6.869944751262665
20.702147074684035
36.426447208970785
5.80331529333489
2.19374852074543
266.6909832954407
1.046697036432306
2.913151987013407
176.01342809200287
21.125137529335916
2.510437665423524
93.08211278915405
1.9144198932044674
41.09143026522361
28.87778790295124
27.6233047246933
71.67498272657394
109.05259108543396
24.532064269762486
31.16837026923895
32.90991613827646
0.5434141338719201
38.54149677976966
206.2379469871521
4.246990146231838
85.72197449207306
18.915807954967022
78.5883876979351
10.985117923468351
1.8960212214878993
359.55405044555664
23.23683834350959
122.24368000030518
3.3985217218869366
1.242640236789157
0.9529941230694021
11.361550308647566
29.578995290212333
24.961908319965005
2.1039088966681447
41.67050449550152
2.1816871527116746
15.65156712103635
161.26665592193604
24.085114969173446
84.62431651353836
2.5380246750155493
15.283255768939853
11.61702763615176
174.01358580589294
20.10059596784413
0.3670995729053175
1.2976030532445293
0.4501358587294817
6.326386954402551
0.9006818397720053
2.0361524973704945
1.475265815279272
0.5942668280858925
0.7402716317353679
1.3902828350092022
277.1467514038086
3.737019169551786
1.7021919970788986
1.116808915261572
12.946813963353634
1.4930628019990309
1.5770640627742978
2.8110507463570684
0.972067015551147
1.2762150602793554
2.050020293041598
1.0195065827138023
204.92063784599304
16.75643201544881
1.0591373379793367
0.8366487086532288
8.697733465582132
189.96970582008362
1.1979925486957654
1.7193496719992254
0.3970727987319833
122.80005329847336
1.5418765471549705
0.7597289433615515
0.44354888697205297
2.703157884068787
1.5726459708330367
1.4953406482791252
3.468555053404998
1.1306527082178945
0.6060491609241581
2.198763703054283
249.94112730026245
0.5416008899810549
111.1643670797348
323.9035577774048
2.2380770774907432
3.3697863324778154
1.3189075783157023
1.0361280383513076
0.5222513928192711
0.5856109829137495
0.7430519606932648
2.1217144122929312
3.2283475901931524
0.5982160134062724
0.79198193981847
3.4600078962976113
157.65043133497238
2.609161417116411
2.8696688683121465
1.8878853524220176
0.5982305109355366
0.31895676390581684
9.353695260360837
1.416335409914609
1.2139758890516532
142.71262180805206
6.891627264674753
13.20644247205928
106.44469881057739
1.5427636500753579
2.314658495830372
1.5726459708330367
46.71864554286003
3.4176474302075803
2.80049063853221
1.5156977506849216
0.8247613487910712
4.142248299438506
1.9118434445554158
0.586748705064565
1.310546171705937
1.9866746105035418
1.039823461600463
11.841342808445916
335.1719374656677
2.569908106881485
1.0905636903808045
15.867574848234653
3.001345587428659
4.421051401179284
8.42671836912632
2.094013881403953
1.2483893779790378
12.260921075940132
1.37016222460079
1.6619913827344135
1.0891300893090374
0.7436212895190693
55.42519459873438
26.133434407413006
23.671503115445375
24.84980819374323
118.26082909107208
27.314721298404038
37.17092998698354
17.321530049666762
69.26569733023643
14.615592503920197
22.029217092320323
232.37965536117554
26.74777733720839
24.723636315669864
71.96522229909897
16.39542095316574
42.53836840391159
18.82422180962749
40.752492271363735
105.5259017944336
28.710664488375187
21.97585335446638
26.947353925555944
117.50927913188934
169.60955095291138
38.15714889764786
193.71984612941742
23.07556881243363
138.0417377948761
344.4017095565796
21.269691799767315
16.609447740018368
26.008040338754654
36.110855522565544
24.87404336500913
28.270734135061502
17.50136538501829
17.340052435174584
28.501581765711308
20.616306520998478
18.340681727975607
82.96683382987976
28.29416925739497
18.914201515493914
30.78713153861463
72.98562398552895
24.965738154947758
189.4266107082367
14.89683545497246
13.253826895263046
22.610111981630325
22.347603499889374
174.5315535068512
19.581416068365797
15.396434537135065
22.8583621942671
58.42491914331913
36.84436210989952
269.34402418136597
18.354091922286898
15.396434537135065
152.71644186973572
14.881253600120544
16.743263522163033
22.53608335601166
15.646082740277052
314.766966342926
21.1337631912902
36.550494484603405
19.46376060973853
26.314902417361736
68.34089213609695
59.96184802800417
19.97898035403341
117.86326795816422
38.14699611067772
28.535657435655594
14.359016966132913
19.862249752506614
35.684281915426254
19.85181338340044
135.4209731221199
13.368108056485653
11.534608126152307
28.32491399347782
19.2239352571778
13.83060369361192
30.55119303520769
125.41118025779724
16.013148156926036
16.419041758868843
17.52183360233903
19.882652981206775
41.27347903698683
95.51941600441933
13.253826895263046
8.646488726906682
10.789987546420889
187.89349842071533
11.38837967161453
11.603492430527695
318.30356216430664
257.70264530181885
224.81712698936462
11.181838721735403
9.842183018190553
84.3965018093586
11.011725925724022
11.27054720747401
12.716278787189367
105.7853274345398
176.7300717830658
9.258019473985769
32.1778802042827
7.414723529240291
8.973666728939861
12.681106015341356
9.64206281681254
8.974789871717803
12.340260315257183
26.662112129852176
23.432120430050418
7.735530261422355
8.559926976828137
44.49491015076637
33.43353156698868
46.01583994925022
9.426771125748928
9.738102887524292
10.913257520078332
12.199761628406122
16.775761084165424
11.8725453785446
10.706076648377348
221.66750288009644
10.917880316847004
148.6018453836441
17.506140297511593
16.18881812179461
13.87047416970745
23.992931311018765
38.26615605968982
52.77332076430321
12.725563229658292
133.88100290298462
133.3183732032776
81.45949286222458
195.67686223983765
8.769869671261404
158.07963705062866
11.832683496613754
42.908644050359726
17.59291427768767
12.225830332390615
80.65849392488599
9.952968502941076
16.051366101484746
10.835364675743222
294.42058181762695
26.889630299061537
12.260436151205795
104.60144197940826
129.09804248809814
10.885409347596578
30.230167239904404
244.74348878860474
243.34503555297852
176.7314157485962
141.31892156600952
58.95480555295944
7.996689825027715
272.08180046081543
7.006591436220333
10.019445136771537
9.164712353311188
8.13616519507923
18.398549887817353
46.862698286771774
27.495409812487196
13.112235219567083
55.49154809117317
8.355930629310024
29.16757630929351
13.998213059028785
9.55167700497259
9.33998991556291
13.542298446933273
135.0255651473999
348.7450604438782
78.93675462901592
13.16940143564716
19.238009449094534
31.626715576276183
25.385979926446453
10.795607605250552
32.18683559074998
11.741842196788639
8.860007958377537
46.201772302389145
20.491881616413593
8.467941713752225
11.892077804615838
237.6188359260559
11.401413012223202
186.5063488483429
154.822163105011
9.12732658468667
25.3049263660796
18.475753794948105
44.23556001484394
13.662678468885133
8.989006651376258
7.917355925390439
293.35772466659546
13.453075127879856
9.090538056800142
8.146554420680332
9.854984762554523
33.75081019522622
11.210476903797826
254.50556182861328
20.33080058125779
7.745298729088972
10.451788937464698
45.856308192014694
8.717895448673517
12.593736759474268
297.675555229187
15.082625986309722
21.605237369134557
11.786886599846184
14.80679116398096
251.18415546417236
298.9495062828064
114.65911889076233
9.505942511983449
17.966132593574002
46.235325396060944
129.44792453944683
7.827191299438709
40.944217309355736
9.668083845084766
8.26294504343241
12.631642342403211
11.400004528462887
7.571393745502064
11.063265614951888
11.395861332071945
14.425281684059883
148.16964781284332
7.094556458061561
10.079557314573321
13.998810421442613
51.3479703143239
35.026049743639305
21.63664085138589
10.286844267509878
22.409308256911572
9.136974728278801
8.994152700106497
8.14324469564599
9.415376124612521
12.444263576238882
167.6667411327362
335.13945293426514
30.93201339431107
38.32937327772379
111.71391454339027
20.821344207972288
46.7156524695456
1.9020603502040103
1.399458173851599
208.57094299793243
7.39403222250985
1.4212904712148884
5.603267289970972
3.6611295944967424
3.5117954867891967
6.782792828838865
209.4635033607483
2.15971251182782
25.268076148815453
8.020267272833735
2.3358213655810687
1.2987301145585661
24.25262450426817
12.16426999642863
35.4196068495512
13.93512283405289
33.27320278994739
1.5534085040159198
16.81390992854722
10.261592272669077
7.39403222250985
14.29205952398479
1.7660887804522645
1.838036846236946
3.6340396466766833
24.523536866530776
23.9025299368368
1.4796021429137909
18.246408253442496
1.6677283379249275
1.6348408224266677
1.4349442369014014
11.066687109414488
2.791233056519559
23.744304910302162
195.83016487956047
14.266765795648098
3.1109695318882586
1.2434226611658232
180.29442238807678
6.682214812026359
6.182499039452523
110.91667449474335
281.53228759765625
9.876099899236578
2.7505923968274146
2.781052613747306
253.58078384399414
133.92701844871044
3.8870389808434993
136.9522647857666
3.094720084889559
4.138616670985357
1.639045396178176
2.995880883798236
2.826271817822999
170.68420815467834
11.353673161938787
1.9225989020508223
4.726253861586883
183.02903962135315
230.25021719932556
2.1501181308594823
22.390792796970345
4.234337784300806
21.145795750198886
3.3466965219395206
204.1445016860962
2.3062163781605705
7.722645862726495
1.682451165637758
367.4694547653198
1.6307357353398402
17.418216224759817
1.7490441718681495
0.703138532224898
1.4349442369014014
4.518634910025867
164.40803623199463
24.90199734736234
4.738856478805246
11.470249281730503
66.16646549850702
158.07047367095947
222.93068170547485
5.344282722244316
28.617263725027442
7.9819557594601065
29.60867346962914
56.38260863535106
13.009356178343296
3.5338402211782522
5.825303392843125
5.358153443587071
9.438323618844151
9.607869821833447
3.635145619024115
136.44188451766968
259.0440135002136
203.3201606273651
154.84344220161438
5.066121195908636
148.12007927894592
29.60867346962914
7.142978543590289
68.2920628786087
149.04814064502716
5.281204639031785
250.29064798355103
5.72277914022925
29.60867346962914
28.617263725027442
74.96214187145233
76.29298079013824
176.39410495758057
5.2297034142538905
7.804656507447362
28.617263725027442
28.617263725027442
4.262912173973746
97.07281255722046
12.86449328623712
4.45497915802116
4.396999532298651
29.60867346962914
5.501729494062602
29.60867346962914
4.846147300399025
3.6871527714974945
179.07376146316528
4.752714960093726
6.19751858455129
112.12185096740723
8.875764861702919
200.84163093566895
4.523841204470955
75.230384349823
5.235300182248466
49.75673346966505
118.67364406585693
126.16736459732056
25.803042221814394
67.38290731236339
8.104572840034962
216.2715940475464
9.308911022613756
4.615808331407607
202.92811727523804
161.3054757118225
3.220287120435387
50.82215103507042
4.188121813494945
4.313655383884907
167.7520079612732
3.882110465783626
3.6866063736379147
22.74357333406806
72.84550654888153
53.50176875293255
28.617263725027442
12.490574621711858
197.5159776210785
193.52616035938263
75.3689455986023
2.7334391796030104
10.594449372962117
6.937823360407492
45.23309320770204
1.642171742332721
47.57022922858596
184.41436290740967
220.2012414932251
6.999715262325481
4.893763675005175
9.311708108521998
1.8168817809782922
9.969356283196248
8.472912743964116
182.66371631622314
96.42910742759705
7.048007343895733
1.1099789080035407
81.47107917070389
2.886234145058552
1.2304294536006637
2.5774126281321514
11.14867571182549
101.0460135936737
4.590653041377664
0.935080926399678
8.859797071992944
80.17370188236237
1.5604430949533707
152.83429515361786
249.6102476119995
1.2153747045667842
3.3122624489478767
6.695669759064913
3.9589830126788
4.2131537612876855
154.63523864746094
3.627968618180603
66.74035823345184
1.7706056729948614
9.966832571633859
4.475069756736048
147.38651192188263
3.4782299663638696
31.515275691635907
4.256730186287314
2.8493189838773105
24.241489619016647
2.5185753278565244
4.748372554779053
9.655649310217996
4.207037592306733
118.00367522239685
4.782841408625245
190.44801807403564
1.441265655681491
117.4321961402893
4.065596328116953
1.0381531025705044
324.0482349395752
95.9437427520752
128.15495941787958
3.2703198060044087
6.2841951859300025
9.83247635513544
4.144913578173146
5.309314456884749
33.78241501748562
4.080126353292144
17.726978038437665
6.813602220732719
265.89812088012695
31.20238533616066
12.488937645917758
5.18905478308443
7.065281715244055
8.120369505137205
3.36839097738266
6.657151880674064
39.779879949986935
6.568719202710781
6.055865621194243
5.9032825832255185
0.8199922022758983
3.5784123772755265
1.030203838541638
2.102135326480493
2.6763279790175147
1.1111981405410916
3.8001146530732512
0.11593786165758502
0.14394908666145056
352.5830645561218
27.23135943710804
0.13102089136373252
43.35200707614422
305.5188512802124
2.4475594256073236
0.23834524321864592
2.9203407233580947
0.5372432540607406
158.96900248527527
1.4244896571035497
2.698161984793842
0.9578436617739499
0.9273012172343442
168.9408941268921
4.3519444721750915
0.5372432540607406
173.81726837158203
12.006335817277431
45.62836766242981
0.5897954014653806
14.331220998545177
51.74676074460149
0.4234382323920727
1.7935928465449251
0.10479275214311201
0.08406000190007035
26.993414282798767
0.7114795839879662
5.017873135861009
255.61539840698242
43.364323645830154
260.24978256225586
0.3169918621497345
1.8655022323364392
1.4531654562742915
3.871789799479302
2.4630572810565354
103.02277112007141
2.3741478924639523
269.0517611503601
0.5372432540607406
0.8195361072248488
256.7796621322632
1.6461333906336222
0.13397894488298334
283.36618757247925
1.1843794860760681
0.34789348719641566
132.0945906639099
19.421766262501478
0.2521244431263767
1.7975040087476373
0.19053875921235885
4.526060047064675
173.1473605632782
0.08584100365624181
1.030018406920135
1.3261497057974339
0.582670092691842
1.3004497451038333
0.28140082661411725
1.1958648073195945
0.3136499665561132
0.8048567514051683
0.30741670075803995
0.7955587211763486
0.7142259056563489
0.914616492431378
69.70832893252373
0.7729267567046918
1.6385602923110127
0.5061557534791064
0.9992107206344372
155.45947003364563
273.6983046531677
0.12991865661751945
0.11396616868842102
1.697769455931848
11.797187821066473
0.8132826355285943
0.17266049940371886
10.769976377487183
0.24282354628667235
0.6195641029626131
0.6817785634775646
0.1958843014726881
31.10110792890191
66.21427884697914
178.6073056459427
0.3281634935847251
132.16111302375793
169.5142855644226
237.61549043655396
13.163049246184528
20.837645665858872
14.750889150425792
11.412547792715486
11.007470006705262
324.1864356994629
79.91604679822922
19.31661113060545
48.59473569691181
51.290691524744034
10.727366346807685
42.64676981419325
97.46279799938202
34.79908429039642
209.9373495578766
15.394340720959008
31.162887763231993
187.71124029159546
12.08932577050291
32.385363176465034
11.304873744375072
46.663142293691635
4.948889811860681
9.109451474892921
52.18336967565119
6.628183676511981
12.414766256697476
5.805293286652159
9.321207296510693
320.81543350219727
57.83511121571064
198.89036536216736
21.734998036175966
10.09074543765746
310.9620141983032
8.56585539529624
124.38749319314957
13.288927075685933
23.701863748719916
39.805433340370655
9.210113274952164
7.597354135796195
167.76913475990295
10.59394372353563
21.660133386030793
14.117295993492007
76.03451085090637
9.478459013975225
8.562735095565586
9.987045069981832
92.57093548774719
25.221398420631886
8.872233645239248
42.3756322786212
36.48025776818395
7.07613202493485
56.93759313225746
65.43762086331844
17.508564324351028
302.63944911956787
26.770045501179993
10.677616512053646
125.00876355171204
7.008069108480413
38.528728038072586
13.439570536604151
77.67619848251343
28.477793155703694
8.698694240883924
67.86608636379242
11.98717601178214
19.18036003888119
17.140721080824733
5.700627926387824
10.7239334541664
20.580236496869475
29.084670398384333
49.31244022399187
92.17666888237
30.00666093081236
13.189980277180439
33.25149245560169
21.709016181674087
22.720716505195014
11.191687616606941
8.005556555981457
25.604502740316093
42.982015669345856
14.14840094896499
26.79951013904065
268.49799489974976
17.33144070324488
15.894777050008997
127.75435185432434
16.313186020124704
23.284105393569916
26.508831756189466
20.796370021998882
22.094265215098858
4.018788725298691
9.761013869720045
154.6133017539978
12.81140107754618
41.3736443631351
7.853426156856585
6.948927264136728
11.167617833612894
4.151308970447644
37.54929222911596
6.444517349358648
5.52379668427875
81.23405514657497
98.83402955532074
12.686925133923069
9.783318973204587
9.783318973204587
7.585376561182784
17.481340665981406
160.1500382423401
152.07708716392517
5.598954953857174
4.969251622636875
33.190112855285406
122.86331915855408
30.856277719140053
11.511343727077474
10.974438318793545
13.544636540580541
10.103121303021908
10.817986459471285
6.0673071876954054
18.612287395633757
87.16219547390938
6.970466764527373
88.56167009472847
3.9740180051885545
101.52443996071815
8.796184572711354
5.996292731942958
7.334898692977731
27.036983704310842
7.760994237440173
28.50679875165224
6.942435003700666
51.56374841928482
6.712096949870784
8.452908927691169
37.76992155611515
29.973198026418686
4.7595798698694125
8.140884961845586
8.76939108595252
241.81263399124146
6.578057945938781
13.62407741320203
4.729339359002097
69.1477741599083
26.353426296263933
48.70934343338013
10.465741521446034
6.135823267279193
135.86859679222107
9.466720973723568
0.36354264826513827
6.3789773651224095
92.56070345640182
0.06733622682315854
1.1604469645535573
4.344395885709673
8.01100943833444
0.7034558011146146
0.5356998327470137
0.5371825376278139
0.4187512322441762
91.83113506436348
0.05437812377385853
0.12331463594682646
0.4021771875595732
0.5122979901825602
0.46136425520671764
0.22668648153126014
1.8996647411840968
6.210563546628691
1.0027494242640387
0.2337350953475834
87.56104546785355
8.548458002973348
0.5560735169428881
2.4680927543086
0.13187832709422764
7.200489831157029
0.5793263287755508
0.3895332018632871
61.15155178308487
4.7968969931825995
1.0344774732147926
105.41210854053497
0.24811720436855467
3.6776073719374835
0.3128068227318863
0.6843745641235728
1.329990243233624
0.7215834451635601
0.2592466431416369
6.827343994751573
82.31605707108974
0.6907924233819358
0.7552221990581529
0.41016942968417425
2.9802962527028285
117.4463939666748
1.1653152060371212
3.426947873318568
213.5450315475464
0.024502071056986097
120.31164479255676
0.7439557335601421
1.4277073445773567
0.5551732536187046
0.5256179544376209
0.07380424486382253
7.494896478019655
0.530356330156792
0.12691943071536116
246.766273021698
123.68127644062042
177.47150421142578
1.143407692470646
106.41724956035614
143.84441995620728
1.6753049924263905
3.9031248007377144
3.2082527452148497
9.76129449158907
22.852493323385715
2.9803868531926128
5.476818431343418
10.952079495415092
151.21553069353104
112.662846326828
10.3757361578173
5.2405101185286185
4.148935601304402
2.2655822434699076
160.1714415550232
18.83780817646766
4.0466966562962625
3.064604681178025
20.226632108911872
3.567811979795806
4.956903510712436
3.777059730309702
5.297301501496804
4.473232102260226
7.257007063832134
75.65273743867874
58.14703718572855
4.534449205501005
3.147005368824466
121.92762917280197
6.220615714264568
3.901894293987425
2.757411233894345
81.43665584549308
3.9083694916334935
4.8598668643899146
34.00596106448211
3.946471036935691
154.37348300218582
3.1631651239586063
3.6492566276720027
4.937505770823918
260.5975728034973
5.212125816848129
4.548124170105439
2.750553312136617
3.1327017239891575
71.39879458397627
4.51928650715854
11.489188958890736
243.62113666534424
5.573745594447246
75.78443009033799
48.138776406645775
3.639429897419177
10.289321197575191
9.39562295936048
79.05081737600267
70.97332417964935
2.570027459587436
3.559613957819238
87.3194665312767
2.0656619781439076
6.892202631745022
72.10361588001251
5.180966213585634
175.18599581718445
3.9305387469066773
69.32117962837219
8.144386833766475
98.664461389184
17.920982901006937
140.97907531261444
2.3067027954093646
7.506532873667311
3.462253073055763
140.01073455810547
8.16851694113575
3.1554572634922806
3.68141929290141
5.740642789052799
3.8170883880229667
20.06134231388569
75.31176570057869
73.03915426135063
107.92295002937317
2.8160670858167123
3.5857647807242756
158.8014656305313
12.921542800962925
7.0074152646629955
3.498851256474154
19.054750710725784
29.325590260326862
7.108668096829206
140.54418873786926
5.967581685981713
8.8199124885723
8.59305168595165
6.025584660630557
193.4858696460724
54.212634205818176
3.655242007342167
4.0512421144521795
7.390040549435071
36.305504720658064
359.31510305404663
263.9411528110504
13.753520600381307
15.425603279843926
98.38506059348583
177.82575154304504
45.91094280034304
35.12523971218616
310.41850757598877
93.58060365915298
13.852873128838837
21.00122805405408
14.10938884690404
4.528724437859637
168.7113811969757
9.387263475684449
24.165606326423585
7.367558618192561
15.507202633543784
16.975483955815434
23.61521258018911
11.143305178091396
14.264685186441056
7.192390017571597
4.936680613390308
6.1660660708766954
5.9109167850983795
22.956868916749954
28.81631093006581
16.473657254129648
191.35676527023315
227.45230889320374
234.45274925231934
4.043903172143473
16.607683153823018
22.41653328668326
68.77280449867249
18.90377700922545
7.207292022190813
16.53010944649577
7.846310814173194
35.648736901115626
16.035682126239408
22.25575553625822
20.68515195415239
20.088309662416577
40.959850856568664
8.946864870813442
92.68612813949585
22.864674229174852
79.90325871109962
6.5075053127948195
30.969035908579826
6.626481175135723
15.13278148684185
193.36757397651672
10.17378156707855
296.66311597824097
97.51621443033218
61.07235199213028
23.621198896318674
8.853256040951237
18.98988558165729
5.579834923930321
16.370747351216778
16.83547345653642
15.866377919068327
19.81464404053986
12.987993016606197
29.92977447900921
9.13800119987718
21.44232450891286
10.386325344326906
8.985430641449057
6.793497645498519
23.08880617748946
41.44366351515055
65.41509399935603
19.2657602649997
17.747110733529553
4.580326803457865
16.67981464875629
6.513528071460314
28.42879450903274
10.474600540008396
30.12020068569109
234.0797460079193
13.56889442098327
34.99343867972493
14.558090478181839
7.745317106699076
29.400436280295253
181.5017011165619
17.50611670812941
332.3938660621643
61.187357515096664
0.9911156397720333
6.23230566244456
1.4710432682186365
1.4262630739831366
1.5291091676335782
7.906820886768401
28.010777950286865
7.198501717764884
3.2218036542180926
1.701299331849441
1.3103859859402291
212.692152261734
2.1833221074193716
3.0094779264181852
203.47076964378357
3.065678146900609
0.9980330280159251
13.204351931810379
4.7356248130090535
11.59301175083965
1.3324046730995178
70.17530965805054
0.9980330280159251
1.5570829367497936
24.63281133212149
43.350457817316055
1.5442504394450225
114.60733658075333
195.70527815818787
1.9728687992901541
62.666738867759705
2.7598189408163307
1.4272500427359773
1.986442992463708
2.3713155675213784
209.4398319721222
1.696372867678292
4.655261910986155
2.657239418651443
2.0070044627063908
114.37026810646057
1.8121420050156303
177.39891600608826
174.88165020942688
11.875207465142012
0.9063093385193497
1.9694929967809003
4.53758438891964
187.06142401695251
8.057196687208489
1.762613331025932
8.763986425532494
2.191865100459836
15.049832380376756
7.8547525918111205
237.77415871620178
11.926500175148249
219.49674034118652
158.013662815094
1.6474085684749298
1.987822505645454
1.7008181431447156
3.8233514330349863
125.82862555980682
1.0092184443201404
1.7018473156786058
2.648482027463615
1.2997875181899872
46.73624529549852
4.86818596534431
5.541859639808536
1.8364674057229422
1.4105414004443446
1.4238609950989485
2.2617761701112613
3.884273482253775
1.994512939476408
46.7520365267992
1.190299434667395
198.10062646865845
8.066368658095598
2.8069680489134043
239.75082921981812
112.47827482223511
1.3472083878587
2.369018834317103
0.9713891887895443
69.45966076850891
5.78142170375213
2.703117858967744
140.3380627632141
79.58614808320999
31.551614433526993
334.96050214767456
42.02441518753767
191.95359683036804
16.70705372709199
25.145090129226446
31.719781264662743
246.6466784477234
23.402050968259573
99.65997835993767
15.03231607071939
67.48239973187447
160.22309350967407
18.839218192268163
14.64026251147152
177.98814725875854
26.23315705358982
70.19888924062252
86.75838255882263
31.40885816887021
105.4601993560791
14.28376999835018
61.579712107777596
17.80619935877621
16.923866592580453
15.765640591736883
15.011860169062857
15.508713617338799
129.76218795776367
35.414195507764816
20.689176709267485
18.487921463267412
21.50532624963671
18.215238250093535
