21.14195353910327
16.161021314561367
17.607212340459228
17.3107913993299
124.69223192334175
148.6092105805874
16.410844762343913
16.55307801347226
18.300862363539636
15.09753067791462
17.01040279958397
14.540542342700064
97.5457759052515
118.07044728845358
118.02277362346649
42.80403611063957
33.36717660352588
37.76224083453417
145.06983211636543
54.81469447910786
32.23268396779895
34.26661406084895
139.07452714443207
142.38399505615234
132.72375482320786
37.490511920303106
148.15768122673035
31.799849789589643
127.47862195968628
131.25223779678345
41.28176296129823
129.57483583688736
35.251524571329355
142.6043546795845
33.36892641708255
114.99174571037292
34.39178227027878
129.35674492269754
39.1958838198334
38.95371446758509
116.20945072174072
38.03243223764002
151.971058934927
137.38517999649048
48.739547453820705
49.59312430769205
162.76465779542923
57.29034696891904
65.55773157253861
17.961361838504672
15.724151635542512
22.023334058001637
75.4276095405221
15.69090721104294
85.9117440879345
84.28758001327515
12.501869411673397
15.114839615300298
12.544973255135119
13.720103975618258
43.37742370553315
12.07165490090847
11.908908246434294
15.528730901889503
59.22671027854085
120.64341366291046
112.60949838161469
10.703972746327054
14.262599842622876
109.79532432556152
19.89432959444821
27.57615466415882
19.28557800874114
12.471475235186517
77.22668498009443
86.09092286229134
14.776644277386367
115.99382534623146
112.83985489606857
95.44126182794571
18.33985236287117
14.147485299035907
16.92049342393875
162.6876415014267
24.47821692377329
137.56280708312988
88.48233199119568
22.082273837178946
19.155671041458845
15.929867173545063
15.479793331585824
107.26951459050179
17.08121153526008
105.27809938788414
18.060885824263096
117.80895584821701
19.445465872064233
24.787297133356333
158.60069173574448
17.671695994213223
16.30670249904506
9.80686999997124
11.911436434835196
96.50115668773651
10.466160016134381
106.93823266029358
10.525002889102325
14.810071967542171
10.721323469653726
79.85297330096364
9.421070250915363
11.05306997988373
12.434762290678918
92.47935274243355
11.412727113813162
75.39019877463579
70.68457457795739
9.171778347226791
9.26845994591713
13.833998597692698
80.12271044403315
33.810749024152756
13.581201604567468
89.61985191702843
58.61133771389723
32.60423667356372
79.04365445673466
62.9615409001708
62.15974321961403
85.26795420050621
38.97386798262596
21.462772324681282
16.397899258881807
17.50750921666622
126.11867010593414
23.18867402151227
12.183912327513099
11.607345939148217
10.521860566921532
11.08756131771952
120.58273637294769
11.794983654282987
9.79060448333621
28.166162863373756
160.63819313049316
19.107885859906673
18.778290405869484
163.12059471011162
49.7047144472599
28.559581466019154
148.77182427048683
139.11195757985115
180.3056904822588
53.76863043010235
57.03333190828562
21.07842892408371
19.750438081100583
22.41601960361004
18.752276308834553
20.558789231814444
64.9363803602755
18.4755873484537
25.77964934334159
9.827639188268222
11.247786289080977
12.505650512408465
10.324123024009168
10.846994588384405
53.14867231808603
9.572867482434958
50.16658690571785
99.3231633901596
13.300719126593322
76.16575452685356
9.922186112089548
12.385657356819138
7.851936762970581
71.55618453025818
9.291844158899039
8.573712446319405
91.7533305734396
61.15206553135067
9.900231104111299
77.56922280415893
201.34738683700562
137.76404476165771
71.92760876566172
109.54791364073753
34.17397337779403
130.60727724432945
33.77319492213428
26.548623874783516
28.146341507323086
32.57568036299199
85.57237496972084
27.426789658144116
38.64667403884232
33.81765653472394
34.00632144138217
124.24235135316849
36.35369420051575
146.38262677192688
42.55046480149031
36.65236210078001
108.88293290138245
32.869970094412565
84.95686364173889
37.74064389616251
100.74074950814247
74.2268827110529
93.56057190150023
26.834038453176618
30.79332695901394
89.9421332553029
24.222995225340128
192.7473212480545
146.8890284895897
138.82286298274994
37.09201881289482
27.222395576536655
21.38300329260528
21.863414661958814
21.083427108824253
30.45498699322343
31.488066870719194
139.7975481748581
18.85341128706932
78.26903811097145
18.534763976931572
19.555566281080246
106.64138692617416
87.12390299141407
20.226425644010305
23.022933155298233
144.2761877477169
199.98509448766708
28.923487037420273
35.946338552981615
9.713997605722398
50.43238865304738
55.567111134994775
53.95899651944637
55.3735537212342
13.167959034908563
56.032464196905494
14.522270440123975
12.56980847439263
13.424513089936227
55.484984531998634
17.93430501036346
18.649515874683857
12.912480041617528
65.44575539510697
65.28383397404104
56.58401406975463
53.662071108818054
68.88662422448397
11.034306015819311
68.47579152137041
123.4192698597908
14.382222905755043
12.303033895790577
14.577034216374159
92.11781078577042
15.514913026243448
99.4976649582386
11.437326155602932
137.2429376244545
5.925773853436112
9.339684814214706
9.048795659095049
9.834428157657385
7.760100278072059
9.793500617146492
168.28812330961227
8.308566097635776
7.335426950827241
13.327659729868174
9.93348453193903
193.8974238038063
7.487281227018684
169.94637736678123
8.08657338656485
12.319198533892632
9.403059229720384
9.303551937453449
58.56598041951656
62.09967393800616
59.435940619558096
47.647917655296624
23.586051498539746
26.044761894270778
56.43070488516241
34.413624465465546
32.250935826450586
59.98419791832566
92.6871649324894
29.96984514594078
26.67450320534408
107.26436945796013
40.142173543572426
94.07170356810093
36.72920452430844
41.24105177074671
116.73592293262482
22.289266309700906
28.07862373907119
33.51614312455058
108.03331953287125
18.187562650535256
38.04977582767606
18.588205872336403
21.67944106645882
105.29458397626877
78.27882784605026
76.76190534234047
19.11837250739336
114.74778425693512
22.73943492025137
22.896996736060828
21.29865888436325
18.153443612041883
23.532616276759654
21.313492585206404
207.3179211616516
23.730703302426264
29.101701140403748
30.773271089419723
27.448328646831214
21.000504780560732
197.37745440006256
198.45144510269165
27.18756752088666
34.23942907899618
17.152892115991563
17.727489752694964
124.64097613096237
124.24817556142807
111.82937866449356
20.883966686204076
104.33253136277199
136.7418088912964
19.270964535418898
20.152744099497795
22.013245340436697
19.108719240874052
18.538125568069518
35.248316277284175
43.31926183588803
48.29052300751209
129.87956130504608
44.65991738252342
37.43174439901486
108.87124609947205
37.08469255641103
79.91102039068937
35.85849208012223
37.36870631505735
91.1803695783019
28.941644767299294
166.68870162963867
17.12152318144217
88.12276493012905
16.267846334259957
21.16454913839698
17.952338533010334
105.80651769042015
14.748483610805124
13.455354368605185
17.203166561201215
74.61239401996136
77.6153883561492
13.996008440153673
11.73369147721678
44.47496211528778
83.0585295073688
119.20970126986504
81.31070455163717
82.83221676945686
62.371670223772526
25.04879203531891
27.606730385683477
44.014957666397095
109.53047800064087
19.12451089080423
16.771658647805452
28.8090388327837
18.577061072923243
106.37321987748146
16.7844995604828
86.29436162114143
81.71817407011986
35.56383961439133
29.83685004711151
27.4931302331388
32.656091652810574
25.531971368938684
29.556426495313644
97.15210789442062
25.7100536711514
121.82013189792633
27.4166242107749
132.9548796415329
38.23580389842391
43.69999448955059
34.89467225037515
31.236849384382367
154.85958296060562
25.087933513801545
196.742018699646
26.722249034792185
29.504421900724992
28.054743672721088
23.438394042430446
24.168056757654995
25.423676728270948
58.80412266403437
82.67216768860817
10.801582823507488
63.475635062903166
15.643554231151938
8.526455648010597
9.532216649735346
45.88023291155696
75.82539501786232
51.21160129876807
57.87166129052639
8.813951141899452
13.577275081537664
13.571821188786998
89.38047944009304
6.707905348332133
8.08180015324615
7.758003046619706
23.16172768175602
12.062452104873955
6.858815157786012
8.689626979175955
241.75816905498505
10.407082452205941
11.549066769424826
7.4643842881778255
41.285326950252056
120.42990601062775
78.8262518197298
29.7847254993394
31.845806166529655
81.18933492898941
88.89129303395748
76.01855137944221
25.460823517292738
27.982066254597157
36.075497132726014
30.023036124184728
22.698742403648794
88.8858892172575
73.43542757630348
27.150001674890518
98.13601058721542
24.403357253409922
27.771178487688303
24.948457770049572
21.334031211212277
19.897035967558622
24.182951170951128
124.92830014228821
22.18748339265585
13.049530948977917
15.498721891082823
38.865830693393946
97.01251488924026
72.32171032205224
75.34097023308277
40.82909068837762
38.681478725746274
119.25375202298164
96.02833283692598
97.07764517143369
104.75898745656013
103.9654720723629
84.61070226877928
42.56566563248634
15.572679315228015
47.03270880877972
17.434024032205343
14.655777274630964
66.76561312749982
20.37989679351449
77.95017965137959
12.406844865065068
58.53136686980724
15.118510410189629
11.243738183751702
13.339776472654194
49.80926691740751
77.97043618559837
19.034208480268717
68.72027541697025
