140.25679230690002
280.33651876449585
55.82619072496891
48.86624018847942
131.7621899843216
53.096641570329666
47.31237430870533
49.31746967881918
56.2517002299428
59.46118605136871
51.95723908394575
38.321059353649616
52.51172152906656
56.081665152683854
269.3648784160614
345.041889667511
69.47683017142117
81.20639128796756
82.8544292896986
52.964604530483484
95.3123029768467
134.1622326374054
26.062414206564426
24.543773002922535
41.490588665008545
176.23977041244507
24.235901057720184
184.83991312980652
19.932376574724913
28.144689172506332
121.40239012241364
158.19242215156555
16.411004262045026
32.20361569523811
26.365223348140717
159.79235458374023
32.04907661676407
26.02446467592381
20.948587111895904
35.32844132557511
31.736320067197084
254.35382747650146
30.226873219013214
230.90249228477478
153.6428382396698
75.24976592510939
165.64944529533386
18.4204522605869
17.53510884102434
223.57982301712036
31.929393764585257
155.80883884429932
28.644337762147188
182.34628450870514
42.94168630242348
104.56072145700455
223.65358448028564
130.10929584503174
20.703221954405308
203.9390676021576
22.613800581544638
19.117012782022357
13.184204268123722
263.71584844589233
12.274416487431154
18.27024706173688
11.655144153162837
8.214572165161371
162.29901158809662
22.76541242003441
85.59389460086823
50.09049353003502
29.52002689242363
101.89647287130356
14.696648241952062
162.7771556377411
15.722440630197525
233.7284197807312
161.4502773284912
140.3409173488617
12.470199774950743
13.78229839541018
12.30101284570992
112.8860684633255
22.066168189048767
20.864712342619896
158.11523973941803
19.796010106801987
11.282998736947775
83.88606774806976
35.62439005076885
42.706890754401684
40.350540993735194
31.659086829051375
42.33650694787502
179.7330560684204
169.45391178131104
114.0394092798233
150.099147439003
231.9985270500183
104.34124290943146
251.39096307754517
101.46463060379028
87.76806449890137
224.3498239517212
240.65035247802734
196.8363070487976
79.86528390645981
211.54298305511475
200.97009253501892
151.06291103363037
182.77398443222046
184.13785815238953
107.6324662566185
268.9831404685974
101.871921479702
89.81815141439438
132.46807026863098
79.96780914068222
188.02047777175903
167.77410566806793
192.26698327064514
97.2976725101471
106.09425048530102
135.11616965942085
136.83113331347704
138.46505185961723
180.87386274337769
174.47165322303772
104.64819949865341
103.92571265995502
76.82120941579342
112.19649815559387
245.80645561218262
86.78421533107758
214.07010531425476
56.42705479264259
273.32248091697693
281.2653338909149
86.33404591679573
195.56451296806335
161.81697595119476
74.2102707028389
168.69360423088074
165.32897067070007
70.7747999727726
196.57543230056763
96.37222880125046
247.63245296478271
92.75398534536362
253.08809566497803
212.5285611152649
90.22269058227539
140.72539389133453
84.37581699714065
72.37410286068916
56.06410579755902
227.6126413345337
82.53304296731949
46.65341405943036
51.47983153536916
201.1145613193512
93.77564287185669
25.144980683922768
23.49839299172163
26.671536527574062
19.70314021781087
208.11023569107056
32.5106937289238
224.82558822631836
23.302588269114494
179.91141271591187
29.535206876695156
161.11126518249512
30.021788731217384
122.49531328678131
154.8082971572876
30.019203521311283
168.96231126785278
27.646700993180275
27.815304398536682
24.300065979361534
24.722985915839672
145.93821597099304
161.5430302619934
132.17712950706482
58.316979825496674
68.40678124129772
196.80725812911987
163.27189803123474
47.48897184804082
46.47651606798172
15.623164747841656
23.03329527680762
17.68867000960745
20.99226332642138
24.58912141341716
18.653421341907233
56.91632952541113
39.63376555778086
71.21041748672724
51.43709368444979
99.56421419978142
103.7132135629654
108.9847410172224
107.58678399771452
253.3166618347168
110.08224983513355
203.95785689353943
164.9559144973755
204.77022218704224
131.0462085902691
146.27544537186623
143.9532437324524
14.067915824241936
14.40512840077281
33.05137273296714
37.00953969731927
71.18603140115738
11.015902381390333
8.50328925967915
10.464918427867815
11.294705889187753
12.586635941406712
11.853285057935864
17.56040183827281
14.140791529789567
10.65928104519844
157.6418752670288
154.2030074596405
64.06797653436661
209.77352237701416
73.76919984817505
120.33223235607147
193.413321018219
160.11825847625732
131.17385876178741
239.56557607650757
116.88167452812195
41.02879926562309
34.26570963859558
116.34102988243103
57.5374900996685
56.896485671401024
203.94577169418335
183.78926181793213
337.27769899368286
284.9184560775757
213.14711236953735
101.84571343660355
242.5088324546814
325.55482959747314
113.11267876625061
147.76372742652893
273.7001953125
11.43459509126842
12.40226218663156
99.65561920404434
9.927776756696403
23.943165250122547
177.9192522764206
13.299508175579831
17.7264781948179
13.3967542022001
16.916404287330806
16.297060199081898
13.805497976019979
182.61967158317566
83.08852577209473
85.19372999668121
22.008876629173756
13.791703294496983
155.12373733520508
15.762108461931348
13.862764935940504
14.454747907817364
9.690948739647865
15.78143704822287
19.911233864724636
15.38591865170747
148.91535902023315
12.811035408638418
12.687338450923562
14.640675616450608
18.04299186449498
12.862221324816346
89.98910091817379
143.11325001716614
113.01688846945763
98.20030921697617
112.63137090206146
187.72388517856598
153.2471375465393
86.25762090086937
98.65995652973652
96.41241085529327
204.53859543800354
130.65111933648586
203.76994514465332
235.8105878829956
252.22007608413696
144.08662882447243
309.7104330062866
26.684623600915074
29.850373666733503
22.412176767364144
70.73375815153122
27.61282030493021
184.42697262763977
28.080493360757828
46.76653902232647
146.512855052948
57.984848111867905
45.72464969754219
172.2518186569214
19.657097470015287
63.11733332276344
118.15538147091866
79.3283905684948
73.4280085414648
69.38486529886723
67.08064618706703
174.89000988006592
320.30551385879517
115.0824286043644
210.49537253379822
159.13088130950928
99.1868936419487
145.072107732296
204.11563658714294
294.5265896320343
213.78323411941528
99.31345543265343
173.21093678474426
265.09731698036194
222.3450105190277
321.80405616760254
210.08385014533997
219.78200113773346
200.9656013250351
124.33315598964691
176.60356903076172
208.9957287311554
307.390887260437
254.35668516159058
237.0823916196823
288.9837942123413
153.45825266838074
86.29387333989143
58.888423047959805
50.05073727853596
51.07203650474548
83.00338649749756
137.0723453760147
190.53472447395325
79.97446715831757
97.02650280296803
112.52934384346008
77.32821907103062
107.38229155540466
134.12140536308289
28.42620585858822
28.602213695645332
66.29995489120483
28.04216423816979
24.014957632869482
148.46386992931366
49.10112997889519
132.51528000831604
18.935502987354994
18.995929904282093
18.81558738462627
24.14094795193523
101.37713027000427
66.34833544492722
208.30445790290833
235.11934447288513
71.1078534424305
45.705600060522556
57.7817313298583
129.72888469696045
49.87774020433426
21.15705815050751
155.78817701339722
74.37379355728626
120.29135382175446
171.68090724945068
102.89077991247177
92.68799106776714
241.41589760780334
151.76040518283844
90.89004874229431
98.03941036760807
93.09352442622185
107.46994322538376
69.48287616670132
79.39661461114883
88.138876080513
46.00234428048134
108.63715022802353
105.97253131866455
127.95680713653564
121.39762508869171
180.823624253273
156.77685916423798
162.84253031015396
158.42602387070656
259.10499811172485
183.64477610588074
250.47350764274597
100.58959627151489
155.36449456214905
151.1545684337616
178.82117199897766
228.4565544128418
158.08353090286255
259.16654539108276
133.0986531972885
32.37745693139732
27.110223679803312
31.64918475598097
28.72608752269298
149.12008666992188
34.710711911320686
150.05532217025757
167.18630862236023
43.46931618452072
28.52018177509308
26.48178766295314
33.56556763499975
25.455572929233313
256.0582604408264
216.64473581314087
297.12348556518555
233.5429995059967
92.42423090338707
168.00878167152405
132.22706043720245
49.88630723953247
37.99347120895982
40.1774497628212
37.585917338728905
210.12075209617615
236.4699079990387
191.26797318458557
142.78928637504578
201.2936224937439
143.1647324413061
144.31235924363136
123.1446330472827
131.35943034291267
168.70317029953003
198.9657373279333
170.27434659004211
206.74300289154053
111.7598009109497
112.15571883320808
102.30921724438667
208.57834386825562
194.27440309524536
103.09713017940521
185.03274166584015
316.3693141937256
109.87326009571552
78.07927964627743
99.04980559647083
144.72142343223095
91.39276096224785
100.42958302795887
191.93727231025696
269.0200426578522
115.98038123548031
126.05921092629433
171.61586499214172
115.91119338572025
140.04353326559067
259.2019855976105
186.85521185398102
116.39303298294544
143.65511226654053
129.27967838197947
153.69308920577168
176.92048621177673
245.11823797225952
92.70652267336845
94.11941400170326
107.94231870770454
209.92557525634766
256.3338737487793
244.23513460159302
110.49720078706741
104.37465262413025
126.95037698745728
226.23903608322144
152.6506006717682
221.43059921264648
101.2495744228363
148.45222234725952
