28.21352782845497
22.843606194481254
95.74869775772095
114.14879488945007
15.941487415810116
16.407079805620015
16.647370736231096
15.591957143391483
28.311694462783635
22.20707384403795
22.452277414966375
162.20993876457214
69.75517120212317
72.74886764772236
94.83729147911072
106.60412675142288
64.77794237807393
62.21495036780834
109.10541178286076
215.40348172187805
123.0741336941719
214.16160106658936
40.04678384959698
48.002193339169025
23.56444917805493
26.854761259630322
23.84912461345084
25.816422225907445
31.061932638287544
102.67336046695709
46.00968849658966
248.52126598358154
210.68666863441467
46.393773943185806
24.852427264675498
182.279860496521
25.247276302194223
57.773036877508275
54.86576553375926
174.37588024139404
82.81890471279621
172.62187504768372
45.99092517467216
103.61244362592697
180.7264437675476
59.42765156645328
174.68906164169312
11.896216349879978
15.312476937426254
57.70398750714958
16.496894502080977
13.762363059679046
14.799827248265501
14.712212719023228
17.666899865260348
22.416301535908133
8.827221395004017
13.665720717981458
88.50230199098587
14.005712910904549
12.173278719186783
13.319937394931912
95.96656933426857
85.45258620381355
12.48070926941
166.38601851463318
14.613643789023627
16.507379445905826
16.08839989983244
17.542723163496703
99.67491114139557
60.01931023597717
137.33372521400452
14.720750481297728
16.856440147850662
17.88312014125404
143.24629998207092
151.60383939743042
124.79310607910156
41.028569638729095
26.87710911850445
20.953677645142307
22.204262252198532
35.47232061997056
237.04104089736938
184.78937101364136
22.941440138733014
24.98288269340992
148.29046392440796
166.4170618057251
156.90807211399078
140.94509434700012
36.27839444205165
35.28804372251034
97.60876142978668
21.07346248999238
22.119624527869746
27.535121500492096
45.501853227615356
31.552957395091653
28.975598917808384
22.95125486701727
119.24327635765076
23.816996201872826
226.593505859375
18.972966061905026
19.626342278323136
195.6950135231018
122.76265382766724
17.2221981913317
20.2092701299116
115.97510719299316
30.30021922290325
66.05865859985352
255.07010746002197
61.109334513545036
188.7896294593811
177.43614649772644
20.688885062001646
117.53287601470947
82.76258718967438
88.67197358608246
34.13196620345116
63.99738784134388
148.14773190021515
154.54867267608643
58.80939842015505
69.44595453608781
58.17929803580046
100.2243058681488
140.6888439655304
27.746839717030525
252.83135747909546
205.8701663017273
11.911156282119919
22.804527286207303
14.044282477698289
11.88408254008391
12.220691811700817
11.606229550248827
12.003012642759131
13.252569900534581
201.32732844352722
27.936047023627907
175.51376962661743
186.93053030967712
178.86905765533447
26.581705334130675
33.01201306306757
29.977235082536936
17.153066862374544
14.121820040047169
21.63043575361371
12.931467723334208
15.364184696576558
68.66259282827377
16.55087705279584
11.54547893255949
13.211467700079083
16.50737753586145
18.557260635105195
12.1966551017249
14.100885438267142
114.07023596763611
92.87564992904663
10.889113994315267
7.11913530388847
7.659024029970169
7.587690080108587
82.56261238455772
7.656209482578561
6.238556147553027
8.201800563605502
5.467884255805984
99.13089084625244
8.118022619513795
4.623417351569515
6.659924655919895
6.13926362642087
136.1508433818817
174.98054456710815
114.82262396812439
5.748741286806762
5.393912359373644
175.76813006401062
34.00065707974136
29.91530658863485
55.39905644953251
29.341179423965514
49.09402667358518
137.13779199123383
51.11777754127979
37.96085708960891
108.14746910333633
37.49227924924344
44.07777919108048
53.27391190826893
140.57014799118042
199.53503847122192
209.8498272895813
57.662193313241005
54.00300917029381
41.55471047759056
144.70121598243713
31.49104838166386
29.01545144803822
108.65137612819672
37.304871737957
30.36600222438574
43.61033650301397
28.382575783878565
36.925155356526375
29.278471851721406
196.28154182434082
44.1953679965809
247.25190687179565
99.47852861881256
126.84375834465027
118.66424787044525
26.67686969321221
20.35138261213433
23.77861385443248
25.70868197339587
25.386542120482773
209.5947606563568
25.333109874278307
29.457878081128
167.0579550266266
144.9219342470169
112.53987330198288
53.827971179038286
47.015886053442955
60.42638571560383
88.79623115062714
144.996551156044
54.26820479333401
191.58358693122864
186.20994520187378
20.72634445107542
23.337686602026224
40.52374650165439
25.71918391971849
26.178283020853996
27.127251878380775
130.45336270332336
27.705462272511795
39.65086207538843
22.826880785636604
27.467331770807505
45.80008774716407
30.676517577143386
43.37276052031666
55.84091319143772
27.998311204835773
98.39949434995651
119.58882862329483
11.38850204902701
106.62133353948593
10.38772615767084
70.87184929847717
16.404746059328318
22.35746043175459
17.33969341404736
177.27059149742126
167.3986737728119
10.955514709639829
15.09700359031558
11.470997499185614
9.526370224542916
14.428786921780556
10.608715247362852
175.01913261413574
9.47233409062028
12.172000678256154
169.20000410079956
177.46760654449463
7.29223195486702
14.15048599243164
14.596813295502216
8.609338264242979
7.993983710737666
11.787669506506063
9.546105454210192
152.39798784255981
28.579186335206032
15.590946142561734
128.3773672580719
67.49967378377914
77.74011135101318
102.2296647131443
37.43419073801488
60.82906307652593
37.452219842001796
53.04625354707241
36.08215352892876
68.4354830533266
91.5076625496149
53.0767835136503
49.909221650101244
121.95613396167755
45.43832560116425
36.38154239393771
44.450645689852536
192.21948504447937
210.00858163833618
85.5015851855278
194.488933801651
81.57279078662395
74.04564869403839
83.57316434383392
63.46506059169769
126.32775139808655
68.48598498106003
76.82089710235596
99.5149257183075
78.63455647230148
141.22482872009277
178.86399936676025
83.27671164274216
16.89675229426939
16.393551180604845
15.01153002481442
18.38906164711807
20.600747993506957
19.210522624809528
21.030590253329137
31.18648385629058
152.94389247894287
212.94858646392822
19.35814080038108
23.543099150410853
28.642268586554565
24.892625064530876
39.73006258159876
17.195291286567226
20.668215541169047
246.1933388710022
76.76018080115318
24.193471984937787
22.832741420716047
124.29636526107788
26.62940112501383
16.0939002368832
22.28939808998257
21.485394448041916
18.66734866797924
73.83726918697357
70.4589007794857
157.6187665462494
248.31940507888794
93.60465103387833
203.23885107040405
44.45115331187844
122.98820686340332
43.67298186570406
63.63645139336586
73.6290367282927
113.76540017127991
65.32162552326918
203.17771291732788
59.451465129852295
119.37996220588684
35.06743375957012
35.24734919518232
197.60523056983948
31.59366537630558
35.06102142482996
25.5109153278172
25.654301293194294
32.253241607919335
29.386942936107516
130.6613941192627
26.426076650619507
19.1272161770612
101.744912981987
167.50446724891663
155.9385575056076
161.36007499694824
204.90184831619263
165.71395599842072
167.36263751983643
83.34873223304749
27.311101945117116
29.15295983478427
19.403547385009006
20.729609383270144
33.514831725507975
20.68759244820103
25.904838904738426
21.54738995898515
40.712137177586555
22.626722302287817
27.599509105086327
137.6923999786377
25.050633328035474
92.72266292572021
253.27930068969727
38.43279907479882
20.81513292901218
27.974474787712097
244.1986002922058
176.18528181314468
23.459998263046145
138.977680683136
331.57897567749023
40.12057488784194
39.67671412974596
40.10683289170265
191.2646927833557
115.68838787078857
129.2819356918335
43.847341015934944
44.677215145900846
33.38223938703595
36.45560646022204
38.55151228047907
25.931345106189838
35.67828385904431
119.34209704399109
16.117095455527306
106.64944446086884
29.471108473837376
152.33740735054016
15.09110827371478
92.01279485225677
12.533171522198245
14.103531503584236
11.432844903320074
234.60614466667175
182.91145038604736
148.15772366523743
9.95606080115249
48.04343239031732
39.10834873840213
14.951005178852938
78.00232550501823
19.029340375214815
22.845612606033683
135.4466392993927
20.64651702903211
27.977558236569166
52.165406197309494
42.37778106331825
33.3371438421309
37.4415972456336
145.57537198066711
34.490343261510134
160.9927476644516
129.82450330257416
132.31386494636536
27.052528891712427
28.57920141890645
127.0555431842804
36.844763696193695
34.38295358046889
52.54262658953667
124.40808749198914
146.68851375579834
64.26498925685883
102.7011067867279
214.99416208267212
46.53913639485836
46.30817473679781
149.89323735237122
58.77315275371075
73.83625251054764
50.130793154239655
44.11407873034477
45.924341794103384
104.42434221506119
15.704902942292392
21.509491065517068
183.55700233578682
81.72812226042151
17.906823975674342
16.49040540115675
123.53053855895996
18.349286253913306
18.470235689310357
16.505531329428777
14.896978786913678
13.845489388797432
91.50605303049088
18.3338251238456
75.8307991027832
20.803361689584563
20.673937290441245
71.77186983451247
69.49998638778925
19.272123986273073
18.91480785870226
19.380130310251843
21.604700777679682
99.27328824996948
21.777926923707128
22.326144551392645
22.812087672529742
22.48026886349544
