11.586579301394522
11.582067891256884
10.778307013213634
72.26595007628202
112.62093621492386
25.556180633604527
20.28958309441805
116.56051754951477
29.354240879416466
20.46095561236143
132.07895201444626
65.2994474619627
74.83722181618214
7.699634524527937
86.00180512666702
76.49573380127549
9.958271859679371
10.020063922507688
59.31936030089855
9.807024105452001
67.54134707152843
9.472224941244349
95.56709310412407
84.37541173398495
72.11384029686451
86.46969823911786
10.517710611224174
9.797583345323801
84.2252868115902
10.504175080917776
11.648490774445236
96.93335470557213
7.7798558617942035
10.120022844523191
146.9441261291504
17.469361260533333
7.177021336276084
8.187299066223204
5.021474978420883
5.1344469775795005
75.88667812943459
6.3334054495207965
95.12658375501633
7.234968796139583
5.200495569384657
6.1656886481214315
91.45620548725128
6.870184630155563
85.53098249435425
7.1463915556669235
76.12213069200516
5.015330315451138
5.317248443956487
97.3902537971735
5.074814974097535
66.28595408611
4.943644224433228
5.410194971947931
108.22663044929504
6.9956264002248645
5.7376948778983206
8.958289273548871
85.34898644685745
81.97172325849533
9.010388538241386
10.277581211179495
8.758182325400412
12.4445776976645
12.571169726550579
91.93080937862396
9.48757197149098
22.7125336304307
21.3640356042888
26.84663583431393
110.1135288476944
13.831174090271816
16.65115720592439
18.564538109116256
15.129759204864968
16.272468273265986
15.434029938012827
17.025029548443854
134.61303067207336
22.08717091754079
16.818413516506553
177.71755361557007
20.459981478750706
141.99012637138367
20.978696041740477
14.013607063796371
17.57551247999072
100.33476540446281
11.401897062547505
7.298276581452228
4.6549910862522665
135.59323513507843
5.002613612101413
4.0560607213992625
5.828057856531814
4.815400325984228
158.35016131401062
6.585365686565638
5.643527902197093
4.026227993555949
4.523575770901516
2.8492339831136633
2.9815894113853574
2.840529376931954
71.03968495130539
101.14644691348076
3.3564278154517524
94.29444999992847
3.2629416078561917
7.255429436452687
70.72958098351955
86.5212437286973
78.91785026341677
6.862062846310437
16.118130803108215
14.328409913927317
79.28265583515167
69.80519980192184
49.57381524145603
46.82680290937424
12.600109059363604
87.02330458164215
83.4488428235054
10.953493866603822
10.686323103960603
11.102642317302525
75.3549020588398
11.029919394291937
85.05678302049637
10.277416329365224
15.743317041546106
87.19622468948364
19.75538315810263
61.502026826143265
19.98176658153534
14.516457890160382
12.591690702363849
71.19341564178467
14.419380413368344
97.05130887031555
105.78707483410835
15.531454679556191
12.390377290081233
10.732008598046377
11.064734557643533
13.900450961664319
19.723273096140474
103.77579692006111
124.99637913703918
90.6733623445034
94.44773218035698
23.86181115731597
95.93626974523067
92.1455267071724
154.65510666370392
16.719041312113404
12.540035482030362
11.637284401804209
107.63726651668549
18.54061160609126
18.412690244615078
156.6321274638176
16.94381509628147
174.24046111106873
19.87799765355885
30.185146303847432
118.53227013349533
18.566286099608988
139.71725976467133
32.32063475251198
95.12869593501091
22.423138580285013
23.583909582346678
22.853649233933538
98.92884877324104
89.5936827659607
24.06906431913376
21.059511593542993
52.82216402888298
66.41244035959244
70.5929209291935
56.99145935475826
59.94552329927683
14.626420654822141
62.77469500899315
11.60435796296224
14.516530322376639
64.3823212981224
65.60566534474492
15.856205500895157
15.886934289708734
65.54103004932404
80.58361820876598
14.613789648748934
12.86897491896525
18.08525556884706
88.2710532322526
69.3006405737251
110.7846607863903
3.9884225502610207
4.619967752834782
6.692943105008453
100.2421875
110.11007499694824
121.26106321811676
87.38150560855865
77.59310719370842
71.40008164942265
65.67068323493004
5.19278334628325
67.05457562208176
85.68575558066368
9.289404787123203
6.076394519768655
168.48998713493347
12.331023655831814
4.830606877338141
9.596273262053728
74.84649756550789
4.301010053546634
5.128442554734647
61.205345038324594
3.3775037764571607
8.958255974575877
21.037652026861906
77.98413157463074
5.935849316883832
3.755470961332321
3.8967704970855266
59.28459480404854
4.655350734246895
77.96334192156792
5.544546714052558
7.481629220768809
3.437225079978816
54.78656452894211
66.38967487215996
3.9058295506983995
3.8783627931261435
77.30036371946335
8.730642863549292
3.4947839055676013
7.239367855829187
9.592093783663586
9.491853243671358
126.14548198878765
9.204584479215555
7.152903437032364
6.631417270516977
5.6045571733266115
83.46604950726032
5.57408168236725
6.48696924559772
5.67846995848231
6.289945249678567
9.018501065205783
59.55705885961652
8.389964422211051
81.21542907319963
100.47619763016701
9.361492460593581
72.50916440039873
73.01601214706898
95.94627714902163
10.541119388770312
103.95572656020522
7.4267202991759405
6.268239138473291
7.945581802399829
66.16475960612297
45.35867949202657
70.46888825297356
80.0521973669529
65.92623943090439
34.4229871109128
92.937729626894
93.83080461621284
104.47957527637482
36.02130978554487
36.02050492540002
85.69442251324654
34.785871860571206
33.6315304748714
26.87432316225022
71.07962743937969
66.84693437814713
69.72742500901222
42.177255511283875
90.22247458994389
56.17482769116759
71.94961750507355
38.59055591374636
8.643239633180201
7.16667955275625
9.86382929701358
48.16332744760439
8.892262597568333
11.315238745883107
9.338860736228526
10.607393682701513
60.16242741048336
9.200388426426798
65.34391220286489
9.414884784258902
71.76658178027719
49.513993471860886
7.2632192224264145
13.286735024303198
65.68833822011948
9.876396756619215
7.702459111344069
12.368767393752933
11.196063501760364
14.86953369434923
52.80580160114914
9.072473186301067
10.375726675847545
10.100375963142142
72.06119413953274
7.382554515264928
52.30397745594382
8.02143846731633
6.786608852329664
9.761417475994676
97.56591528654099
58.694071531295776
16.472063760040328
18.609160529449582
15.246848569251597
58.01352792046964
82.67481743916869
11.588234172319062
17.829079268034548
63.75359274446964
55.655949272215366
13.051124068639183
12.519402085163165
54.2540916390717
48.59283013828099
65.8837264329195
55.260248985141516
95.00404053926468
13.328384838532656
60.6513434574008
12.392263957037358
35.73131500929594
119.04761064052582
42.6838071513921
113.5378994345665
36.81491994857788
28.761534072458744
21.198281440883875
112.02582120895386
20.642339255660772
24.62038830667734
21.542394755408168
151.84226948022842
143.82526338100433
114.43574273586273
127.36842274665833
39.23425578325987
37.74663073569536
25.290912449359894
30.63692592456937
94.96755015850067
86.1940712928772
25.470253828912973
158.49166160821915
141.78332579135895
44.1074511744082
32.932328317314386
111.04077273607254
6.578141247504391
97.17735028266907
10.191329080611467
97.71671333909035
6.536233613267541
8.02427030261606
73.25707198679447
67.64124393835664
76.65850008279085
9.147843325976282
12.993557012756355
9.346462987363338
57.443424358963966
7.518574453366455
5.102471381629584
74.18243138119578
77.33794971555471
6.092415402410552
7.902695970318746
6.241641350905411
5.723565674154088
90.10772600769997
6.73207542016462
7.257910437183455
73.85472879558802
6.3977392938686535
8.84444439271465
94.97385475039482
7.820830594049767
20.593449908308685
20.679197841323912
131.06102380156517
107.62301361560822
22.03854678897187
126.7958425283432
22.76766201853752
32.51978166401386
107.46490097045898
137.53070092201233
24.822658397257328
24.04632332548499
106.56559243798256
109.49538907408714
19.003601474687457
16.112947702407837
16.841764949262142
20.30231306515634
105.81331589818001
26.720110960304737
102.30269132554531
16.67152730934322
12.16419134195894
102.67140693962574
12.895491420291364
123.23913335800171
16.048543117009103
8.581602413672954
80.98786796629429
7.399527512257919
9.184884572168812
9.31632608640939
130.28715170919895
100.94045412540436
14.249933183193207
11.868284657597542
8.102163089439273
6.728577684611082
7.56152509781532
55.00313141383231
70.67775055021048
52.401481210952625
6.492639823030913
4.124539473152254
53.40274668019265
52.99904228746891
5.53375812410377
50.656740384642035
55.51199700683355
6.645049658953212
4.109387395437807
116.8066303730011
103.90921324491501
99.24913677573204
111.06259566545486
16.62200728431344
106.75680673122406
24.324642785824835
126.25674003362656
21.715758468955755
16.665009875781834
17.94956490583718
128.30137383937836
14.50076941261068
16.169940311228856
29.819265767931938
27.48316342756152
17.24732689000666
19.70476860180497
25.519508950412273
24.79739010706544
137.16175866127014
121.4831210076809
18.374074819497764
22.26437451504171
28.057534374296665
123.43877136707306
17.512385226786137
127.42479491233826
16.375159857794642
36.22346630692482
7.211336235806812
10.330404240667121
7.132894580689026
72.75054350495338
69.13884162157774
56.85993641242385
71.00129101797938
6.496853049757192
9.211126817885088
51.067148424685
7.234855729679111
8.21683747228235
6.228366964729503
8.35937097587157
7.082021662499756
8.095946699380875
6.894403275044169
7.262382194865495
45.239806020632386
71.18251705169678
6.991002605296671
6.020136893377639
7.042195108253509
5.884579938836396
6.757242871914059
66.02726886421442
5.814684659708291
71.70999938249588
17.11554558062926
65.6119821369648
58.4038703404367
24.822366446256638
19.16002054233104
112.17293138802052
15.117466025054455
14.32265933137387
17.414927061181515
27.69833728298545
25.577107375487685
26.531922509893775
108.00622215867043
24.01950284000486
29.286251405254006
104.92260926961899
23.51743847504258
22.490653436630964
138.84815406799316
15.398411832051352
19.441443444229662
15.918663815944456
17.484367531724274
17.347051991615444
30.825811214745045
130.80375742912292
25.631013114005327
127.18930667638779
124.8850417137146
24.99839546903968
130.35073134303093
27.77494839206338
104.41395471990108
19.465090285521
21.632641055533895
99.03545494377613
24.083554823882878
22.3081477447995
23.58816074859351
23.766699018189684
113.50596660375595
99.46218687295914
19.015165949705988
115.82862341403961
28.612000453751534
109.54025512933731
24.087638104334474
23.472823994234204
19.39724024478346
20.337516905274242
130.30308729410172
20.666135970968753
49.91291695833206
25.28502072999254
127.16555428504944
118.36761671304703
21.86263778200373
21.884956474474166
20.346771140699275
19.249071459285915
19.131275162217207
108.5464174747467
129.1795254945755
149.034550011158
17.13357657229062
39.11343167722225
37.92134001106024
123.70159888267517
43.86744378134608
87.89697903394699
109.1012794971466
43.54746252298355
95.15827506780624
87.61536595225334
39.152786903083324
80.77220149338245
41.25870838202536
16.546159010380507
21.962107060477138
124.5733602643013
129.54672253131866
15.92377938143909
18.017727175727487
129.12514108419418
164.90806132555008
13.654683186206967
15.265801060479134
112.40357649326324
15.456630619592033
186.988960146904
17.39300054940395
15.349697557860054
18.759075829642825
138.7284395992756
93.48850645124912
14.474902698289952
146.7182947397232
18.777783185243607
12.974990716786124
20.51198687683791
136.6642862558365
25.18984312657267
24.905886750668287
31.092249292880297
20.874328527599573
280.2665681838989
24.535562813282013
128.496537566185
91.58239817619324
27.470282189548016
99.92961341142654
40.58329018950462
22.004284400492907
96.69221895933151
20.413874549791217
21.524505361914635
28.268064722418785
149.96231758594513
22.001808188855648
145.2970540523529
33.06970215588808
42.44135855138302
31.50016839802265
27.35212229937315
137.51607358455658
144.28376853466034
27.405840748921037
25.05509600788355
25.002726877108216
28.19196516275406
25.64051178842783
18.218025980517268
15.560322672128677
141.40355598926544
24.128669060766697
18.917047764291056
15.950015387032181
16.13347788900137
19.393116873688996
24.87843137048185
172.85855066776276
24.302663626149297
15.899051258515101
108.63772165775299
88.1957882642746
86.95702183246613
19.146021561697125
155.4208381175995
131.64770957827568
12.484465412329882
13.73562774527818
15.329235632903874
11.734983986476436
9.237918164930306
57.54430941492319
10.899670961778611
51.067366073839366
8.480804417704348
9.321699325286318
53.24052364286035
9.56014437158592
7.48617190605728
48.1385049438104
74.28438782691956
8.864716702373698
56.39184033498168
109.61622339487076
14.787384310271591
55.63721455913037
10.04158302443102
58.78760024532676
41.63689129590057
40.43845941359177
12.089943857165053
12.337550572352484
46.026513800024986
94.86716032028198
30.828336402773857
83.83248455822468
137.93066465854645
75.2402821406722
16.17191546037793
19.391954069957137
20.206636496819556
18.039602229371667
13.765717388072517
87.96318781375885
13.055595422163606
74.53744484484196
12.9984377034707
75.10402412712574
56.06615593843162
54.95985864661634
12.785225348547101
19.00553401838988
76.30979836732149
13.031596978893504
14.748927720822394
12.088062596973032
59.604973927140236
95.5313766002655
19.31546716298908
74.67513405159116
13.29808729281649
82.228501111269
87.72010663151741
12.918213921133429
15.581412820145488
73.23142806440592
18.33387457160279
18.50493279611692
80.0862909257412
28.808885645121336
27.273857476189733
31.90253535658121
142.02745270729065
112.86681634187698
23.625303506851196
123.47856253385544
41.27445247024298
29.68728576414287
31.559909511357546
30.28991322312504
26.694887701421976
25.689627423882484
91.32343590259552
6.8405644237063825
5.835204052156769
76.18384367227554
8.472087910515256
71.8557166159153
81.14659795165062
6.601155804935843
6.624129552626982
8.023165385704488
6.469005546416156
8.114149161381647
5.8976186969084665
90.12461917102337
82.96846663951874
6.890398591756821
6.056404005154036
8.344609703868628
101.43713635206223
6.3057216531015
9.328685529064387
8.843500772723928
71.27476274967194
81.64742222428322
83.34084704518318
77.44297035038471
7.532411569030955
78.64627821743488
8.828831050312147
7.156876304303296
7.589949213434011
84.08460949361324
9.04987955186516
72.59559828042984
8.606204591225833
8.268433083314449
9.559884416870773
8.19348303345032
10.896274484694004
160.38619208335876
39.84415026754141
26.065424637869
99.68144446611404
26.98902357602492
25.965397066436708
83.40793642401695
19.43657761742361
22.587315645068884
54.00125323794782
42.85785795375705
48.433539524674416
26.243442474398762
66.28218865394592
62.60732112824917
25.89512686128728
77.61306737363338
