38.70825038803741
57.550744615495205
48.394024293869734
191.32731223106384
65.49295591935515
124.96010422706604
172.63076758384705
38.203668291680515
145.072612285614
58.43844334874302
51.22868959372863
35.97943648137152
34.97101061698049
208.95813083648682
31.65204661572352
36.9728733394295
44.38277446292341
34.78291652351618
42.658032432198524
40.03368843579665
36.63511961326003
198.79836225509644
42.82481168862432
30.239158415584825
153.1804494857788
32.24170844856417
211.96982741355896
181.53203535079956
155.30907940864563
52.67012824257836
40.57474816404283
83.50967385619879
113.0381623506546
66.94416597485542
90.83133935928345
81.79215641319752
57.52693875879049
260.01198410987854
61.37833455577493
269.3559374809265
186.78512263298035
156.06974339485168
180.309907913208
80.46016286546364
81.98181318119168
84.7058508163318
126.0449358355254
96.4708028845489
142.08890318870544
116.36683130264282
73.70871537923813
70.83100942522287
153.67140769958496
71.22672936180606
62.733342949766666
56.03575758263469
60.33930633938871
64.02129869302735
66.26363528706133
68.13150924444199
164.91365933418274
81.08092948794365
204.01888847351074
108.42752623558044
264.4012851715088
135.83117806911469
174.96605896949768
187.39861965179443
143.85166120529175
84.8625596165657
218.54762291908264
261.39686918258667
230.84069919586182
148.82703521847725
144.08952015638351
300.6788330078125
164.929409340024
200.47657299041748
73.99779901094735
286.76815938949585
196.71591329574585
113.78347593173385
103.66404299624264
97.75000605359674
95.36568151693791
188.45404076576233
202.72532653808594
114.62765212357044
207.29240536689758
102.34636696241796
198.93634557724
203.69521698355675
88.34126275777817
92.0092058153823
253.3035306930542
69.65550903975964
256.51535415649414
209.17150497436523
205.00799238681793
237.4544433951378
52.58983687963337
63.730337768793106
171.82618379592896
43.263183020055294
59.95563789457083
204.53700160980225
205.6201310157776
66.73746160417795
198.96271324157715
74.32471539080143
68.44178411364555
65.1402985341847
64.58540919423103
175.46300560235977
172.64675936102867
88.12513755261898
160.12107425928116
72.07996994256973
82.13760529272258
179.60740447044373
93.62321619410068
90.35974769294262
79.53605232201517
179.2929995059967
238.9830403327942
83.86387100163847
220.09862518310547
74.20482709258795
257.5068097114563
316.33091402053833
231.3820834159851
87.94918348826468
96.01550722308457
220.50036072731018
93.07341659069061
105.34482299536467
178.73508977890015
70.95035241357982
97.46724288957193
97.79943521134555
207.6776885986328
97.78301429376006
290.8550214767456
160.78220462799072
206.50331664085388
36.19258137047291
155.55005764961243
48.90079711936414
40.58752766717225
50.88042877241969
178.42044973373413
114.95742964744568
62.94287074217573
92.7642809599638
211.95026111602783
67.54969198256731
42.554585533216596
41.26787514612079
44.33893505576998
42.22439653240144
39.460819323547184
37.787376491352916
42.32383028199547
61.75661143660545
36.55937446560711
163.18749904632568
53.776001676917076
190.41224336624146
77.21099967788905
107.92690838500857
64.06233821809292
148.94428512454033
111.98872086405754
237.6619291305542
211.2591631412506
133.9140658378601
82.82413588650525
84.06054267380387
193.67691838741302
172.28475749492645
82.23139120172709
54.28568361024372
61.41554191149771
63.14086889452301
218.93064856529236
187.46716690063477
56.078896738938056
65.79482795581134
68.03678829502314
70.7635794878006
61.88470140477875
149.25444555282593
76.89342438848689
93.41196528822184
108.87200060579926
97.96593348542228
111.38791817612946
74.65171996084973
280.48482513427734
159.16517201066017
71.23012229001324
78.48586951894686
63.141540864889976
65.22560760378838
184.44318318367004
44.69900161027908
51.73132609575987
283.489417552948
89.46761617064476
53.254071317613125
344.33224391937256
107.84698915481567
284.83983159065247
99.07404786348343
286.13102769851685
247.85282182693481
70.7383236810565
82.11834836006165
63.433048754930496
169.406898021698
182.1284875869751
89.36253583431244
367.4755458831787
281.9129180908203
98.64443361759186
345.1420454978943
57.10681838542223
94.52732989192009
106.20916560292244
200.54678320884705
308.2382082939148
305.8642020225525
288.2540690898895
77.14886832237244
294.7446894645691
368.4979920387268
103.18619760870934
214.33589208126068
317.2251682281494
263.28523802757263
71.43628516793251
77.1198446303606
237.33352303504944
180.2108577489853
315.91997814178467
71.46203519403934
259.18481373786926
313.7270631790161
82.18180203437805
328.5786418914795
201.1826319694519
133.73907256126404
53.397503609303385
47.934971530456096
54.460259422659874
47.625096540898085
199.3072075843811
49.12715918570757
44.4718893840909
208.3069040775299
228.02721738815308
309.2312169075012
228.76637649536133
76.00177740119398
93.71956377290189
57.72635564208031
263.989794254303
82.01569166965783
87.41182989347726
72.22107017226517
92.82202214282006
71.62902875617146
216.45756077766418
107.6016218662262
130.58009212464094
335.51313304901123
308.36729097366333
273.5895962715149
354.29029607772827
109.66921366099268
132.56871976330876
250.2806212902069
347.490439414978
102.15264840424061
228.12524890899658
124.98319412767887
162.37646889686584
273.282821893692
103.1230795555748
96.26422938518226
110.55274771852419
158.70936977863312
286.28544783592224
126.64331238437444
92.55297845229506
158.36102437973022
211.51406860351562
60.03023234009743
234.77479195594788
220.28202629089355
65.77837204933167
126.73547825217247
41.454097501933575
246.92532110214233
55.758599266409874
263.5282278060913
46.31488764146343
44.97406638041139
55.17306372895837
177.49143981933594
200.17395186424255
204.4625482559204
72.82877174019814
58.555687142536044
53.1347813680768
47.68482078611851
284.3127155303955
63.27465067431331
50.38454547524452
348.97782850265503
41.6987299323082
58.386253744363785
266.52941131591797
229.2881679534912
213.4846203327179
49.96427515987307
55.114551931619644
313.22144174575806
27.12005826458335
183.17862963676453
21.063764731399715
37.88053484633565
21.18764857435599
176.87312960624695
29.686651967465878
79.22008925676346
119.05384439229965
122.65744519233704
15.572379405784886
13.083507427130826
19.818414432171267
25.580405386164784
192.42935383319855
18.393829532666132
15.472813284024596
14.696058737114072
21.7292079241015
20.987330535659567
16.616275008302182
96.33657143637538
207.17427468299866
108.94656885042787
102.16365583240986
176.3475199341774
193.77010917663574
171.63313868641853
133.98353785276413
149.61857736110687
273.6611430644989
131.16761952638626
90.8483419418335
183.5894029736519
153.59431374073029
96.12726876884699
141.0224311798811
105.30837853811681
334.4437065124512
126.42849868535995
290.94603872299194
136.26400405168533
202.87207412719727
427.8115875720978
148.9736944437027
215.21884322166443
104.55715641379356
148.73115834593773
44.458731409395114
40.528091656044126
36.0102309640497
118.62975907325745
43.27346778521314
39.70986704342067
33.79250071421848
37.45650589512661
176.2869461774826
41.136948799714446
36.4949040398933
36.54340099648107
36.684185493330006
44.47121543530375
37.5271848263219
150.1501339673996
49.76473116874695
39.498035206925124
31.999242950230837
175.5331530570984
54.41247906908393
38.92942794598639
41.69384998269379
48.06507168489043
31.889582401665393
28.898721524048597
43.85801240429282
190.97606825828552
35.9080164199695
99.85388199985027
347.2544016838074
175.17505651712418
164.3213564157486
74.53630751371384
195.19908320903778
80.46796369552612
319.33115124702454
157.44157189130783
106.97765586525202
100.65015855431557
77.4244814813137
59.85602603107691
304.44186067581177
74.32108055055141
71.90157559374347
91.18328921718057
83.86074569355696
80.07191420905292
93.17614288069308
75.44354091724381
76.52708041295409
104.75236136792228
115.32127039437182
141.40727572864853
316.5958878993988
75.07381095550954
104.07015247642994
228.30487632751465
279.5864567756653
254.71826457977295
160.62701773643494
123.09502299129963
122.23952198028564
118.13260960578918
314.59076833724976
103.96290367096663
352.7204933166504
332.05700635910034
109.54361501336098
228.86060309410095
66.29840402049012
74.39976353012025
69.58840582706034
81.90584643092006
220.8583014011383
100.76163644716144
108.11974096670747
120.11268411576748
270.8489582538605
222.84961438179016
97.30867870151997
205.8558623790741
237.66135048866272
277.7294239997864
228.67479872703552
63.88869756273925
145.4789172410965
73.07402323652059
69.22703710384667
73.5580670721829
67.42676943447441
232.22292757034302
63.51590587571263
110.0095045864582
334.5523166656494
205.90032958984375
166.1160273551941
78.80529725551605
97.2051411010325
216.3073662519455
106.16209941357374
74.99011988192797
158.46220755577087
107.27849989384413
183.56626176834106
107.2267794907093
71.96818832773715
60.51090537791606
89.32203060388565
152.48395949602127
44.388152551371604
231.8982801437378
37.95037388801575
38.230161390732974
35.018855785252526
56.84652516245842
42.502400897443295
240.20426559448242
182.25976991653442
47.93963563069701
298.26775312423706
146.36155343055725
42.33718091994524
62.75653900206089
232.54096269607544
52.45010261773132
45.261625215091044
37.2557337317121
46.203853492217604
63.6502636866644
138.11687994003296
43.15296008856967
50.343954885785934
35.21976618695771
31.1296256959904
39.070910033769906
37.6013009698363
38.84347992949188
196.33246850967407
309.6961693763733
324.6090278625488
198.28279829025269
198.06137239933014
200.66272592544556
196.74427843093872
246.3584280014038
192.1078977584839
202.9888961315155
92.29538060724735
268.5933889448643
380.9139771461487
295.922438621521
235.06908905506134
256.90529465675354
188.5393628180027
244.98489117622375
132.6891268491745
287.61505699157715
433.65714740753174
363.8283791542053
243.7140132188797
209.63870179653168
149.3688160777092
191.3327158987522
215.52811324596405
164.29277855157852
196.91820004582405
133.26484936475754
118.20734675973654
249.96094179153442
156.51510244607925
100.3652099892497
114.37233655154705
203.19911646842957
229.36236095428467
102.05775602720678
97.43521947786212
291.48667001724243
186.79706597328186
264.1516227722168
329.2866864204407
211.433491230011
247.78385591506958
133.3282711803913
116.85552753508091
97.86044197157025
226.38336849212646
96.50443705916405
127.21001687645912
242.7211412191391
196.2739293575287
236.35622215270996
264.46657967567444
204.93750303983688
274.6304259300232
103.91781030315906
129.56564063578844
228.89127159118652
139.61050315201283
117.78930926322937
361.31342363357544
114.60265357606113
135.63725033029914
107.08301089610904
100.3089738227427
111.32268446311355
158.71441459655762
125.23644944280386
63.71019477304071
56.98860402102582
66.04810194019228
86.01456473954022
221.9864001274109
116.8403376378119
101.34492434747517
218.27134585380554
235.8789565563202
126.41353130340576
246.9069151878357
143.71376645565033
231.81903684139252
258.04990339279175
137.14921462535858
109.1604625582695
70.18423823034391
71.90445555001497
59.210299972910434
231.51477026939392
236.79055666923523
62.94796514697373
60.9177586697042
60.81729978881776
77.81387674761936
165.22063732147217
43.20405070413835
58.38548345165327
162.83445978164673
62.60135605931282
115.89009987562895
71.49779383093119
152.74091625213623
96.92742544412613
182.82199430465698
128.50475569069386
91.2669728398323
325.9433765411377
151.08746851980686
130.42165179550648
150.4830481261015
275.0561845302582
135.05341190099716
116.20338125526905
283.07264947891235
138.48185753822327
110.14553301036358
296.06248807907104
150.76082660257816
125.68882408738136
215.168639421463
141.32348829507828
183.68024003505707
471.19918632507324
452.090313911438
152.3422063589096
254.9683496952057
160.64337980747223
112.55536769330502
136.95281744003296
155.4706827402115
178.4195455312729
90.22484722547233
289.16080236434937
124.76339533925056
56.65306356176734
55.505643993616104
52.31681242585182
244.80700588226318
62.166800040751696
74.19658844778314
80.48701689275913
88.3509550690651
186.65450978279114
225.9396903514862
55.44186497526243
144.7167613506317
81.19715625047684
114.17927670478821
70.8477394208312
97.22540082782507
183.37399351596832
78.96703495457768
255.8832483291626
89.02270641922951
75.181939214468
70.57854410260916
299.6429510116577
333.83471870422363
300.60869312286377
93.27267575263977
279.0201938152313
87.74519235640764
185.39011979103088
78.69433638080955
72.69039724767208
143.32753992080688
207.74961614608765
82.2452464401722
236.31419157981873
210.4697813987732
65.45940849930048
192.86793184280396
193.7118718624115
68.00319887511432
72.99553549243137
228.9471297264099
99.99192185141146
111.7175272628665
111.28520997986197
48.6582152711926
47.08540969993919
234.9683494567871
54.219646302983165
45.32346112281084
44.49136715941131
198.7347571849823
36.259180353663396
33.8429173307959
35.87799722456839
208.27396249771118
51.225459856912494
49.45275007863529
53.07191992551088
266.3762698173523
201.24492740631104
60.79741853615269
215.37128114700317
45.59693608991802
42.84907050873153
190.1723551750183
47.67465463024564
151.92225921154022
50.49381754361093
57.193874428397976
43.399604219477624
52.04526039829943
209.83557271957397
131.29133278131485
197.0364453792572
212.90438303351402
135.49061957746744
76.74327871087007
78.63189976033755
93.75761257484555
89.92673213407397
103.21869672473986
103.28969531133771
131.781256751623
119.32110215723515
84.74933113949373
96.17516972124577
211.41571164131165
107.81965092755854
267.19559121131897
139.5837700366974
45.00958729535341
163.86924308538437
30.847180312965065
200.82126545906067
33.12138805165887
32.26804114738479
34.14047642797232
19.312807261943817
27.21522665489465
24.638758960645646
199.74737429618835
159.71217703819275
187.44296383857727
49.715965159237385
170.80765318870544
28.634470214368775
32.64706776058301
38.16758006811142
24.243601489346474
24.471102627925575
101.60428535938263
32.989344930276275
40.713653575628996
32.61206285527442
183.08258867263794
18.1959112258628
21.22537892498076
21.46360288746655
27.981967435684055
24.687425983138382
142.48231291770935
155.62225556373596
32.825507463887334
167.0592577457428
19.8016043798998
63.44812422245741
214.83192706108093
80.76803293079138
184.54515528678894
120.8152465224266
319.3474736213684
136.02015580236912
135.09645104408264
85.34072880446911
93.93948934972286
193.526123046875
98.78322711586952
150.34735476970673
101.18868289887905
286.516610622406
198.74814105033875
110.74098074436188
167.9441864490509
93.16484333574772
170.1675045490265
