10.909072215959895
10.254070566996234
210.22615122795105
9.052685481030494
22.677923023700714
29.397420451045036
15.00315694976598
149.6359429359436
218.45842599868774
155.34175980091095
19.024705005809665
9.728279504925013
8.918612399313133
184.6398742198944
7.964018118393142
11.459634579252452
39.93463835865259
215.3828408718109
7.7346419129753485
7.157622055936372
10.112236484885216
6.8512005080410745
19.69757191836834
12.142470554099418
17.07429955806583
191.57649528980255
126.63999533653259
230.22621250152588
7.9452966783428565
11.243091265961993
10.281344639370218
304.8267683982849
62.00674471259117
184.88239526748657
142.49095225334167
163.3968516588211
205.6322455406189
69.96367812156677
22.855516659095883
139.7315797805786
123.57429242134094
23.19015297293663
130.05890572071075
23.865895854774863
20.081279919482768
23.955044647678733
26.05730106215924
177.08582425117493
29.089038006961346
32.90942778810859
21.026373660191894
23.33508568070829
157.94593226909637
23.886686340905726
138.91724801063538
20.13446046411991
79.82848620414734
136.92549294233322
27.422645234968513
27.029891302227043
25.04581670416519
145.69224333763123
22.87554518925026
135.88820469379425
144.34511160850525
33.34756526723504
33.98476552963257
24.819162795320153
24.169130738824606
16.875973329413682
17.225064642261714
27.449080996215343
96.22076690196991
46.179251953959465
38.752690732479095
16.77048256713897
23.699484441429377
11.938250951468945
233.4574990272522
15.595678812358528
10.64910103083821
12.1480320955161
11.210021799051901
10.665605154586956
8.332324235409033
10.282962993602268
128.3138850927353
27.06154388934374
19.254361198283732
16.554468070622534
152.90055227279663
13.069278744922485
13.268437394988723
10.407111577223986
7.465208276204066
6.6875805869931355
240.77339029312134
5.468619850260438
7.847701490594773
7.306077139655827
279.01909017562866
7.692432234151056
7.415524740354158
7.281584803320584
6.540204522956628
11.775257838889956
15.12467448413372
130.3866639137268
11.511656632646918
13.640066992491484
17.832365276291966
11.004345316439867
105.9888801574707
14.251209451060276
15.568092788627837
126.82338047027588
227.70691776275635
13.334998675738461
127.72682809829712
247.97567510604858
23.77152811549604
31.598147116601467
131.71930792927742
26.300423674285412
17.011275812983513
14.556764892302454
126.13399839401245
16.96992368809879
16.242507431656122
15.024014213122427
16.467590594664216
19.31129921041429
23.89198936522007
237.60336208343506
35.496751453727484
24.34028801880777
97.9592741727829
26.123228140175343
21.764976855367422
23.803421571850777
57.6779722571373
176.51497101783752
90.5892163515091
166.798210978508
169.059854388237
26.743798691779375
24.477871218019573
24.45377995594754
18.666188315139152
24.621529020369053
102.02266240119934
88.06828224658966
24.442149919457734
32.99467113614082
28.7585819051601
27.455973913893104
174.0181347131729
23.405301040038466
31.238262739032507
192.57980227470398
20.034551900695078
27.111089514568448
18.308788747992367
274.666898727417
284.0959801673889
51.1713215559721
134.97465896606445
41.135611122474074
131.5477910041809
45.58174156397581
156.53841125965118
57.61339628696442
41.21717504831031
24.359202288556844
24.97749127447605
13.577202177286381
12.46622275802656
216.72956800460815
22.367083411314525
270.3959937095642
256.0828022956848
13.684290033532307
15.748655775125371
18.148250476806425
16.647886658320203
14.044569659163244
11.595100637496216
12.603933380305534
13.115910261614772
13.768677284708247
12.443255777005106
80.59420776367188
177.43452781438828
20.634165689349174
16.53463001784985
173.85559451580048
17.178445901721716
127.56856393814087
12.486408196389675
177.34158033132553
232.35170650482178
19.712318390840665
29.07194285839796
143.58932626247406
171.7217984199524
163.19804906845093
17.089463159441948
16.801476942840964
93.02177202701569
28.501771867275238
6.4977034237235785
169.4490261077881
5.307787115685642
5.593690921901725
5.6607036052737385
6.960615932941437
45.87934926152229
11.29998680204153
6.474343068897724
15.921573165804148
76.52764356136322
13.28043146058917
10.554327595978975
5.9630491537973285
98.61809062957764
155.67939937114716
5.124091405421495
21.135671501979232
41.90183761715889
167.87700152397156
9.45030934177339
91.5154197216034
11.080548882484436
11.641423653811216
9.19826652854681
16.95240433141589
9.01248592697084
147.14221930503845
7.527044264599681
121.20912003517151
8.893738228827715
163.75869846343994
8.971784093417227
31.890292298048735
19.32199905323796
142.735280752182
10.804439602885395
15.88852027617395
141.43230748176575
285.8632833957672
17.738379418849945
13.811147912871093
113.68673300743103
12.56720894575119
11.77223006717395
11.958935241214931
342.4979043006897
8.1065510516637
375.21955013275146
10.749119964486454
9.368255755922291
303.4856629371643
46.651816695928574
16.782312693074346
15.117435522377491
16.10141223296523
67.638507604599
112.01138997077942
13.94014297798276
169.34192156791687
14.36218820977956
10.788459843257442
15.133367128670216
212.68424034118652
163.318754196167
59.43600234389305
153.96711385250092
150.95226621627808
34.82845748611726
28.50481884169858
29.783837213297375
215.287034034729
42.20779266953468
209.38541984558105
27.584544736746466
30.442085686256178
42.729842111468315
198.30627608299255
35.75142387067899
33.12856143969111
37.091072306153364
58.981610119342804
39.000854248180985
40.25779358390719
38.85412022750825
171.6470582485199
76.86419561924413
10.058928149286658
9.905990771017969
9.422011462040246
91.6425074338913
19.596570376306772
9.594242018298246
153.61755967140198
9.7349206302315
11.819225903600454
135.83247089385986
9.9610882087145
58.339871913194656
9.919485794729553
10.234150366391987
121.72392770275474
11.712272427976131
13.203923536464572
8.740741461515427
21.254124835133553
19.38769042491913
120.8874864578247
110.7202844619751
104.46657858183607
183.6604061126709
10.790228984318674
109.12370133399963
178.33389043807983
12.092514134943485
156.62520599365234
12.005222771316767
10.251880373805761
183.81268167495728
21.193702410906553
25.199189079925418
180.6490602493286
29.234528120607138
150.41881704330444
112.82193446159363
144.7871546447277
27.936160948127508
24.69364265911281
20.42957666143775
145.43808722496033
22.970100358128548
121.59651148319244
34.77422781288624
22.896812584251165
150.6293969154358
132.7518663406372
25.84639708697796
94.62470960617065
213.82873344421387
174.43696975708008
157.06448364257812
50.64411988854408
52.8692886531353
65.90270237624645
219.16340112686157
94.25643706321716
109.35085773468018
207.304594039917
212.68416571617126
187.6860134601593
182.4019913673401
166.54434311389923
53.075702011585236
65.91884465515614
66.9567747041583
166.52453660964966
49.99501812458038
129.45763206481934
68.2865235209465
55.51159265637398
61.14927804470062
177.3375964164734
103.70009994506836
65.3597462810576
52.945851877331734
186.30640196800232
20.883618191233836
15.019007901661098
55.23351272940636
23.53386323712766
152.05429029464722
15.658217896823771
19.689033580129035
124.68868747353554
11.246151510218624
18.24975897395052
235.9176845550537
18.197589956223965
118.71177887916565
193.4936853647232
15.76069683325477
143.3568880558014
16.821277223760262
23.021752558648586
123.2690908908844
14.867741543799639
8.677745884051546
10.303215362597257
174.284743309021
15.690720655024052
15.099885320290923
141.66701209545135
13.051189160672948
12.542575866158586
141.11749935150146
16.76681348582497
15.680755795736331
19.719885622354923
220.4941692352295
15.69492315329262
18.87969883903861
17.70356912445277
36.73220505565405
198.7501710653305
16.112580846995115
13.975082442164421
18.90632717870176
16.87607873044908
13.018108303193003
103.25596797466278
14.732487652654527
15.300558616872877
254.72270488739014
15.092711322708055
17.670495407888666
13.065722191007808
22.084497500211
21.60599133744836
122.78757929801941
216.5542550086975
24.781864082440734
104.74568921327591
130.42743416130543
18.54260019393405
131.6777657866478
15.910623110714369
14.618849044432864
33.34632280468941
137.62227582931519
41.52661228552461
28.666024405509233
16.936338837258518
262.2044463157654
118.95870554447174
12.26892995016533
151.65634113550186
133.31549941468984
13.49618271458894
106.00302481651306
11.173220608296106
11.542719866149127
10.812662650248967
11.479959706775844
139.5170528292656
13.730596137233078
11.178054741350934
16.371928464155644
177.6911199092865
17.391468479298055
15.12791875435505
18.361723597161472
19.642879833001643
24.2372512165457
240.0938205718994
19.8273523140233
25.15543856471777
105.32927870750427
20.469371244311333
19.074700873345137
202.35379004478455
47.16964444518089
228.10496044158936
130.4522831439972
166.3295726776123
34.816065810620785
60.41920980811119
150.51222681999207
208.7848024368286
157.35251832008362
31.111234694253653
41.33721267525107
129.9051589369774
246.0024995803833
36.04581033438444
37.50775511935353
149.71243679523468
135.30944871902466
11.722884213551879
12.523543203249574
287.518958568573
92.944451212883
10.486028125626035
14.598131174221635
114.12659069895744
76.36945128440857
113.46709614992142
10.495965745067224
14.383510760962963
10.541148091549985
16.161113515496254
13.948391400743276
23.90779143758118
23.177162799984217
141.066060885787
138.44890975952148
15.194363464601338
17.871489137411118
13.118508308194578
14.874567280523479
116.08538031578064
14.32490647956729
14.553409348241985
149.50319343805313
70.19501090049744
114.32760147750378
118.27773064374924
79.24653773754835
123.45601487159729
54.16556762158871
46.5528067946434
172.79685854911804
57.485683262348175
61.81544593721628
58.78825996816158
62.32965449988842
46.83542026951909
44.84572146832943
43.14711133390665
271.5611004829407
100.06375586986542
146.33002638816833
76.85093720257282
66.82648603618145
75.17921148240566
59.08361057564616
252.4271879196167
64.83231180906296
213.55170488357544
52.879173673689365
285.3385124206543
42.8278132006526
202.38478422164917
132.66701519489288
60.0384124815464
138.77991580963135
21.742556924000382
16.699336097110063
11.007107132027159
11.860669957532082
11.64961762466919
14.966621940722689
141.76824367046356
144.4696477651596
11.051063443585008
11.815021078364225
12.96468705337611
12.954564344792743
14.858109318185598
12.876192784693558
13.741192122135544
23.857014519162476
24.57588404024864
226.7056770324707
11.1818612893112
15.360462013748474
6.957159278448671
31.265622846782207
9.457100446335971
11.079189035575837
7.160570408334024
181.4608941078186
188.00621509552002
106.75221967697144
10.469317050650716
13.643845031037927
221.85747003555298
13.87805974856019
15.502630308270454
8.886468938551843
169.40171599388123
38.715638391673565
38.94262286648154
97.44350147247314
55.32052204012871
35.20167419221252
35.44355612015352
41.09849230013788
53.40352973341942
106.36766123771667
54.95835483074188
48.44472952187061
32.86073679290712
34.184821086004376
85.20440626144409
50.88936562091112
256.2160744667053
23.786658326163888
117.2150137424469
29.285781860351562
128.05180609226227
363.6831455230713
195.63171362876892
244.85810708999634
19.490513491560705
24.24236834718613
318.8203344345093
20.432198147522286
17.76120880059898
13.861129925120622
174.23540544509888
10.190132740302943
10.929294041998219
14.077595533803105
24.727105655008927
37.1661060731858
128.0623813867569
33.274990290403366
127.72908902168274
32.782856062054634
170.17802906036377
59.905025005340576
49.956206530332565
37.499028995633125
224.75969171524048
29.9313706276007
74.22818839550018
202.22057008743286
31.60224742582068
29.27290321001783
31.856605405453593
32.43501613289118
36.684411441441625
27.815682583022863
33.95266644842923
37.45023537334055
49.252007689327
45.23729494959116
266.67323446273804
296.2227392196655
55.22535997489467
40.251881858566776
28.50288537144661
33.92407639382873
177.10174441337585
35.69201054656878
118.55670976638794
59.504234202206135
143.1324861049652
202.6692452430725
42.78257079096511
42.72894674167037
145.40115773677826
48.701308300718665
133.23735690116882
122.57529640197754
49.82629776932299
32.14744659722783
43.97585423476994
102.63199895620346
42.49079245084431
143.41358375549316
165.5183802843094
100.3353162407875
32.47857145033777
40.97468086332083
72.30686748027802
7.045742345973849
149.05931171774864
5.092990639124764
109.05703186243773
3.446547768689925
3.5321432749406085
127.73180322349072
3.789992404383156
7.042281429341529
3.68819860892836
5.619709730730392
5.590181228151778
4.544297576445388
5.069218682736391
7.884311281144619
182.90519738197327
27.467078432440758
26.892067853361368
14.376354150474072
8.174397624217818
5.573086139484076
5.459949844618677
165.94572806358337
8.970542132090486
12.25951717235148
9.981478188885376
12.664093512576073
23.687109551392496
93.89968119561672
126.22027730941772
15.843950202688575
17.66830362100154
14.51300338935107
4.147267678781645
4.724204029276734
4.850522423599614
148.25212407112122
3.9413167871753103
128.49462759494781
110.75277853012085
4.481246402487159
6.342623523902148
9.576579930260777
5.476925163995475
174.82976865768433
5.850703860865906
132.93382823467255
165.84239888191223
7.237291119294241
115.4751369357109
60.67610239982605
107.46657935529947
4.74915399463498
5.502095241332427
5.907076261937618
157.00219359993935
65.55952250957489
70.09160431474447
63.34428741782904
140.37978529930115
300.8565549850464
72.24035641551018
83.1438614577055
59.29824688285589
348.9363145828247
55.84095373004675
76.06041341274977
76.97734445333481
227.64126443862915
182.41072607040405
54.53967720642686
228.20808362960815
149.02543139457703
146.58510732650757
25.869892224669456
17.423050839453936
21.112867761403322
154.58731424808502
179.57608318328857
91.03160810470581
24.548803731799126
12.899895200505853
75.23530423641205
11.957600929774344
118.04827380180359
165.8315912783146
11.605374093836872
28.710654340684414
207.19882261753082
19.886132944375277
13.517981382203288
9.818883480591467
9.434620117302984
11.594666761695407
134.31585693359375
10.926822115434334
12.599874024715973
14.19103052932769
10.861442822963
12.065265266108327
152.34716330468655
13.064064449979924
128.007308088243
78.57708835601807
151.4699771106243
71.06118261814117
145.98365865647793
14.78560156840831
13.558049555169418
20.680185416713357
16.94075472059194
103.84128451347351
24.926096157170832
45.145538568496704
164.00422072410583
24.494148823432624
199.17243933677673
87.64445900917053
32.32444302737713
35.24486429616809
24.55929189734161
93.09033274650574
22.488951734034345
22.660719920881093
22.97611155733466
259.83207750320435
183.0459747314453
22.210546172689646
23.387701250147074
