6.846587158506736
7.503584746271372
7.605463271960616
4.05495520166005
12.106372834183276
16.98878311458975
16.31457925448194
12.446800466161221
17.649569084867835
16.333193318918347
10.251071797451004
5.971098950481974
5.569568894454278
3.987730339373229
5.384707853780128
6.003502383828163
4.407926454790868
4.703640238280059
4.805773836444132
5.788019584084395
4.113268956367392
4.815759295743192
4.774741615052335
5.4710543370456435
6.371122903889045
6.3203505521814805
4.5373892318457365
4.735949642257765
6.6795441035646945
6.745247798040509
6.9835874636191875
16.032719694194384
11.142601386149181
9.118159436038695
26.069208949804306
25.209627128206193
8.157487206161022
12.939633851870894
4.940685725887306
7.657428559847176
13.165712852030993
8.602368475403637
20.06376322777942
10.371182402013801
10.313207773957402
5.354430550913094
10.145255781826563
8.805927529698238
8.313046326395124
11.84045498172054
8.426381583092734
7.079802153224591
8.310829312831629
6.335147395264357
7.169752479443559
6.302144955101539
6.226597277505789
8.648207182472106
9.963591928157257
7.3347327805822715
5.51574106735643
11.113400338217616
8.327026622137055
13.297372900065966
12.879565470619127
13.256583302747458
12.333619640558027
19.088694099336863
16.586697275284678
15.098214411642402
12.552463758678641
25.58472414384596
25.155246685026214
30.861203774809837
25.326522945193574
27.410225800122134
32.67201116029173
15.398357857717201
13.198931275634095
16.974281636357773
11.90512423380278
15.264545200392604
14.076181744458154
17.13606152497232
12.303736800560728
15.3344653097447
13.510070172837004
18.40595924248919
23.055586495436728
13.031386150512844
16.10141881555319
12.689605628576828
13.389211878093192
7.432249364021118
5.627083513965772
5.2297637562514865
7.430914538919751
5.192792703921441
8.359999937965767
5.811705190120847
6.119808144492708
6.976717029494466
6.977714475942776
5.040221443181508
6.09672264069377
5.229464887655922
4.961686078779167
4.463364250550512
8.43799741868861
6.178418915849761
7.8738210596493445
6.647681603411911
5.096123418043135
9.130528897236218
12.741181326622609
7.088008452905342
6.738555278570857
8.993842735260841
12.763450705911964
10.768267595674843
11.095647654961795
10.386338899610564
11.963209739886224
10.790500035043806
7.1149325296864845
10.56039083818905
8.80931612139102
7.897265958483331
6.38496717705857
6.467853883747011
9.587239896063693
9.673029501107521
8.316859751474112
6.681568713334855
14.962986823404208
13.54052607237827
14.902762926416472
13.407370127504691
13.223277940182015
12.375086524989456
13.763593637151644
13.391588879923802
13.198387473792536
7.496688911414822
10.1466585516755
10.116409396054223
11.28008546091587
11.719978614841239
11.176938171847723
15.107410918921232
11.646141049888683
11.667499803763349
11.939631803426892
20.204474985599518
12.738418273278512
13.624007745253039
9.635107035217516
9.159591429139255
10.03769772965461
9.931350067374296
9.604432210559025
11.404926363611594
9.73593788393191
16.798947372473776
10.34014790749643
13.658166442066431
15.2308610053733
21.943111383356154
16.243928838521242
25.289312264882028
13.926295260898769
16.593851486220956
16.322550372220576
15.083571604918689
30.90019782446325
11.967464335495606
10.062825553002767
10.541370883816853
14.370430613053031
18.290594740537927
15.583773315185681
9.059307667426765
10.99611676990753
14.323709048796445
12.475485978182405
10.551944938808447
8.525207934319042
13.049219610868022
9.116739197925199
9.652392331103329
10.129006415023468
10.795589212677442
10.577865970204584
14.482139206724241
16.905969410552643
8.901669181068428
12.530890339054167
14.373152123764157
11.292562060436467
10.521388626366388
19.547686050180346
14.098255106364377
17.01915806881152
4.160376695537707
4.610132100759074
6.217270316090435
8.314344707876444
11.149711048230529
12.580025929957628
6.329498832114041
6.663582049019169
4.406553291977616
4.09342146506242
5.140521040768363
5.888514877995476
6.611433129641227
10.295624203979969
5.312669734004885
4.685053913388401
18.234608767554164
6.065636029001325
13.728549905121326
5.1192659880034626
4.076557943400985
7.232321900315583
3.901872585294768
4.229960317607038
13.6471097888425
30.682045213878155
17.122529853135347
5.835635021561757
4.002486215540557
4.581710558006307
5.439430516271386
6.380641295807436
12.341324290260673
7.896475242916495
12.348752301186323
4.081019268400269
4.277962215783191
5.164622575393878
6.588600540620973
5.981423534045462
30.9464221149683
17.17512117838487
5.035616586334072
7.843182770957355
7.812100094772177
9.94430836068932
8.08679690392455
10.743474036164116
7.023826988239307
5.85214862311841
5.538797605753643
5.1260466169333085
5.679229081957601
5.721129118901445
6.1125032173004
5.537142724730074
6.897792847128585
5.510242082906188
5.62402738223318
4.567285958357388
5.81866109429393
6.10669212375069
6.4667398988385685
5.689763886621222
8.674516886356287
8.459667211165652
6.9838238139636815
8.497034540923778
6.349373887089314
8.41933198281913
27.822575820609927
26.525290000252426
26.926477080211043
28.301235725171864
34.41091661155224
26.368917093612254
24.716158168157563
23.255137788131833
31.149333373643458
35.07038696296513
17.799081275239587
27.120242843637243
23.133262996561825
31.413581918925047
27.310819048434496
23.305030453950167
24.673441003542393
25.024420748930424
37.90783569961786
28.524034049361944
27.52014150703326
30.046191533794627
39.27668812870979
3.848773304838687
5.468924202665221
6.7935260771773756
5.30719369626604
3.9309721678728238
10.13440573355183
3.6516381768742576
5.014519140589982
3.8597408446948975
4.221242958446965
5.2001955297309905
3.2999169784598053
10.271353942109272
4.8071594117209315
4.463868716091383
6.864455685019493
5.970308668678626
6.402902613393962
4.4733415057417005
3.897683126386255
5.170737091801129
8.718582208035514
4.644801840186119
4.938147632172331
4.129997592594009
4.305678950448055
4.058933546883054
4.7873908393085
3.393844470148906
4.682470278232358
3.2103509368025698
3.1713695295038633
16.288862071640324
10.685589201908442
10.305407707834092
16.91735589230666
12.721877395859337
12.526685019212891
14.07516186175053
10.559861839545192
11.68044981212006
10.611505432461854
8.401610550447003
9.044191022065206
11.809570387238637
11.920659706054721
13.39479375386145
9.495484998682514
10.493403087952174
8.605728074744547
10.320199591253186
11.056028183658782
9.227325346670114
24.012369166128337
21.608477641828358
32.69394278945401
26.435652945190668
35.7348214588128
31.733302854001522
28.1120027708821
36.809321474283934
27.161893878132105
33.29787274077535
31.8575333468616
26.428046057000756
27.45448060729541
19.934818845242262
30.27976189740002
42.818425457924604
32.351371485739946
21.085465712007135
22.361722622532398
26.057217001914978
20.610112697351724
28.657701280899346
36.82823004107922
36.117810383439064
45.0889747235924
24.609792655333877
33.36925011873245
9.108152158398298
10.251735215613735
13.640909697045572
15.618845605058596
10.625161274627317
11.357536337978672
10.5521969110996
8.057477671653032
9.873028592410265
12.820248081116006
11.921343624824658
10.217778854130302
11.63408795959549
11.403682295087492
8.98133318364853
13.109995569713647
11.001459951512516
9.862940327555407
12.023398586101393
10.77855450939387
12.18335788929835
9.056915504217613
8.020946544471371
9.722022313988418
8.010359815976699
8.578943687607534
15.780754759442061
12.892951737623662
8.563032988400664
18.640251623583026
18.941662640310824
23.41198964533396
22.118296545464545
16.242983718169853
21.50210880395025
18.03842315590009
21.743989385664463
22.859062707982957
16.29684687498957
15.419021639972925
17.44167128764093
15.806398223387077
13.152973812422715
12.394917779136449
16.854166156612337
18.19599285721779
19.12758886348456
17.609710613265634
21.242241829633713
17.530653713271022
12.40153105254285
11.82264511170797
11.986114353174344
13.724917858024128
16.924897109158337
22.76649283617735
12.473303705919534
14.563649736810476
8.246785151888616
11.030302174156532
10.105378340929747
18.593077873811126
22.857240110635757
32.95646284520626
22.02681583724916
7.861131581666996
7.868378363375086
7.625499878442497
7.19911230073194
8.81772507874848
5.379728715033707
5.490670371844317
6.105462508334313
9.192114959616447
8.187911322514992
8.820074188479339
8.608280147018377
11.494520360953175
13.041147823794745
13.328475070884451
8.617052681278437
7.081561314524151
8.908191334456205
5.401552415569313
8.038160448893905
11.697665599640459
12.047150813043118
12.628446449059993
9.550428290152922
10.074896151199937
13.469405572861433
12.09505607932806
8.997046887641773
10.002572021563537
20.656844600569457
16.179825350642204
16.638117969036102
14.903199073392898
23.093534762971103
18.549440293572843
14.354761046823114
10.719199269195087
16.957833955064416
21.449398942291737
25.369022125843912
25.29957158025354
11.018898023176007
10.222627023234963
11.608323370106518
29.002668600529432
7.291312716843095
7.84439197084248
7.4518560553042335
7.553240426739649
7.036018859143951
11.211427405869472
6.939832021700568
8.061029086442431
8.813028269767528
7.929217922472162
10.380691030746675
7.1245991719770245
8.26942559791496
9.010782144439872
7.61022622679593
8.286174257635139
9.17499101255089
8.8408955608611
9.706292858114466
10.553030878771096
7.483790160040371
6.572773964289809
6.893826772691682
5.647565494145965
5.006720566510921
6.423178313125391
5.926909015339334
7.209991909912787
20.47311875905143
19.188386970607098
19.98869387281593
25.74823485314846
19.80240110203158
19.97063917235937
16.941301282611676
19.186105168424547
23.84856181475334
29.69588002189994
32.28493121732026
24.7808779256884
26.829924216493964
24.786077360622585
28.416847448796034
26.24350226437673
31.047728394158185
43.34049877524376
29.55073581635952
29.924127568025142
30.348442405927926
31.235231681610458
30.576885858550668
30.501501681748778
28.45899747312069
40.44819322228432
30.831027129665017
25.462379656732082
24.185676562250592
25.50651555042714
25.046588835975854
28.25925348873716
32.23573267785832
18.2927893384076
20.033912706247065
19.75135766126914
20.682986636908026
19.592238167926553
23.037713885307312
23.39044622189249
27.920733639621176
29.084535258763935
18.071680412329442
21.349474540678784
24.288023640954634
26.75003901787568
27.847853475250304
25.840657344000647
22.725762225862127
12.068154376058374
12.677570568048395
12.274882517696824
43.0885314643383
12.313690245500766
12.782884752959944
12.234678654465824
13.626966600721062
11.665520668335375
9.701905995578272
11.960961139353458
14.244118367205374
15.13058459822787
13.876130539079895
12.001230529873283
11.879176944377832
29.799524188274518
31.050355644430965
33.35063209303189
39.59746687463485
38.75653999764472
25.569738933234476
27.64982223743573
28.48584376089275
29.06585278408602
31.20962632726878
25.447840994223952
29.681622938340297
12.987572925863788
18.222555072046816
16.597514827386476
20.265921592712402
16.492131046950817
10.720590191660449
12.323178705759346
15.462986941915005
14.26953905262053
13.532093026209623
14.207316410378553
15.064309622102883
14.334955636382801
18.06693051205366
12.952114791492932
17.92031347460579
14.741107859183103
13.282230094395345
12.104283449214563
12.25947360945429
13.662724271023762
17.72968927869806
23.047961964737624
33.49761040136218
32.36149657936767
25.54110113857314
29.588925056159496
27.946518189506605
30.476740294136107
32.08230681717396
33.448338001035154
33.03910841513425
28.807390365283936
28.478185346350074
34.30109567195177
29.93507874570787
27.43627620721236
28.298545070923865
31.6463587093167
27.568911506794393
27.070162046700716
29.047770749777555
37.3721047565341
38.220048781484365
55.029660135507584
38.59030316956341
36.73458303511143
34.52795914374292
28.47452916018665
27.5224328385666
24.659394001122564
27.101744495797902
34.2905861530453
27.887913887389004
20.465794182382524
16.069703788030893
12.693734387867153
29.47558295726776
17.97471519347164
18.075276345130987
20.01105396519415
19.548636656894814
26.633270896971226
25.20942309842212
22.633031773380935
11.400864088558592
19.681541667552665
14.473460314620752
16.958002559491433
18.253987109288573
17.419625287759118
20.13934548664838
11.347165935323574
16.6895517508965
15.184409241424873
8.014424371707719
6.690527721308172
9.855622799601406
9.659813320904505
7.037600473318889
6.392561847391335
7.133014106831979
7.463682231682469
8.49449975969037
7.663427012945249
7.804131180007971
10.585027753782924
6.993329070730397
9.279592333827168
11.424846851965412
10.52002711466048
10.429422455490567
6.628438163679675
7.662983147878549
9.714557639730629
10.016011615341995
10.74619925377192
11.287761818559375
14.085453490377404
13.16853801254183
11.320941010839306
13.30686999252066
25.995114739984274
11.681701825582422
10.996911204318167
13.900880686705932
13.165494111424778
11.06654862954747
6.104082400124753
5.880237917896011
6.361593725363491
5.8502813095692545
5.029198532618466
9.37046593130799
7.647970726015046
5.878164361580275
7.817393601173535
9.280097250943072
6.669469952001236
6.758093329321127
7.072451309417374
6.9566950033186
7.771044497494586
7.966351715789642
6.435875869356096
9.888604565523565
9.267177703266498
6.143172367301304
6.814303378632758
7.235221037641168
19.103764971718192
19.248466827673838
22.331640512682498
19.445150069135707
20.354739340604283
23.767434793757275
22.807129569351673
30.178546495735645
21.816368009895086
27.94514368160162
23.853394685313106
24.56091138208285
39.95156276971102
28.035976065322757
34.47698502801359
27.841945257037878
25.348926111124456
26.232366060838103
8.561183906509541
10.491844750475138
8.344610869011376
8.726318727945909
6.7513171295577195
11.556817777454853
8.491983300133143
9.281218014424667
11.667988433968276
11.664757127524354
9.845269416313386
10.030864696396748
8.754414396127686
7.280426609620918
13.074962626618799
11.746519668959081
10.630134260398336
9.267442327458411
10.536389125860296
7.008963362255599
10.418212276126724
9.055031831783708
9.71474298418616
9.072259123786353
7.468970964662731
12.227537797880359
6.929875509667909
7.133074178505922
6.5001734578982
7.086880453192862
9.172417835798115
13.237529260572046
9.13850500062108
7.8266417948761955
8.196319913433399
6.7967276728886645
15.240234446711838
14.504923368687741
17.722571460530162
22.66561333835125
21.219837728887796
16.89637649714132
18.802305287797935
15.837192701059394
16.491555779939517
16.66670589754358
16.99523777095601
16.38669109332841
13.344727102230536
13.375981650606263
15.898337112506852
15.778672635031398
13.240627564198803
13.029430760769174
13.854279875580687
15.007518548343796
