156.27504222467542
167.40707232803106
1290.0021142959595
1463.2279710769653
244.3437156677246
237.0318595468998
190.37303886003792
188.15025088191032
358.8390051200986
264.4352992773056
123.8687233258388
189.98939553648233
776.0242760181427
242.1146583557129
424.7214431166649
375.9488728046417
242.97161413356662
766.2487487792969
196.2436089925468
518.5212243199348
711.3986267447472
542.4514137506485
209.51441183686256
322.8806462883949
937.649480342865
337.2943363189697
945.9822918176651
239.36384261399508
361.3831507265568
779.7731456756592
544.2622487545013
1802.963098526001
172.32769526913762
243.9609416872263
160.49652623198926
218.85056644305587
562.7225415557623
843.1246297359467
307.8766062185168
97.26057018036954
201.53338297829032
61.49911142984638
148.39140982972458
186.6996957436204
107.7819302729331
605.97114610672
826.9943299293518
1079.9987587928772
487.13594460487366
105.69299402087927
140.7614537961781
169.4735648036003
1033.5501108169556
219.81714698672295
83.3672849314753
421.70331709546736
172.99887995840982
33.085392971814144
25.177731441282276
64.67926957178861
293.50615452229977
595.3257920742035
36.170426817203406
328.15515496209264
32.96931047592079
43.576224773931244
1222.9809474945068
323.51075875759125
31.24530595979809
713.6247571855783
58.18169708363712
62.15766138418394
137.7741778139025
135.9826122522354
16.253244253379307
520.7223760932684
227.47306513786316
16.253244253379307
29.03683529913542
30.998634837262216
34.01055407169042
65.99392859562067
60.200229454902
29.03683529913542
31.10580644151196
2030.6892013549805
31.569872147229034
342.82999235391617
681.902626991272
298.25027507543564
252.79139773268253
328.7414722649846
151.3832558640279
312.83267092704773
33.5951890797005
40.53757448988517
25.177731441282276
39.360385802754536
30.058640357110562
39.205918065556034
39.94953935733065
350.82531201839447
1793.5059900283813
7.676253133751743
6.9607044866631895
7.183922766997512
6.739966870289209
21.668905172599125
6.6631944638993446
9.660999336392706
10.05999067328321
5.600722177623311
150.80544183403254
4.476840906759321
4.848475248502496
145.85907643160317
8.073589761402104
25.844732142286375
3.2945791592052274
221.03330913186073
17.21427176381212
268.42834848351777
5.47135788435196
539.5967218838632
4.576402840823448
120.23116612396188
410.62903318554163
86.14677195250988
13.752578248015197
11.140079790337495
5.685915231010085
4.426296485340117
7.016472484874839
180.95912962406874
274.75618010759354
7.917242293551681
34.57819107035175
3.9392043594732513
40.34090819609992
5.101408919789947
254.46031222492456
769.3508987426758
4.922306289887956
346.83147925138474
47.27414455959479
547.4045180678368
329.7484563291073
37.618076575221494
175.24195217434317
8.530522133709383
21.530272014237198
3.848717906124307
274.85754438117146
2.025491606047126
223.6331690326333
4.633589014867084
22.631693692330373
5.1565321746096515
4.839141348279327
1601.3368434906006
15.833858188787417
62.89823586764396
5.431987723565612
2.9248255305125213
286.0579101741314
122.59319398539083
21.024825677246554
232.74814838543534
21.187111757681123
163.92119917363743
6.062085441296404
62.1043517915532
7.668452078186419
25.121457006549463
204.4115907251835
8.14618751656667
481.12165236473083
185.34087225794792
114.18722701485967
104.11778666824102
177.96545405965298
765.0934166908264
277.011217944324
173.46062285965309
363.7815278172493
705.6519658565521
157.43051171512343
500.01682427711785
1140.8772292137146
77.43576047802344
217.07581052184105
292.6612038165331
181.32904144376516
94.17979968897998
1333.0962219238281
1303.1213426589966
524.0072178244591
57.931915113473224
100.79416597844101
59.67923603631789
57.13939964559722
1276.6981649398804
82.64918789628427
204.25479498505592
100.23557968204841
69.1617194942828
984.6956590414047
139.13215626752935
979.1094427108765
82.96503243516781
45.69402102498498
102.7260866286233
76.79115922145866
155.57070791721344
210.98173754662275
554.8986676931381
927.2122826576233
468.31083250045776
77.03526803269051
66.72215244366089
83.64470465306658
130.0360442213714
82.59926926249682
100.86909967334941
125.13929348322563
53.480639621913724
56.92214942029784
38.00017485411581
65.86665704101324
93.05760674923658
102.28846931934822
160.13740873336792
290.3367930352688
102.28846931934822
155.09078853554092
38.00017485411581
62.4734418469443
138.36163687636144
40.4859066962963
596.9588601589203
252.44804123905487
312.6225684285164
387.7590290158987
98.76725221425295
1030.1693148612976
51.173012419836596
991.2720384597778
824.3090884685516
61.036608279682696
30.86924157445901
100.35133633026999
62.4734418469443
635.2126327753067
198.74886544048786
87.03007094562054
639.3013832569122
23.165840884834324
88.56603322800947
543.5668139457703
106.23008511091757
997.1861562728882
269.53504261374474
285.17107041180134
100.8661992480047
51.43860512424362
195.0680241957307
455.0690692514181
508.0116173028946
566.2648941278458
49.331489918753505
1146.376217842102
65.73131305491552
62.70987398456782
402.02438098192215
614.395405292511
115.79043548367918
40.10018377134111
82.16122855362482
107.48417002893984
283.4678998887539
217.87272449955344
97.0308858146891
98.43616123311222
83.32391414605081
77.1657775240019
49.42298631047015
495.17490434646606
474.54777439311147
279.0806646347046
175.64460899680853
770.4561486244202
1013.8739868402481
425.72727060317993
454.00053548812866
230.02346839010715
175.64887483417988
929.7779049873352
728.4265689849854
836.842043876648
458.3552812933922
534.359452009201
189.1137391626835
292.75716668367386
1071.0921006202698
500.3444487452507
283.05344009399414
26.277712156505686
281.55462376819924
31.788711521599907
30.812723862684607
559.7661479711533
22.761371399684663
35.79555462303688
93.1356625421904
826.4467749595642
1032.689163684845
1952.5930480957031
21.609136258297212
1263.5043087005615
29.83284209634894
16.466529947182494
39.33616669962362
217.51119285798632
19.12204169145616
575.9535559415817
19.07516949163812
337.5327554643154
23.431992093248482
327.84873105585575
361.35525619983673
14.010428109983877
275.4152281222632
30.81470669669943
565.4267402291298
14.010428109983877
264.11868508160114
448.2692883517593
284.3425726890564
647.9299926757812
23.502332336487598
19.206257277094892
35.429455763114674
16.466529947182494
24.17357177027327
55.720711803280665
66.11127112816757
31.59983894247125
754.6781315803528
61.96636788311298
660.1760147809982
230.19034923613071
108.55236839875579
114.4864964298904
43.46075019524142
787.8885909318924
117.6070105379913
389.5531324148178
46.327940362272784
65.95607650329475
65.61274298103308
1035.711365699768
53.52589233889012
358.24589145183563
45.730271794629516
53.879170017375145
342.5852761939168
73.91999057889916
51.074206930585206
63.81484161596745
42.75852143122029
598.6979430317879
539.721598289907
49.32673134189099
973.2764172554016
1339.5936517715454
43.454212904005544
106.62811975926161
55.78785057857749
54.591877474449575
34.14501291443048
105.9680415969342
801.3134605884552
81.48440556332935
623.5910379886627
411.6191367954016
52.896625825203955
1306.3328828811646
143.48502987623215
316.3100292980671
131.10463416576385
411.2908514738083
864.1924357414246
119.3311190828681
589.7968277335167
136.75959587097168
238.58066488197073
125.11950349807739
171.44166504591703
123.9307173192501
406.8927127420902
681.4352560043335
177.82504062354565
71.82075574994087
726.1792821884155
78.34342540055513
230.11988663952798
225.71253791451454
672.1638987064362
81.87281152047217
827.035849571228
27.379756694403113
45.182071122500815
70.74463437692611
278.87562042474747
25.910380165965762
33.26033596430318
65.13124348841029
1081.0863637924194
84.45246695962851
78.8432859542445
83.78655231371522
34.20194165150792
69.86544867279008
37.83027715816809
33.8311226474201
617.2826116085052
135.5735737606883
107.90632068767445
48.52959854144137
25.81836397305733
139.68283377448097
85.75486699869361
297.4343691766262
54.67541748401709
30.974745572011216
26.47485637002785
55.66993958034436
628.7049207985401
924.875958442688
40.24223149841612
21.911075087391396
40.28847205040802
924.354145526886
65.00500052648567
66.4631475988349
1152.5797729492188
205.3962245285511
53.278988701580374
31.443117342851224
673.7241364121437
202.98765908181667
174.6003500528168
178.01832186666434
167.1016137553379
173.1936596520245
217.32826215028763
675.1895014792681
112.04322567302734
146.76803743001074
368.0103179104626
194.4674915932119
1032.500823020935
254.43501327559352
383.77662205696106
193.13165232352912
685.7113761901855
664.7361224889755
1114.782525062561
102.41581063484773
20.70425388118383
221.48407468479127
12.223324847066124
1347.5211954116821
16.30921947216757
22.058117910029864
21.035131129559886
128.322001597262
16.25227452010995
63.26990646347258
660.4871954917908
425.0414468050003
15.662322735003613
288.76685416093096
87.8559730774723
22.07055601604793
51.196697578017165
1010.9876017570496
963.1204929351807
19.398897328348653
298.48016330227256
519.6108019948006
248.5941132977605
16.771477505319695
762.1904053688049
356.61319184303284
528.0704488903284
31.33412949940248
99.03175700352585
29.392224017880267
260.31954400241375
119.15743230291991
50.396615664464434
67.48105097244843
420.68452924489975
709.1302322149277
20.971809881004447
841.9132751226425
42.513087752027786
39.116022722006164
1214.8855800628662
22.09751727008006
40.850797648046864
143.01315806833736
857.0556073188782
707.987545967102
286.82893400185276
152.7085144254379
22.659441450779013
35.90412534810912
16.2595421474266
65.18129882188805
460.6483583152294
20.2609092088569
53.14131104480475
145.06309044919908
172.29099426814355
1035.0742692947388
1656.9610319137573
733.0656009912491
84.7826302174326
20.32580551985211
45.50056462534326
10.56571608720867
79.31534851495962
804.6425852775574
34.90532772795359
42.61198500413229
23.184048433731505
22.669160671499412
71.55999013356632
38.428343204723205
17.57037080316411
24.570439834002173
579.1192821264267
428.7980171442032
453.56351375579834
209.1264055967331
597.2208449393511
83.36932161125878
156.92040988156805
201.09970306232572
204.25268888659775
126.6014969740063
622.7156480550766
190.18269722443074
112.84011716926761
226.22896658815444
87.89768209130125
319.33165338262916
74.61233997646923
494.5422456264496
82.2577566657128
768.5314316749573
431.1984456926584
72.97601802137797
63.69019940913131
100.89421107179282
97.99691386712948
620.9181561470032
40.456338122327
341.4636050462723
367.202249083668
1089.0209546089172
769.4042258262634
27.755987372271193
18.9452487240178
1259.9554059505463
363.04951195209287
358.4638475216925
24.678996364788873
19.26204807384056
424.806222230196
731.0795431137085
28.782402936230937
1114.5114669799805
93.50860661751358
21.90945634833224
84.44592509185895
363.67585944384336
18.097442710094583
161.5208483133465
19.181799445486718
195.33017337981437
62.740734852995956
639.0815696716309
37.59939381778531
24.176501789890608
543.6521862745285
232.595775924623
456.3206266015768
40.66824130550958
19.80347218667157
13.06433606373821
230.54286344908178
1043.2974028587341
22.268581964744953
1325.7708988189697
517.7431895136833
23.007105066572876
1277.0344009399414
179.0283765171189
144.2202408095145
379.85257536172867
20.266662327409904
14.38839587753273
515.2795886993408
330.7597525417805
81.92460570798721
73.08902082228803
62.82189462177166
91.07001535079326
82.51853086330811
88.8905194192339
137.37013137256145
350.6014133989811
66.70495008311991
74.08922484249706
85.11406454162989
1037.2332320213318
1158.4365272521973
145.14869806487695
693.4823296070099
635.8871314525604
738.8188042640686
79.09997026419637
1005.7601549625397
93.94726387234277
113.34837532907841
140.1368296192959
634.1864402890205
528.6744749546051
1027.481563091278
153.82562420633622
102.99672497529536
146.837044660002
352.11851862072945
437.87192499637604
286.54099559690803
126.55423530837288
84.73865003651008
147.9828466232866
248.5708709359169
276.53821095637977
141.28046254930086
109.28527000524628
438.0473127393052
209.88943580538034
76.83417984866537
9.071532314730575
404.9436650276184
16.823433909535424
126.52712467178935
1052.945279598236
21.460802967398195
7.647341833661017
28.269523535855114
489.1432392448187
32.798317814776965
19.493049936161583
225.24438498914242
31.96391187747213
7.9568031072911936
70.15746897296049
781.6779463291168
949.9268426895142
355.60306008160114
36.283672020363156
23.298194552702626
1185.124237537384
13.357059774220033
13.152549197754638
68.3247619705071
6.61697743061427
330.0991815328598
43.327721676789224
5.3794009259637505
63.794005226820445
208.14438718557358
1374.3993015289307
26.621004721164354
8.628415825722186
267.94562155380845
8.640431218701679
323.6327177286148
134.2051758170128
9.055636421897816
56.35644380826852
653.2717831134796
195.1898636445403
162.65235203062184
1049.6259903907776
406.16950977779925
195.09710776805878
103.05722834542394
845.305778503418
222.67679280042648
371.0094795227051
970.5887393951416
337.78829838335514
24.77192514704143
22.147114496619906
30.10729968905798
73.56287341785537
23.38068967365689
149.25252590328455
15.513809609023156
877.053234577179
82.41696743573993
184.57993738353252
2496.8640899658203
315.78912102337927
1304.655026435852
40.306164166657254
8.599212457722615
155.052259683609
292.99398519843817
50.46238148252087
525.905830681324
8.550676040737926
9.014110058821643
21.376655143227254
243.77309942245483
9.449239599362045
405.96882462501526
93.4160115532577
23.12740873187431
681.4261583089828
103.29847558774054
598.1577322483063
15.125770066765995
33.678113865840714
976.6588085889816
9.78089295097709
100.46530924737453
802.8821680545807
16.687186761803787
7.948632933624481
16.36163655571727
11.156303866006056
136.79648153483868
16.90383514727
9.818879785510944
205.84066476672888
13.325629553415638
697.6671704798937
75.52682988454762
514.5033317804337
158.7576972860843
997.3525638580322
657.1806473731995
162.66137287020683
459.15398697555065
422.5161992609501
278.8456439524889
276.8593490719795
117.1811370421201
219.26409634761512
180.79153769090772
826.2845695018768
203.57916285470128
470.8739491403103
415.4398232847452
499.81469286233187
524.1606017947197
574.5864806771278
130.75688359560445
507.24787974357605
459.0667586475611
205.04489135742188
177.1859047561884
94.44952387851663
97.6432734974951
130.2565612536855
94.5370520199649
212.56427421234548
81.91346389916725
73.81441732690291
509.0712547302246
429.5656586885452
102.70231049414724
77.44392723869532
105.38934932649136
617.8632662296295
91.3728555861162
87.39627194000059
138.8375357761979
85.2558287892025
90.42393000448646
833.9426205158234
12.54272612856164
169.6027820463205
56.69509912566173
55.99712029029615
482.7840576991439
45.12072858123929
20.295183382585947
1593.9920825958252
12.584704577172488
20.480047857358045
637.459990978241
31.883239837461474
26.282803196793225
402.05162370949984
1495.7379884719849
144.35834664851427
42.98396418410175
11.44819815776384
24.567030547363174
47.14988075609017
1051.0463752746582
15.344500510916987
25.723437207198003
40.500198766714675
26.26188534606058
19.945826340700364
741.6758179664612
30.22406245313323
1152.7442560195923
720.9982078075409
73.35469569417182
391.73806500434875
13.999678430932136
224.4973557293415
13.425484523323576
25.121936719207497
20.986844493879516
182.9350502565503
18.575645650499837
17.12740449941998
415.9511792063713
55.90702393019569
26.342800109576842
22.63603712491397
28.35332215365088
30.974737931215714
876.7484323978424
380.39486791193485
58.65935122866722
50.42518730394477
18.032131432351207
749.6749296188354
141.29917416721582
22.88877448855885
829.1915588378906
19.95925726724272
42.98396418410175
642.8879473209381
1063.2040452957153
35.157033502309446
566.0700176358223
66.2113031960771
168.62893975526094
119.03224718361162
14.609235950343304
49.620374375881966
236.2890793159604
1209.0643606185913
20.11518793762832
35.80045705152702
907.752687215805
844.4902191162109
201.37117474526167
22.63749642578341
50.81216599990148
22.423435246691156
12.396824556730166
405.8958668708801
15.825114598344726
1047.750876903534
267.218895336031
7.113016018978101
8.7069794342475
9.589969458764358
17.060590171793592
23.261433838116318
41.357949249784724
604.1101121902466
14.840417844648869
185.2250593258068
25.042162388850556
27.510597404224427
69.42551836255006
1029.051856994629
48.431742654023765
17.394518737957696
1435.9962549209595
23.815152027542354
360.615517702885
10.915758700082733
22.869044614533777
128.4230019422248
29.435748204432457
409.3914029598236
15.613943781639705
30.18379901622893
14.855742642766472
975.2268724441528
25.07473396606656
636.9283511638641
22.28041988351106
62.99488769283926
14.265540159331522
9.338174624349676
103.28080335876439
34.04653016379109
22.099933468187714
594.8759223818779
15.441882598062875
404.4928144365549
448.03177627548575
142.48567155457567
86.89034391471068
42.547312401467934
85.6263909199406
28.50994533418998
817.2834348678589
323.53096337243915
48.521254318300635
16.82144906200699
24.959395491790815
461.62786160595715
29.96920052884161
162.2407192736864
706.0495992302895
63.339492515835445
461.89741510152817
761.5190436840057
1099.7442646026611
1562.496295928955
44.61648042585239
50.387702976138826
194.33416583489816
53.0410421488541
36.781441943679965
336.87047749757767
1115.9640769958496
33.722676644456214
32.86802640615724
752.1361366510391
41.282613788644085
161.33227904824162
45.875729547264996
86.47052332758904
25.545995992905887
686.1015539169312
728.0852317810059
927.458731174469
103.25631472852547
30.13405823466553
322.9603668525815
50.08430813368659
27.125659756150867
35.15332033183938
896.5119552612305
44.576561418266124
1005.7746114730835
45.03085123694473
34.46703158181981
70.86755654150193
362.55220740661025
28.265846595022595
74.63999736728147
61.51950146208628
40.457567389713745
42.99725940853568
25.023755210579793
345.0539037436247
170.25988050037995
1008.5492889881134
44.511295823343744
206.01280902605504
36.140257064191246
534.2178645431995
24.891929309393618
95.02595236315392
905.432238817215
323.9162676334381
24.425245100772827
289.630468249321
68.04106412504711
171.91713202402752
915.5121908187866
44.14629723975668
29.54973448900421
1025.7787342071533
34.401737495088355
12.5931449518921
8.768201714661245
40.34439645812381
20.893245659977765
27.818970143067418
44.52382462855894
652.1390162706375
8.768945209492813
165.88160082697868
480.46428018808365
74.74686847999692
57.423833325330634
589.6076095700264
64.61003883206286
14.231835663371157
29.50879797969924
1222.0183930397034
988.3278665542603
116.47074356785743
31.673972187139952
9.441743221917818
18.976914540455255
7.7949816455001155
70.4807290865283
25.540156453127565
11.44831895601169
228.7754234308377
11.524753387588135
437.5362056493759
883.341970205307
20.808170785880066
17.443022736120838
19.809126753301825
819.3201126158237
14.179072313185316
206.17389535158873
8.723470509247136
32.03769158379873
90.2192194305826
90.43340281180735
341.57917922735214
283.2665042877197
343.3201984465122
313.85452246665955
179.8169380761683
164.49537526071072
535.1322507858276
353.48989744484425
179.82097989320755
483.2492560967803
764.4037880897522
1107.315541267395
609.0286339521408
924.398108959198
229.84256260842085
743.8293356895447
226.32817279174924
688.2460353374481
113.80922601738712
811.589563369751
97.10303509561345
175.2998099308461
101.14217574521899
103.54863472681336
74.14325412284234
730.4661846160889
102.81121838372201
316.4485581368208
569.8588378429413
1293.4013500213623
895.9496159553528
174.60910625755787
87.2455815562571
112.80343128956156
687.0328493118286
131.8744014147669
120.02581272146199
1325.9405136108398
772.7080383300781
47.70432181266369
144.32445041913888
67.26641998345804
564.7264747619629
170.6989574804902
117.69527348130941
169.62243897316512
510.24886894226074
334.91707100719213
306.2853949069977
172.67727344110608
106.07964401878417
128.58149453718215
681.3846123218536
78.56047142845637
126.00799474585801
97.9294066853472
167.10347893304424
100.091680561658
284.31877413392067
54.153279211808695
59.03766595784691
113.13892778888112
133.9211529501481
135.83154802524223
187.12864421636914
129.46034334553406
118.92721118056215
782.5522478818893
460.50072588026524
109.73964933026582
314.4837078154087
425.36214342713356
131.52831488195807
121.80927754892036
329.10501503944397
187.53476109460462
114.55760306213051
140.72820340131875
219.50070087390486
962.9563599526882
30.531976977845943
1189.3022632598877
282.8257931172848
62.72797093598638
934.2436037063599
33.41434881544228
897.8916339874268
49.92605620882978
27.7358104993898
41.97993955230049
82.65127511641549
707.5522958636284
670.7509956620634
578.998142965138
36.91609626848367
165.48232835531235
37.74252613165925
187.12444166466594
190.4793720394373
215.16275304369628
1297.049334526062
994.0182204246521
206.69857093691826
355.1845062673092
63.29387645224051
62.361805033808196
85.22355775628785
210.3702109232545
49.92605620882978
593.6573102474213
998.703236579895
30.91935737498261
159.2565589491278
128.65151837703888
1062.8554573059082
1427.034423828125
481.91328836232424
226.0380189716816
27.7358104993898
167.55607369542122
318.8325575273484
500.8849103450775
17.173016484882282
58.259784067515284
30.775297161853814
14.422617987885587
282.16369694605237
27.38599034527033
1177.5568976402283
1122.9506206512451
12.864614229700237
14.773231305684249
1254.747428894043
35.01248609740287
13.750084433993834
16.14724866146298
32.913702010468114
149.14366787672043
556.2717416957021
10.913751013569481
16.68881337808125
13.16823510822087
11.02409206914706
19.982800160360057
18.454406749229292
810.0561499595642
15.233333999984097
21.555733588802696
1147.6902198791504
13.228721448531815
335.5466566551477
15.78538024837951
1443.0574207305908
10.86335219693774
92.94059287323034
17.053582770799494
19.373499274249298
28.873006317526233
283.5498980656266
431.4153135418892
106.43544549494982
46.095817907713354
18.327689426453617
17.542379880233966
43.932687694188644
21.382189521812165
525.8963470458984
18.95512620986733
31.77841220022674
440.98763662576675
1093.4097809791565
751.6058218479156
894.5425720214844
11.162401211905035
8.248881277259898
9.150625582717566
244.63393980637193
26.39072455007272
10.55161103198975
6.023168189207354
6.687308285057497
5.823555590623187
179.9236832061108
380.545884758234
7.2700858658814695
598.4071818590164
24.987024736338753
1280.9082298278809
4.961281104012073
7.34788271649802
10.722591090614515
8.026804897788793
11.24277074859981
10.75344955968285
54.92427156516351
364.1501033306122
6.717521845796568
12.131958185617805
8.248881277259898
9.150419671325494
181.3503095684573
9.711105477465935
155.31937615573406
3.2458687534317505
1265.605952501297
13.139852963252451
2.825079124932927
469.3536126613617
5.590034588010894
5.226546733341252
44.73988903709687
114.5449845250696
2.3013103064404277
4.307205515313399
261.7294356226921
2.1204127602052267
4.361002435035971
8.205845200530689
6.537980312378295
4.775667088184264
8.573523677564822
12.950825769538369
979.0353264808655
121.30526785226539
165.6193881189265
4.873040792893903
96.4091229988262
119.06261823954992
4.591850192441257
563.4835703372955
4.912488111464768
3.8490100724949343
3.7339015708683974
15.935776425853192
10.952548342030354
4.017685854128558
178.53314808011055
6.065104319644433
2011.158278465271
7.827806301713622
3.7339015708683974
10.949378685769261
4.084670694716806
114.06666656956077
1452.9385986328125
304.82542303204536
229.00780384676182
135.68507171273814
1550.1825380325317
760.2184720039368
142.20587113604415
370.42557567358017
395.7939379440213
142.20587113604415
270.40590802393854
956.5494165420532
162.9779706671834
233.578850355756
123.59028367139399
750.9846279621124
88.97797879204154
766.1583361625671
229.40366508625448
1001.9527468681335
922.1236610412598
225.079105861485
889.0457606315613
103.30446559330449
327.9768364429474
1272.56148147583
301.91570261120796
539.6093201711774
728.9251538515091
371.3250104188919
1438.4785165786743
229.26999351382256
123.96989940013736
1145.081458568573
661.5408091843128
696.3738512992859
1089.0901136398315
76.70022978798806
20.007508978774695
236.31990790739655
157.18975411355495
332.3996013253927
78.23283961601555
206.87983663380146
838.2626165151596
163.6419587135315
393.3003511428833
401.0821833908558
747.0468485355377
65.3138979983778
103.91336032748222
87.27850363403559
80.0467712515092
20.007508978774695
144.76385332643986
27.00129864108567
59.098723696544766
85.94520950503647
545.1897631883621
119.90278440713882
95.1984403989627
352.13156312704086
27.00129864108567
76.70022978798806
447.15853387117386
575.5016281604767
122.16526018828154
199.2701192498207
49.41313758119941
816.6546077728271
47.49862426315667
101.44598649686668
858.0665845870972
1002.7242231369019
52.29279953602236
522.2756750881672
52.62356519210152
62.434066036948934
346.12917590141296
25.655224040239773
55.443545136397006
1204.732275724411
340.8171220414806
50.40468891912906
765.9855136871338
1130.9082021713257
66.08515627036104
42.597950309198495
703.925701379776
33.62345950320014
54.04490914013604
138.51619483344257
104.15207804518286
82.03683207836002
767.5750741958618
589.3896704316139
104.8568385822
155.7649711361155
608.8828783631325
1166.7371940612793
731.4977638721466
76.43877270328812
206.48592824675143
33.27253859726261
22.117061030509717
30.15561946141679
113.81225178204477
61.155537596052454
26.167110795423582
1929.8764181137085
1005.3047579526901
36.010998581281456
28.29983472063043
34.904757557595076
70.79720301058842
61.3561196019873
993.1930725574493
37.310742967434635
25.41487912638786
26.167110795423582
1100.2797589302063
1264.4834270477295
437.8512857556343
33.70080409131333
76.5957327330766
65.31630179547938
85.16333466628566
739.8903791308403
1213.6859426498413
842.1376638412476
23.31708334877385
304.8064311109483
45.72946965727169
23.306807912609656
60.26996900663653
239.40647821873426
160.63367266207933
36.01447581609682
105.51773818780202
107.05817031720653
256.95030668750405
33.62345950320014
596.3092002868652
32.84004080577051
691.2380313873291
1864.0206804275513
44.58766749135975
34.98501472175121
1717.3032684326172
427.44481256604195
541.1090507507324
75.20118056237698
187.25598201155663
46.49850740120746
1709.409481048584
729.3855236768723
258.0755437165499
57.24983511376195
61.42139659030363
87.12119667232037
112.51825246959925
266.8442573547363
131.58881706371903
52.68329542130232
1219.7688570022583
83.01041620969772
193.45597165077925
60.41854661423713
44.528121433220804
67.79258968681097
952.0637817382812
140.59010851755738
195.8503010906279
46.49850740120746
1004.3455481529236
333.25929260253906
46.72851675003767
880.4926915168762
70.06950524169952
225.91691476665437
89.01713791489601
1149.4055662155151
110.74667329760268
200.7596088387072
756.0485873222351
995.5211763381958
40.676798562984914
492.82701283693314
1104.8332467079163
41.26324991323054
35.5470702733146
1249.1369905471802
987.6170234680176
996.340518951416
50.596410671643525
162.43593593054175
1240.4757862091064
84.54930483052885
64.02099906083629
95.19335450790823
187.5204119910486
39.272651227729625
304.0595302975271
60.343085626524385
780.6616969108582
62.08593624705827
659.1147575378418
40.426318725423926
185.063040306326
269.79918479919434
492.90036127716303
665.0836243629456
184.30637687677518
428.85991460084915
772.7740901708603
1143.8943462371826
39.16898590343044
75.1248205783777
993.1590299606323
583.8919323980808
479.30039644241333
30.190542378247414
35.19604807341966
51.13866582966875
324.1576406210661
1118.0862636566162
115.00688282885858
205.66378120332956
325.90561713278294
1028.3474714756012
78.8035316667374
65.93489373070952
36.41417961771367
1112.2927243709564
24.27139934269144
627.4164595438633
32.3561975098396
34.83162943939783
107.53917691810057
30.39525323533644
1424.717749595642
19.85393096176267
28.019617081969045
41.79609585006256
483.74806870147586
149.63513158098795
42.89190230859742
23.5171946570498
240.02574942444335
23.696901236377016
34.63389949538589
122.13689501443878
1360.2074451446533
25.111228425441368
35.8983644649561
25.239502619195264
1172.96906375885
26.97038993298611
39.8989056028222
26.904912389991864
81.91880984215095
21.28528139524883
55.889744395827165
52.32795689235911
20.757115793476032
26.091500559246924
1437.6805868148804
39.8989056028222
700.9193615913391
74.4057430550456
42.80066295638335
46.54826765735061
859.885281085968
1113.6431884765625
1326.7251834869385
24.484786167924085
243.41267150221393
201.0504226026951
341.71038799302187
1119.660734653473
23.672779607370103
4.040026763167134
19.018266621505973
2.631947502248636
25.048394862300484
1.3049421863131556
399.62774017453194
373.1283977031708
7.222841166329431
75.66931942291558
6.972105687682301
393.22744645923376
18.32167259459095
63.7765921493301
11.953906152155696
38.74249663517617
1137.0336332321167
592.8741695582867
2.012897724474442
709.3075799942017
1.6163283375863102
35.557494055014104
4.081080294792173
1.5625038797955995
319.2121296450496
271.56779703497887
40.567322691858976
9.52387834389674
11.113775794804724
1198.8784284591675
1072.845798254013
0.813354301990671
68.59108312895751
276.4669792354107
422.32687252759933
171.38250800949754
41.28458858047907
338.12465716712177
3.984677024634948
255.37930122305988
117.82998697087169
150.33067150945135
458.6287908554077
4.376896560410842
9.128008660069668
17.893961345077173
2.810586090829929
5.121590788904996
1.0487350004460723
965.9287664890289
675.34253641963
3.3181103003554426
30.922427166964553
1.9721800101306144
284.075984865427
3.262699557256724
33.25715895628309
84.98255533361225
118.82014262887515
3.6849840160876965
1.5774160386921494
3.5633834826275006
7.403840524582279
200.88639050722122
2.3349392504683237
25.273877278261352
54.717665477330456
5.108032918061554
300.972865140473
3.2198538592401746
253.70154963433743
128.70145467386487
7.374169297737126
6.782238703039866
4.066977935721866
3.022189666140548
4.884461688496799
488.4599533379078
3.1165847135987406
32.80610206941492
1.751393605287376
2.403093184155523
8.872862162449564
3.76663474463885
171.6593696475029
955.560599155724
525.7778740059584
177.94291358632108
929.7131152153015
5.139081440189443
3.4918448994924347
74.77082166913897
70.98906327039003
305.1374179124832
69.25738936127163
709.342052936554
700.1185867786407
72.53115623444319
127.37031943071634
540.278173148632
129.64965830929577
514.6145789772272
1172.1063451766968
1057.447316646576
76.58211588300765
217.49064660817385
156.0997833069414
193.89511142671108
1045.8560571670532
83.53833670914173
196.05171482264996
387.7747442647815
63.99082451930735
89.36924052718678
63.71340882079676
94.81605100352317
1306.6064176559448
75.448913527478
903.6057753562927
411.72301910817623
428.29488353431225
61.36734944023192
185.7524712756276
183.6016495525837
1049.6562871932983
146.31922531872988
81.51214103028178
111.68506899662316
518.7380810379982
76.89280018769205
185.4425118183717
467.431622877717
149.97206412628293
119.30140406358987
279.9812169075012
534.3024486899376
1111.7038593292236
591.1885430812836
221.06499171629548
170.64305286854506
134.58524664491415
122.26626429939643
68.81698096160108
533.940158367157
606.3615188598633
228.40134708210826
564.2460643462837
341.79871413111687
121.71602756902575
82.73681101761758
103.09948426333722
680.53267121315
663.1082954406738
72.62620985857211
870.8607823848724
49.51019538673427
128.63870155997574
147.83425165747758
396.4551180303097
65.60371718696842
173.46347880363464
63.20670618256554
939.0446434020996
128.00766395498067
118.51895840885118
996.4505543708801
91.00555241446273
515.1230043768883
143.25639889016747
68.57443277740094
121.26368839666247
416.95108066499233
865.8918510079384
73.99522674275795
1250.5622444152832
364.04922169889323
59.70777940957578
271.8078245851211
753.9384847283363
465.67906522750854
1155.1162815093994
873.3735370635986
254.78597615075705
209.7861038967967
203.12524611968547
206.0484582670033
143.91388823273883
208.60900482605211
105.35017596403486
150.2968999860459
116.70700523257256
365.9186152741313
53.458043896534946
170.84043897263473
98.50228537758812
259.61089915409684
69.13195464003002
218.90296877548099
991.5655224323273
73.3619437518746
123.44658431249263
998.6145997047424
893.9971508979797
84.74184453071598
662.3787829875946
10.853336341425802
572.3020091168582
9.969160717668387
254.86595898866653
1267.6279296875
8.520654816430124
39.260694520557536
335.4108210802078
707.6587767601013
5.446768540043649
888.0617252588272
203.55565619841218
615.6232993602753
153.21056910045445
17.943733563149863
428.95496129989624
1122.6431856155396
367.04954770207405
36.49708988209022
164.07343278452754
9.65379544732059
6.200545814563839
1048.9619884490967
420.88989970088005
9.522294368625808
944.4534397125244
685.5959511995316
389.03861144185066
477.86664193868637
982.9300756454468
12.186367714358767
16.303645725045726
847.3702795505524
531.7064089253545
9.74437185912052
368.10909509658813
346.9812558889389
15.17581380572119
39.53994267496455
611.6526305675507
13.029564471779167
336.57040905952454
18.980862245949538
33.46152448868088
7.060528966670063
18.07237119948877
16.5291047300052
476.852428637445
1306.7697381973267
44.3179402789101
597.5919232666492
409.0116482973099
8.856278722329535
344.0117504000664
13.602576487547594
713.9555335044861
10.130651570426608
348.8502839207649
7.72097790518103
853.4268660545349
414.3866129517555
9.900441202861089
325.7476774454117
11.92531499711879
8.866205039185843
6.001316586937719
23.478611927537713
114.8901911394205
42.20808186579961
6.644425171394914
245.68264247477055
19.234689073622576
387.672764018178
11.684941501349385
693.5087013244629
134.3852775245905
749.3731260299683
188.21715276688337
90.97237772680819
245.6696326136589
118.10093453153968
105.45368132647127
72.93662230059272
897.360903263092
377.00377844274044
943.57954454422
1055.9495491981506
195.4712796807289
110.93266506295186
50.96507813538483
1221.2212114334106
1182.3053092956543
495.93156921863556
45.35524697373205
35.634675174767835
66.75682012731795
190.54170080879703
263.4320897748694
43.508523271764716
64.38305585051421
87.45711662049871
78.54353395855287
56.27593006219104
44.776709141526226
95.24272906139959
141.8327153287828
125.32422365806997
143.6998114529997
1064.1917481422424
26.37330698423375
90.01190589920589
22.13418426289752
46.845815947221126
152.6501310482854
104.37964570470649
289.8670584335923
62.293705450250854
75.74943584830908
71.27111699724628
98.76798667667026
35.45098971249445
288.8099178671837
773.6334915161133
153.84961234000366
558.7758270949125
29.50500117964191
127.04636678443057
120.37927550286986
33.6346197507728
723.470165848732
83.00743982766107
385.252641916275
363.03356099128723
161.25060504628345
123.11078215762973
1055.19260597229
80.97874512296403
202.83339978940785
757.9402768611908
575.3048059940338
1008.0269033908844
76.00723352353361
124.49575245881715
141.28411164646968
182.31404053675942
342.6142326593399
598.5860019922256
437.14488688111305
250.82154024392366
258.9742897450924
159.79935115016997
133.16203251509432
246.67039513587952
170.5835087299347
902.5811710357666
50.18952277929111
57.615254965456074
24.698651600423887
1418.3892679214478
105.6683376211945
297.3157833516598
310.3487915126607
608.5266942679882
43.17225549198383
841.4034624099731
1466.1794996261597
227.89838169142604
83.10651730105747
17.508673654884433
175.04258255063905
1004.3125395774841
186.20841273665428
45.58536084204388
575.0122287198901
220.4187630796805
18.076596831459824
27.92071404295166
345.06115344539285
23.909361946301146
86.33045222438614
28.9171690368604
20.317400071405245
237.1997741840314
62.65728504808794
460.87240594625473
101.52850217105458
85.96307644245462
49.52110833298502
20.612150349426884
23.71113036994757
81.73046650528704
464.53750371187925
14.353227766186137
26.083298090516564
47.61561384040897
830.5055696964264
341.2203894108534
221.55917080119252
269.83574273996055
111.54615794494748
116.88676555268466
535.5734761953354
519.3006599098444
1555.4272737503052
138.8876545354724
78.84380207583308
538.2218511104584
131.91776218044106
48.74682398405275
244.98064517974854
121.03579808957875
127.30272541567683
299.248672246933
118.65541877356554
113.51482784748077
37.36143942619037
106.4430216262117
1093.7793626785278
20.756757651265616
185.95341737126
68.97904897015542
927.9501152038574
26.951776911453635
30.667284486902645
117.0270706275478
1178.9400696754456
23.86837983360965
360.18701715767384
580.1812406033278
441.33553743362427
43.82253187466267
42.9075857895441
50.21816090062953
24.898212057509227
71.21372693573358
957.8527045249939
461.30585038661957
36.992887975738995
101.65977258444764
971.9119205474854
65.23793053669397
61.76096042856807
25.55789956305466
342.4241301044822
60.127154466223146
175.82914470508695
560.385411891155
671.5313651561737
1257.5950679779053
82.53409385564737
46.00859598138777
993.7636003494263
41.144261849043346
30.816983823391638
319.0758772258414
32.434391160899395
35.31265993530178
477.5289853811264
26.962126767568407
286.38572734594345
23.395169320848254
42.283122421533335
590.9479514360428
214.59266591072083
178.8305179476738
23.395169320848254
69.37492372095585
87.20115957777762
27.0550284922665
1474.9867429733276
390.4199302941561
376.3282249891199
68.92033524462022
279.2683724537492
99.8111364733195
213.83264124393463
535.7640665099025
245.79992277920246
417.2327516078949
424.4118340164423
81.53044507437153
49.406581248193106
117.92970415328091
224.55324135161936
326.5964335799217
69.30228529369924
20.44952235286314
703.1237115859985
257.38611751794815
559.6025683879852
22.951922985434067
44.055063845517
135.31973508000374
222.92680156230927
63.56412873168301
38.85547286032477
29.348424292283084
865.27192902565
114.12621067959117
49.09340499868631
500.3884634375572
1119.9956645965576
131.6830061918008
33.73817948335284
38.28063578307433
818.4902563095093
24.204357978149346
55.94192389433738
48.133357960454305
50.42645668046316
46.781054501648214
31.36835322506704
53.81414467403374
656.2937972545624
705.3726420402527
1240.4254093170166
639.2816296219826
118.46025620400906
840.6505852937698
175.19648165255785
42.79604626047512
89.28148634615354
299.0678388522938
59.820011703297496
254.55931551288813
80.86545443899377
168.8275286257267
137.49339844309725
317.78479827195406
205.73563658818603
242.94506150484085
35.39928568740288
258.0755988880992
658.1087152957916
41.37771758809686
33.010637879531714
69.41128893808411
61.87560856214259
110.37072673812509
67.96210959026132
113.70975747134071
53.45151128154248
44.92733451651293
1214.425353050232
29.397937591717664
448.5601751692593
29.277009789275326
1247.5169205665588
46.669075765501475
46.669075765501475
147.80980845727026
249.75537943840027
69.92119560300125
29.277009789275326
72.69638361710531
80.86545443899377
571.9964787960052
69.92119560300125
287.09017581120133
248.26634230464697
394.22574216127396
244.0132822934538
931.4211287498474
203.17764364928007
1264.2818155288696
648.7113149166107
204.3272909456864
108.72709670546465
652.3332142829895
443.147881437093
247.17201466532424
307.2928354293108
652.1090297698975
270.62649690313265
764.6680655479431
157.89581772126257
865.9740974903107
58.29011881504596
471.79693511128426
38.923667060851585
27.930269841975132
41.38821659293899
808.7252609729767
182.54930864134803
1004.6632957458496
1005.9917035102844
107.21154433547781
35.644079805762885
51.047607382352
44.7358456318907
29.20385999210339
1215.3442697525024
29.776209638963337
831.3669142723083
218.97658495604992
47.96923832753748
48.846750381286256
64.0000079343954
162.4832756910473
42.186753273660656
64.0000079343954
31.619894151795393
1433.0572481155396
681.8512918949127
100.25622046763601
29.20385999210339
51.047607382352
81.11038789455779
39.149881879931854
40.031660161257605
809.5669093132019
100.25622046763601
39.149881879931854
655.2834054231644
236.88949794624932
533.2302739210427
44.250716551119694
399.53716143220663
78.86843642531312
197.92324047908187
647.5796203613281
52.43071020953357
1192.7956986427307
17.034314855113507
56.93984829261899
26.03860752449691
34.40006123153762
1188.9147968292236
54.73529344203416
45.92656038887799
444.08683373034
19.1417462420618
696.8718081712723
34.697379312692306
215.344084918499
24.284078381067275
770.2896809577942
277.5679038167
1064.2617721557617
660.3497333526611
75.34001369996076
1024.5236258506775
25.606258319181507
25.42465273725975
521.6974380016327
23.665565446593973
768.3120455741882
39.00930384060848
440.52852404117584
28.31058903975645
22.49835682741832
15.914610368798094
158.9678577389568
484.1720292568207
24.96930333193461
829.1834511756897
44.459053843747824
33.697377754237095
41.66823941047733
494.01960241794586
666.340386390686
35.361672851058756
24.284078381067275
2446.732582092285
714.1228592395782
1274.1075792312622
26.406651610173867
26.8235255521613
965.0380578041077
26.59577934932895
643.9393001794815
174.6643493436277
820.1885666847229
219.4718441234436
227.76937548816204
357.7655116543174
66.12641987610186
78.60049577435711
148.5855593085289
109.3089344867094
122.87591541139409
346.54209289699793
96.10899052617606
73.88299137594731
101.82588990195654
59.64160728196293
96.76795686148762
644.3565404415131
1366.0044193267822
516.2040883600712
121.6593798531685
80.63645655849541
1103.2936837673187
948.9988278150558
582.7189687490463
221.61855804920197
1634.1059198379517
52.84187480737455
68.96524133719504
29.437130198908562
88.50857913121581
1344.841155052185
60.52219136292115
524.0269402116537
117.57154956134036
196.82197362184525
203.86162680387497
71.49067875742912
52.46299714007182
897.3412671089172
70.00089582428336
648.4817306995392
51.70649760076776
78.94879009155557
282.18363896012306
97.4707647934556
763.838716506958
188.4137574620545
849.2806377410889
153.2481188699603
252.9057667851448
199.6702796816826
80.53466798755107
127.81339586526155
435.07767283916473
250.59195747971535
46.890439501963556
107.14756610337645
106.29572288133204
225.7079537808895
65.6804065881297
549.874507188797
437.1554077267647
682.2258385419846
67.75321039924165
80.80155436554924
85.55631794992951
124.29605484631611
142.93386948201805
838.7933168411255
282.0400884002447
154.25934272818267
1322.1953663825989
349.75603949278593
205.75769728189334
96.83109959005378
197.60796125233173
67.42466180562747
231.97024433175102
54.37143728941783
114.41216285526752
92.96142346924171
81.53469229165057
42.238279226108716
105.54753601178527
113.77955258684233
53.13047398766503
83.43576133274473
99.79108258523047
36.41328588175395
88.72908007190563
61.983724081888795
1072.2885785102844
30.74886115182926
35.522200133446404
58.3182217224753
705.0009152889252
42.81305962300394
49.344943341682665
55.0926837392617
36.120585495352316
99.96800841018558
805.6409850120544
26.517087602893298
138.37728976504877
117.7793924245052
596.2032577991486
156.7702456638217
97.26703106658533
218.5650275722146
67.0453134989366
227.647473834455
263.49029117822647
132.94946997158695
113.11737199220806
76.89814986425336
146.11728565394878
109.76764171398827
161.93373028747737
393.6307562738657
901.044424533844
405.1047402024269
380.36192263662815
166.99184191972017
364.81406462192535
872.3638858795166
121.89090592041612
1221.4069890975952
221.56888540834188
149.29879347234964
172.13917899131775
201.53480018675327
547.8890697136521
164.6765413316898
236.11788515513763
172.72234431793913
178.65467514307238
575.1182036399841
262.4783297069371
249.10779363114852
1591.766827583313
643.0125262737274
104.62776172134909
773.8917455673218
819.1124596595764
291.9386042878032
1050.477216243744
157.0866574239917
1382.3406314849854
86.73775958549231
93.24643086292781
179.91538897901773
98.93777103093453
86.90600794367492
72.56758191715926
82.77764449454844
764.5368802547455
75.77590557395024
87.66824778774753
132.18416636739857
165.13352276105434
89.09338539536111
168.275757184776
34.9637095485632
1207.5178480148315
611.7378858327866
91.07036478328519
61.45226716296747
178.32650609314442
387.04379791021347
888.8503050804138
523.3949513435364
159.35090007155668
58.60032415643218
396.4146337509155
84.99456658959389
227.24379450408742
842.6608492732048
46.35696075842134
49.66396850673482
273.9323716163635
116.66276105551515
593.6301497220993
140.36438261903822
174.1139804571867
339.03005139529705
113.22048251854721
95.62465480121318
132.62825808208436
75.77591336450541
43.66461249380768
734.3957045078278
