309.0569985061884
15.125186628713891
1001.9645266532898
3.1472380824852735
19.191328252927633
630.0561218261719
11.736433768455754
46.80484069144586
7.463340588537903
1633.0840711593628
5.36918984014369
5.048074191051114
306.91607028245926
717.3925175666809
780.8666422367096
4.859550608859195
5.847597928853361
4.226442670473261
3.94979589275124
1.922249895836444
1881.414583683014
27.41539508389542
426.8840560913086
27.691182017792016
3.657540520280236
63.89406827639323
5.226355257195792
17.823106308898787
4.144325808555664
492.6976683139801
7.3402564633272505
11.080887252035609
54.67323259476382
255.19358456134796
1827.3975658416748
4.646700925757273
15.82110724696372
5.673178502594965
91.44470854103565
17.388023518804403
4.126824160788601
4.184228139476545
3.441971153590657
20.441683988203295
3.791263874487413
7.666831965592792
4.177867233235702
4.187146941651463
141.4935591481626
225.2767330929637
5.921161540710727
1186.4709072113037
6.238777222486533
368.31693851947784
232.84621860459447
594.4504849165678
48.42949915351346
24.7778616824653
327.6708940397948
805.6936464309692
20.383582194306655
27.421105448855087
32.66215573553927
13.519237286766838
695.3176140785217
790.2010122537613
1662.536193370819
28.795578793858112
73.1881775240181
563.1145420074463
82.12917033419944
169.42751670023426
369.97946667671204
28.248147293911984
51.5054254997749
37.85192615683991
80.04436856647953
58.978478102111694
897.3606181144714
106.41721224784851
760.2434511184692
89.98799112066627
544.0627802014351
51.151139246401726
1490.3983945846558
51.02571586926206
70.38289800588973
304.0791122317314
185.05080375727266
489.95753967761993
74.9307885193266
42.25894927699119
61.46677545199054
300.94457417726517
1490.1512393951416
150.50591806322336
300.7733936905861
46.57962949542116
130.25767796952277
66.07224596955348
382.9087565690279
476.0839054584503
48.63056421489637
36.63857999580796
211.7661481499672
232.69088151305914
635.3764066696167
1117.528561592102
335.65308475494385
76.49278991110623
799.7032680511475
440.0538773536682
37.20194322392001
208.46268635988235
456.35672694444656
37.11093177590374
81.01729384336795
61.35802237622556
391.53472878504544
147.22368517669383
97.51610126812011
100.13378242403269
444.0831174850464
21.127369827694338
164.8518641591072
38.711229801723675
248.880527228117
80.34962125111201
118.62555743643316
99.63315496366704
42.9482340538525
58.92800021584844
192.13508588820696
81.67121663538273
33.46557578860666
557.6953693628311
67.79767665514373
649.8674690723419
28.780093107558287
84.88070611935109
110.85425397020299
56.56060430346406
1204.5874161720276
43.99146235400258
61.02770962117938
98.97489550997852
610.1227799654007
58.26459938098196
1035.5384870767593
140.24713122285903
26.43766626173158
201.09894889593124
1942.363673210144
77.67266364744864
166.90847431123257
138.6593155534938
942.3634285926819
751.3693752288818
94.2814792257268
115.25984180346131
303.07147467136383
24.942096436287102
9.107656213452401
735.3227944374084
541.5619349479675
34.98987067537382
15.656019900385559
9.739067091160905
25.715914716827683
20.330605027526644
26.836270165444148
2451.1499695777893
17.60343211118891
896.0084762573242
315.3781336545944
9.142848681241276
28.335027321994858
275.08072876930237
31.77200987249944
553.387088060379
227.60105153918266
2003.5341529846191
13.958869668240027
17.673649700336682
1189.3123617172241
44.44568855909165
860.3583891391754
1207.968116760254
58.89074456761591
1456.7158212661743
328.4400213956833
1330.193751335144
7.811161806701421
19.15034693970017
11.33307756325928
617.2719230651855
184.49794303625822
25.478517547482625
30.02584794757422
6.80737485792838
27.189820372141185
354.4500542283058
2065.7318778038025
1489.9574089050293
1541.4933986663818
15.049181119247805
159.0436060251668
18.690596667314367
36.983030792791396
10.752423164874472
21.68873181544768
23.965334783338108
419.37921607494354
714.4142918586731
1080.764736175537
20.065480895475503
19.990973730700944
841.2404108047485
33.91990149160847
918.1567101478577
1270.5154104232788
9.107656213452401
14.551027403599846
127.42489904165268
21.88313009578269
23.323286278988235
48.921827491372824
31.801675969734788
1314.6433143615723
17.441092078039674
49.41072785761207
34.51188394287601
96.27797680348158
560.3298709392548
44.14323332038657
49.00132898242009
386.0457814633846
227.423264157027
40.09630142134847
76.36117419600487
37.88340913967113
43.86226999793507
30.8609139707346
312.0109467115253
45.166334834342706
31.806700056463796
37.639741111022886
50.769139895332046
46.534318254329264
27.844130064412184
421.0654682815075
344.545190274599
29.236333561155334
45.10100298281759
159.31585976481438
36.730792537360685
2106.650302886963
42.75615732814913
36.723152786362334
58.35282540204935
47.458213617122965
77.68772810092196
33.94998941099038
44.981905609355636
141.0810599308461
89.7918326118961
60.909504169540014
52.60383624598035
48.41779259916075
48.60885441565188
44.981905609355636
981.3665475845337
288.5235782265663
36.730792537360685
1025.3952279090881
35.087154924945935
35.22611324034858
33.33276184304577
30.04346998242977
1015.2019023895264
114.20534243294969
30.538645659210715
47.86935685766184
18.00259608208364
20.962404245335506
14.937076792770085
19.657825053894157
17.403103380147513
364.4224228709936
350.4120790883899
291.891466781497
11.725271978928163
18.217431447814533
18.82550511777049
33.12177988375686
19.2250805264747
14.579396595996172
400.7090312242508
19.211939969307878
61.24838474825992
24.390436767183928
17.060478705041305
23.626834096769244
12.446465826957251
26.832726318316418
24.22554376424523
39.089295193058206
468.1945154517889
21.636207727373403
610.9194101691246
444.1355360299349
30.886732254782714
28.275343448993
413.3065933510661
73.82867322961101
599.5669152736664
12.6756630048435
12.431671433370184
26.79613756209619
22.117556229138586
28.837664617967675
33.02531334816467
27.437098352216708
18.53879528665209
666.963451385498
691.0515284538269
194.4205144122243
15.250874211095493
209.03627712279558
235.31828546500765
149.87207355629653
230.16544304043055
15.64979994091118
124.67569373548031
1062.3283758163452
307.9827231168747
98.7670678962022
162.81085605546832
233.98618859052658
487.65907049179077
338.59418827295303
99.64161670580506
127.58843167126179
65.55911464351811
576.2754792571068
142.89757618680596
79.53150935033045
428.5087957382202
1908.0963978767395
67.86930131175905
53.9757058302057
300.17024463415146
268.4213405698538
1081.0025696754456
88.46178834605962
62.16037002624944
199.34822177886963
95.79078450798988
99.24052997119725
55.45786387240514
146.0135283144191
1027.8157987594604
77.05942724808119
607.1795172691345
408.4023221731186
69.17667235355475
130.3351267017424
80.72930060466751
96.17842021211982
448.7408219575882
125.7770995311439
1617.2051601409912
86.76571395248175
102.9841089732945
1132.7687616348267
998.8032245635986
77.53573586256243
145.6132694594562
204.32919364701957
1412.7771606445312
85.41204788722098
95.0642800917849
954.8639235496521
152.81712791882455
115.52993238484487
135.3675738684833
73.14029060507892
59.38749678526074
83.04772677924484
177.04786511138082
1154.6953163146973
849.2634739875793
71.30116910859942
465.15012538433075
389.29873991012573
422.91118705272675
315.60675815457944
20.8401785832757
20.91380162387088
14.497233974573192
58.307368401303506
34.48930217529414
414.9503640383482
34.640877940641076
722.7189955711365
58.424400063828216
26.47261591404822
657.9189857244492
21.176896915351335
565.3967864690349
100.26979404874146
36.472529520789976
45.440077975421445
581.7447686195374
199.27974897623062
150.7831043638289
52.96965251626489
114.0767650231719
328.14008205756545
38.74049988060142
127.95490662753582
34.437779594186736
43.634193317904646
492.249351978302
163.8287987159565
43.27886371221393
40.60631418507546
163.6708027124405
1226.130181312561
65.86750086346001
180.74319511651993
48.53509463305818
108.04980349168181
32.77051648957422
1113.4418773651123
606.9127618074417
32.74505638843402
187.6722494866699
32.91617236676393
21.176896915351335
77.52613162249327
282.4215982556343
47.621299828912015
249.06909894943237
166.85084220021963
15.299809585128287
54.40546502545476
36.472529520789976
23.193926827714222
32.31225791879115
29.253358554626175
455.0513572432101
60.87099780375138
30.175128511327785
817.6300249099731
122.08708704076707
268.90341049432755
101.73809040337801
96.38878900052805
91.7712801436428
737.539614200592
28.98599805833055
8.286735225494226
1711.2029252052307
8.699681412524797
37.60550416346405
709.0586831569672
17.055026339364076
32.979436820794945
269.6979634668678
1155.3304080963135
123.33152030408382
38.74539141483183
700.8862277269363
199.98280057311058
146.39536751806736
367.59318670630455
31.436880029341523
903.628000497818
21.17829681479293
515.760958969593
194.67296034097672
20.830499271892222
17.578159469894786
15.901218221222166
36.306103880284354
393.9020954426378
699.9837818145752
71.68978871169384
366.8383310139179
88.0940063726157
22.212427673847742
14.609516546316172
44.15916458893844
22.61464317937498
86.32499639480375
54.81838106343184
1069.3990859985352
26.86742112193383
79.90590243972838
857.4862213134766
166.02878809720278
14.27649824095954
128.7184191569686
13.1312006923946
481.477281332016
18.395377755769005
11.704334840874935
17.904905990157204
22.45332309370565
28.647622463526204
18.04871278484029
259.40432397276163
272.3410754650831
1549.4338331222534
13.677683462822642
13.822427458497941
46.70452988175566
209.74264532327652
78.58646783977747
1062.697615146637
96.84071126580238
795.3682951927185
416.72183656692505
402.12256383895874
24.10476368039963
12.32444477376248
48.6279613932129
9.985044104819167
26.213140160834882
54.16030492680147
13.627305697080601
97.33500330988318
9.044311040281968
619.0774449110031
30.567212555528386
95.51214514530147
9.760233998070703
826.5121297836304
31.86093202860502
14.888659244272276
346.4834200143814
29.378593752186134
12.998371799692336
31.731701991986483
283.2795390486717
17.465270224405685
24.48336647025826
764.0860648155212
912.5192685127258
9.055327922116703
9.698835380375613
28.474778419803442
881.8274667263031
9.6235881964908
10.851229515911768
9.044311040281968
214.17644840478897
415.013384103775
30.149848551170408
471.24381721019745
13.839449717633215
262.4380613863468
26.506712905240875
942.289674282074
764.7657070159912
473.9837449789047
7.335314956574507
98.65270123630762
588.223792552948
723.4134435653687
619.8311562538147
8.879453974890907
19.97829382942041
629.90473985672
17.600233717139417
12.437023876812418
228.08241246640682
723.4088315963745
658.3453683853149
862.6359581947327
13.837748919839214
358.7969535589218
740.5474946498871
170.78933861851692
57.87986137531925
9.77118837307421
8.757182404820469
10.616839961568076
23.88962062667997
16.42175907517594
17.465792409588175
9.6235881964908
34.69868247523391
25.59458264890418
21.69339113224305
24.101074016050916
421.5922706127167
15.048193600096965
119.00621559098363
9.367798413275864
49.61200946196914
42.85258052882273
43.86710054427385
409.78401604294777
87.00139038683847
44.698131296783686
179.9289047345519
77.56244467687793
363.85933208465576
138.03311216831207
421.7260674908757
273.8298535346985
1332.9454612731934
19.307449192128843
592.5857543945312
54.14046885952121
677.4881176948547
190.01056410372257
183.90421678125858
402.45706970989704
70.13508451410235
205.65228831768036
24.17127733513462
38.71001255641022
68.22488751753917
924.0477709770203
40.34412102284841
32.3348103989847
37.4494300892693
59.61539115244523
70.17134463880211
153.08592103794217
57.99526142299874
234.59144777059555
37.97872976680674
35.60548005793498
611.5699274539948
58.95221783500165
385.7563778012991
1447.524938583374
244.17528641223907
188.10457281314302
72.2491723998537
53.20463058276073
40.71574921761203
70.76643719751155
50.92948308194332
47.16590020136573
23.51062121221912
41.20148242486175
278.37092047929764
155.17607992514968
32.95501985104056
157.21863747946918
19.552797504533373
24.000115053364425
309.3672883808613
14.914828402032072
288.06881976127625
241.84951402246952
850.9622530937195
55.006305998109156
479.0345516502857
94.99140629917383
153.58483754470944
27.600040245798937
38.315630812754534
198.79170622304082
93.21357985120267
356.08174246549606
134.70510997716337
77.03005749732256
74.4262941101988
19.318379893379642
36.89066002548975
137.66600542142987
1805.532995223999
222.12601612135768
30.568481403690384
289.44581462442875
76.02020550891757
69.7185004937055
24.017156866485493
139.4452601224184
27.787212172118302
30.34088775527016
23.305965427169212
545.6346176862717
847.1180243492126
170.00554656726308
451.495387673378
16.721671969163367
1612.748125076294
21.401613927571134
17.679920730070762
80.03698584540689
249.0291234132601
325.81419628858566
898.7780502438545
32.931081361605266
32.289418651159394
389.2477481588721
520.5458710193634
953.5198383331299
36.68143193600872
206.17527222633362
69.89887288319005
186.14123772457242
34.548727904205634
20.07040973877838
367.4389184117317
28.63256797616259
37.75184703735192
32.60548977559131
20.782256808462876
35.540576730387556
1173.9567794799805
347.53152307868004
34.880452162077745
895.9825720787048
23.033065479636434
77.29083070717752
651.9025075137615
194.52557197213173
1024.8659653663635
1344.58718252182
76.06063792575151
33.68918706162981
35.59931868829699
27.806106187796104
28.89898011597336
27.44750178990182
48.21641303086085
1279.6722474098206
184.73167211157852
26.242419949628925
64.87588004594727
77.42712310538627
45.08133119829745
26.179790115082824
52.29791002550337
30.418911288148593
48.20401584965725
62.11488601927704
39.84254943954113
29.707047629779254
1246.3869380950928
44.10867259328825
137.7406360564055
149.2896720962599
32.931081361605266
22.486326677358193
18.238759290385133
16.34752121873919
23.53756017372234
1085.9380431175232
42.726376888946334
79.13607007500832
38.69173993201548
52.67044243949431
135.88044610241195
1820.2843499183655
26.133313582727624
247.00770418345928
166.16418783413246
19.243644259495113
31.91042440880358
768.8554582595825
744.1418628692627
28.979286332389165
28.28839165183308
22.43006293100234
35.40092575713061
19.19959612270759
169.0637819468975
33.01423626109863
33.04375345058361
113.97407852113247
833.144947052002
782.3838653564453
72.62157729396131
621.5071432590485
49.17989370247233
838.4108595848083
899.7921967506409
57.61960152880056
57.61960152880056
751.2304563522339
38.66349209465261
36.30587108346049
1092.6552157402039
820.7911906242371
473.53542524576187
34.0782768689387
924.4143238067627
15.42728862491333
51.033719599363394
34.880610200736555
49.17989370247233
28.16546425087563
246.04015827178955
45.53002121386817
878.3779735565186
61.8156533135334
36.407213675214734
19.126329943879682
44.677181457420374
1389.3210706710815
595.7220025062561
25.755134978030583
44.202818677484174
45.88787131477147
340.11753273010254
41.24762477283366
983.7889919281006
35.58469281089492
930.4740037918091
498.7815625667572
757.8616900444031
83.55434636119753
28.82412883802317
1351.187315940857
146.66334698349237
52.18767290748656
197.4824833124876
135.2259772270918
22.62951695220545
28.408782829530537
52.775440593250096
882.9667205810547
69.82327650580555
416.5261307954788
465.53540229797363
38.54026033706032
76.39583080820739
1245.756323814392
397.53566589951515
34.97829980397364
522.3006139993668
1507.7347135543823
1059.1786875724792
37.95816179504618
48.57272845413536
38.6784438585164
112.10122627019882
43.82128816237673
18.158795667157392
828.0880031585693
22.869716841960326
394.4353681206703
33.61999209577334
559.1415575742722
50.006250425460166
830.9172959327698
690.4700591564178
928.3596720695496
153.33737316727638
267.21909534931183
124.4222823982127
689.8973956108093
421.2088711261749
38.3479366786778
42.90016874298453
784.6794328689575
1031.3239612579346
1122.9021172523499
53.97358354739845
24.754970519745257
499.32268810272217
27.511317124124616
76.65845926851034
57.06243456155062
508.316556930542
812.1758108139038
77.27697296068072
76.88436350179836
29.540943618427264
88.82967260479927
59.76948134985287
158.4990295022726
24.17205997869314
55.47406065929681
54.042910642921925
133.63615709543228
24.74559823229356
69.92297857999802
44.41739597544074
173.9169991016388
175.98756819963455
713.3410196304321
434.1868051290512
707.0082490444183
59.96301510557532
21.377750322077645
38.70748413678666
9.692513292837248
9.765040091206174
30.739098260877654
1590.6400146484375
11.150512977699691
479.16264379024506
16.356432388294706
12.541790984963882
621.1436982154846
69.24768535559997
460.36844277381897
305.25041794776917
211.8002468990162
193.42606589384377
12.414202344341902
20.325392360275146
11.314218664378132
13.365487425397987
726.9032506942749
932.552568435669
9.334341257268534
275.67385578900576
19.690981183051917
538.5470626354218
13.890529153330135
6.381980449198977
10.202562688957187
13.775906714463872
12.51561386038452
12.567353781931843
61.58698491752148
18.521481773350388
206.2325279659126
58.537895388901234
14.005818304802801
483.9311842918396
5.645357194705866
19.072823812181014
11.91757945196673
12.569602668490916
543.3680044412613
293.38061594963074
711.3868842124939
87.55749258078868
1402.6644916534424
786.013258934021
13.902092094693216
425.9953987598419
6.941102765289656
11.113834039545964
181.24745897203684
371.34726443886757
56.89611516536388
13.286490287156994
216.84534775745124
340.0843564271927
56.88469088822603
10.12833287088506
840.0815463066101
11.006200237060625
66.57678044959903
11.113834039545964
89.7544005215168
889.7968511581421
386.4213582351804
2021.8507804870605
38.548856141467695
107.4642341285944
208.41732561588287
277.69612509198487
25.91927879571449
33.54897493559838
45.197547522198875
20.84049648792245
18.97962206757302
16.253659900354478
28.921344206901267
292.4129677116871
1186.841438293457
114.74575746245682
31.613183335342
737.9392142295837
18.110504497770307
112.47009173035622
21.792503354262408
28.082320244647917
13.81891753459638
22.095480578088655
54.26199912978336
43.78102337908058
807.4950828552246
741.0101909637451
35.68101530568674
455.43739998340607
276.9540297607891
283.01733339205384
16.942215915607562
48.585416292829905
405.16411469876766
19.020775329896424
361.59662118554115
292.2635592222214
25.288216693712457
89.4453097069636
179.14686850085855
95.88587679620832
934.9982104301453
648.7463066577911
110.98448672890663
22.624320548620176
5.825231065953517
1457.416410446167
8.840847650290698
1221.5916056632996
21.17519324827117
52.70433272479568
12.869226692855591
16.945752730396634
21.93198748677969
9.97844399793621
284.1660860180855
15.040856086193344
9.415035139339466
48.07930375961587
20.340768221571125
502.179074048996
9.731606767588232
123.4120501986472
14.920914381309558
199.93784663826227
6.936844119354646
20.634115913196638
330.6233246251941
8.121621390623204
17.303200557474156
5.412815236323468
53.429012329957914
7.533576998986746
24.824036178484675
16.09285256671592
723.5727186203003
335.0793498791754
430.3395470380783
15.841596738778208
852.205530166626
768.7158604860306
5.412815236323468
1268.741756439209
10.744347136821716
43.52243077836465
12.497338073328137
4.090189358999055
47.48330994795833
18.417358720093034
523.2878828048706
483.33210112154484
243.65918362140656
10.792724655429083
8.690844262467635
435.33759808540344
499.6126399040222
12.840300683301393
4.799073662539399
982.9111471176147
10.384518342325237
10.624034370876984
790.3354330062866
54.77537104324074
177.95931246876717
374.910395860672
23.392801327313236
2134.688136577606
792.2948865890503
52.577930081635714
509.95310938358307
23.067501854209695
10.560176542567206
29.84965570573695
7.8274380022591
13.83054509981639
415.4781606197357
21.532591967696135
7.470133858716508
12.826136054004564
10.518263034364736
292.53095746040344
26.586019656868302
18.062380281095102
43.71549717637754
10.087488015866029
861.1121106147766
13.422332199220705
43.08942721225321
18.417358720093034
10.624034370876984
8.840847650290698
17.54856500246467
484.27455830574036
852.6246922016144
13.551790551926388
13.65094175565946
54.69084396809376
8.502079665657675
10.421910318002915
37.17060707103997
13.184032341686247
36.91946484748814
55.57789627430611
226.8237087968737
52.51271743880352
199.3514411225915
7.35113812834345
477.69621539115906
125.49040276929736
10.522848087911711
17.333777180786
11.441128946021763
89.26513814204372
5.2096225608256646
42.95401732285973
298.6690494865179
15.107016668749566
25.68719986116787
13.76423515747831
17.09862497228653
9.681675623632941
7.35113812834345
179.50776985660195
431.40587927401066
542.8900880813599
8.54200271463003
7.758990356096547
6.610226284397868
270.46950101852417
5.522286697429649
10.137799191666545
369.27515368908644
6.158373244359495
17.309701383659558
10.195683449033027
18.105695814674505
11.286991408214817
8.738505066509106
8.840854147172422
351.92570996284485
934.3412690162659
8.90109023863829
138.57299216091633
12.781535173938323
499.3923761844635
54.119567381972615
45.92600327092839
80.30366357631647
639.5157427787781
14.206961316082015
12.766739693248724
10.480294216891139
17.468375285333423
320.0373215675354
99.46195943225757
146.8916707788012
1049.7314920425415
10.99987505621948
7.356817042689499
851.7650487422943
38.634654549309516
9.684560925186588
1084.4081320762634
517.0111312866211
464.9940065741539
482.5532769560814
1381.483355998993
7.085967798341699
510.70332419872284
163.92942766845226
13.93680979087003
14.283542537630183
30.815842592855915
1089.0116319656372
24.37831579111662
1824.074234008789
213.85365830361843
36.339646101034305
1398.8268556594849
308.4898259714246
176.70926021769992
14.933207992519783
32.94332276843488
20.291806957290646
10.586387672863793
25.07303975452669
475.7661129832268
19.71996184861814
165.6983050100971
48.486278517288156
404.53548297286034
295.5756486058235
13.811675628382545
45.035244181985036
646.7147254943848
45.63353880029172
173.06459794193506
171.03058687920566
1179.7765488624573
96.97542104870081
18.814662153017707
28.34212638488316
131.02245296537876
26.309887293318752
497.26671290397644
7.500300603646792
11.411025398815468
17.48269745975267
26.548009778751293
26.041006033236044
64.27835006313398
192.47965501993895
768.3412661552429
60.463289968669415
215.26584923127666
79.76550143724307
7.029467590862964
21.87025310783065
404.1226884126663
223.04794144653715
86.05600107526698
41.79532616306096
14.587174545813468
816.081139087677
108.66674356162548
19.670554456621176
11.08167851826147
183.43988161487505
593.4686603546143
25.591241973052092
55.34435324021615
242.89498819876462
58.04099170924019
25.85560824910499
335.3018342256546
909.8126578330994
12.08232557277097
595.9802997112274
26.26620604087657
1074.0397614240646
18.550771492988133
230.1972874570638
9.616339870541992
14.947857148774801
12.399823359708535
274.2762631177902
69.17157581448555
820.6284790039062
5.741051169565935
168.32192328572273
9.510063020100006
276.86629658937454
8.23089968771535
17.92051441615331
19.71854180185619
215.75182174146175
791.717670917511
736.6241872310638
9.075172765572688
624.9816671609879
960.6401500701904
46.158816047012806
15.573458067589854
599.7536163330078
164.32650911062956
484.5147110670805
7.5113973203808655
147.46595478616655
118.06315900944173
464.26551854610443
11.879932286070812
34.14366059054737
127.95469434559345
12.228296495395625
215.3144817277789
732.0116366147995
745.0370869636536
10.646987406326389
10.979678116852142
652.9664161205292
313.04604172706604
38.79880816489458
601.217805147171
12.080973334683677
265.0634062886238
12.146221845987156
438.74960163235664
10.19924058289962
343.9749327301979
17.03064139747812
20.983845089071224
664.9334924221039
1162.0039701461792
43.90683453314705
196.83945056796074
14.209084670438642
444.22839580476284
190.64317376667168
8.99571201874869
82.424435432069
465.148481965065
411.7412105239928
830.6699576377869
36.992873947136104
230.11218684911728
40.48835179322441
198.53939421474934
90.93374060284987
32.3843623789071
32.40906862016311
45.686120746519464
27.222774965648114
585.4751665592194
30.018961797619113
489.5486309528351
38.61788097648537
450.10683739185333
38.91223162501774
480.42623805999756
53.28546748409826
39.09081374968537
32.192601585089164
36.0735120242266
45.41317483474268
42.50983418528267
515.8980106711388
949.4500231742859
37.75380725087598
30.569882075120404
34.743640690106986
31.75261054607836
26.319713774184493
52.61834028573139
25.317907839005784
29.95857181825511
510.9049149751663
162.95844890270382
584.4359695911407
40.65467767153041
25.338368439479382
35.772302596597
41.588388373405905
368.4328455924988
46.373480608919635
43.0854356236523
33.757429297690805
170.5240727365017
36.31226831498634
1068.426752090454
26.38813126119271
19.3143904976705
203.15568641541904
311.1745603084564
76.4870735174045
66.71572072594427
1360.4531247615814
393.2982983738184
141.49470523573837
35.53645090851933
35.186253125611984
1929.2795610427856
42.771292068422554
28.542633551580366
796.1447420120239
35.90848320298801
62.34693468909245
687.5246567726135
58.175194470444694
323.6729727089405
682.0477685928345
210.11748122866265
198.73332180082798
31.44381147059903
27.60372589249164
120.34456261619925
36.27657145384546
519.4003348350525
28.236028073180933
41.74799752992112
407.12562322616577
57.54435993859079
179.46409152546403
46.26675378251093
57.30795083116391
598.7082371711731
72.68884942711338
902.1708416938782
51.869441304937936
72.68884942711338
46.36442876979709
75.14533328190828
111.31974531337619
161.30776669457555
113.7534177005291
25.186787811071554
35.75036498880581
55.343654191434325
256.61743672192097
209.7961011789739
75.14533328190828
757.3558368682861
62.29823151207529
41.33566461603334
472.66792023181915
160.71028941497207
427.14117181301117
69.5703654553887
599.9122200012207
97.21232410438824
2088.2207732200623
73.70390461315401
271.4106964841485
66.23490963404402
66.39346468835538
668.1826255321503
66.53696153662167
61.7811339930704
54.97760165404179
1023.4871912002563
47.85812203418209
729.1690363883972
155.06411543814465
228.7999570146203
67.64780068336404
190.7311539114453
81.35069796236348
67.08264024713617
159.58721634827089
139.81484751403332
55.86892680701567
88.05359051632695
537.1044042110443
61.400961538653064
68.1101961525419
467.4031386375427
161.64907401800156
204.82988184690475
89.3887231266126
93.05188884201925
330.5921874344349
73.6597681788262
55.153773890267644
61.17662554573508
64.3682195786339
62.63881165910789
83.61421856167726
163.6944156587124
5.80207143856785
339.897524446249
287.19401045143604
576.0402228832245
14.409129461921111
1.9732267538438464
5.854690753533305
14.328138610151655
693.5942001342773
6.552282630611444
983.877448797226
16.710188826902595
16.20196297923394
6.552282630611444
424.55420023202896
4.6647621976187565
41.18733123969287
13.884324484708486
682.9968178272247
36.70165512873791
576.9349945783615
18.09384568920359
1002.9684281349182
54.45756430923939
2.786688323546059
291.7631650418043
9.140850455865802
60.218265495379455
10.090220211073756
625.0705279111862
9.153974260742189
3.5805598983715754
480.38447976112366
43.25574181493539
2.082217677423614
1.7500766904383909
1076.0853862762451
185.02811124920845
6.799944823605983
473.85017216205597
11.043248118779957
12.477234505437423
515.8433508872986
6.1088617110435735
488.45487213134766
19.681216122582555
17.601752735703485
12.017520233610412
830.6554161906242
11.081837781355716
66.65599274629494
742.388742685318
163.6944156587124
515.5833387374878
6.117756969475749
533.9372010231018
6.946805433297072
7.003386136594827
9.454408779817186
250.3807986676693
18.18526606135856
7.003386136594827
516.4679555892944
10.579474921471274
470.75232911109924
8.404585877048248
3.509648519175471
13.295114650769392
3.9297446366879285
687.7222263813019
2.969668720296795
20.812462407506246
5.183558156599247
764.8870210647583
35.55744306265842
379.9266799688339
23.701472019660287
5.713476491633628
644.1290652751923
662.2833013534546
550.5937334895134
753.7041137218475
1206.5682320594788
31.431552900001407
747.213924407959
9.838681658056885
13.982151061003606
7.003386136594827
23.21738194016052
3.3698484934784574
19.352608992782734
6.552282630611444
5.479601305942765
14.437719018256757
1476.289556503296
18.279231928579975
13.1847462862861
137.15686977282166
85.5109609439969
1005.2013826370239
553.8481041193008
270.77509793639183
148.3206048682332
300.7977840900421
59.12948393076658
1441.1062679290771
389.06231451034546
80.74427932873368
122.02094960585237
163.4407565817237
1019.1213603019714
130.88128028064966
118.29903401434422
1069.0559153556824
114.78283085674047
1666.4475526809692
98.90941123664379
940.7659859657288
1129.7910361289978
639.8401048183441
180.97494370117784
133.1154364347458
218.5980926156044
212.73444618284702
413.82515526376665
908.7329111099243
1311.3057022094727
1347.0870943069458
95.35114404931664
119.10985234379768
199.68103531002998
739.1068851947784
1479.7969675064087
534.3734331130981
229.4282436966896
1390.7038087844849
643.0708918571472
874.8233733177185
314.710903853178
31.693079634373476
43.14634839678183
1050.4339032173157
3.7352893044781013
7.043272727991507
168.531983807683
628.7688252925873
7.689278024646569
312.89141142368317
685.5317757129669
478.1511365175247
10.922461382051324
213.67004105448723
615.1348860263824
32.03421873273328
14.343813710313952
13.411415438396944
14.234337337627949
34.11271250456048
57.161586121656
17.388113643765564
27.143152035911044
11.998327772384073
7.419356500617482
375.3336077928543
337.2926895022392
20.461782278068767
51.4465890902502
501.2315459251404
99.50818195426837
2.5556905042457174
243.17548802495003
8.352055308743957
1204.2674236297607
1251.1716833114624
1307.869484424591
33.27670066743258
20.024565726424044
368.7738972902298
26.138132484896005
12.772529782982929
739.4069714546204
18.560304610985895
3.978426931987201
23.918635391790303
14.234337337627949
176.6244697868824
6.428886744376996
412.4723496437073
1020.6366319656372
8.541527656838298
18.153954389469277
224.47240037843585
381.13943433761597
858.3638892173767
505.9731683731079
2025.3517155647278
86.07980028819293
23.819916003272738
8.31943444654462
20.50703966805304
10.262693764279447
917.05140209198
116.17119496292435
601.9146780967712
819.6925313472748
9.31986093810906
13.759539466553178
10.518185373368397
41.272327662969474
163.8210948187625
29.828322359856543
1211.2200183868408
9.293888730417052
37.706639405125316
22.574591968077584
1514.224289894104
5.648668412564348
24.677397053612367
57.400453486305196
12.364821424694128
49.25320415032911
32.568557969500944
368.9376498311758
11.998327772384073
691.3197818994522
654.5538275241852
778.183262348175
949.5995633602142
10.26620297404952
419.2468771934509
31.399382968898863
58.434807408601046
20.089882696167706
178.88101457059383
37.98271717643365
5.828149552046966
8.362337355978184
760.0783956050873
805.272723197937
46.363269735709764
14.577742258457874
800.6688656806946
17.445880217899685
9.58442840023963
715.1466846466064
1.7389992654379967
132.9320203512907
11.330325718183303
1427.9274468421936
9.06003872450674
228.4401834011078
22.367360706834006
5.602907411572346
10.026667513105167
15.461540573589446
1723.6614518165588
119.66413520416245
2.324507994993951
27.581980998569634
2.4901941086120587
7.569112072967982
13.378236941890464
21.560939508257434
3.292398204013807
4.3194667555986825
1044.9929337501526
4.710733521863517
57.16444173082709
773.741979598999
14.568345341551549
151.4928407818079
1403.7842173576355
191.12829850241542
5.108450316607332
594.1200298070908
1.8879246228661941
16.761997215580777
436.7402997612953
10.942599128182337
590.219780921936
527.9824523925781
1047.5075216293335
21.030851021932904
1130.4725847244263
6.847413027727839
1244.772762298584
22.812419894442428
15.32240085049989
750.8240121603012
832.36700963974
1031.2226119041443
9.895575147935233
708.4477509260178
2.324507994993951
825.8982272148132
477.88795229792595
8.122397511428062
14.806409549488308
605.5079327821732
22.812419894442428
381.4606700539589
563.8053721189499
11.711628479504725
979.3920063972473
17.540377309400355
717.1188821792603
12.205897408828605
891.276228427887
16.358757196745614
60.102701586671174
39.7992678860719
245.64504379034042
10.40741662461403
303.3284352608025
287.62719863653183
522.4659492373466
521.6634900569916
378.9712719321251
2.783121270683978
22.074234083411284
324.7072690539062
22.58355317729604
5.108450316607332
50.918292296119034
1053.87247133255
4.710733521863517
19.756750210712198
53.10248616198078
6.592954748646662
21.208446885691956
1539.5796222686768
1054.1082873344421
9.72040051761769
500.63431775569916
369.3499232530594
16.761997215580777
4.406344061924756
464.2591984272003
589.6284394264221
76.13580129314869
8.202088968049793
4.977387885458938
2.3249645153716756
1056.229178905487
390.16834303736687
261.81816214323044
3.1210951636104483
4.288234661950355
30.603300476446748
389.11530470848083
13.92510307370685
586.2697972655296
478.95559310913086
3.744215026330835
517.3404282331467
8.335220049175177
3.483592449534626
516.6603910923004
179.23362820595503
1.4930063381501668
3.9283043653543928
293.18073377013206
9.846392893490702
185.5740434229374
8.3329356137873
11.31367777578771
3.054975856749479
63.58186927996576
5.634023902210174
551.2070467174053
20.758633842002496
7.639443846665017
508.61450201272964
21.904712439980358
1029.3958525657654
25.989490864274558
310.0158591605723
6.613654429212943
3.4462771934131524
29.249574092798866
1.0280513384876713
9.448750062313593
2.4832236506208574
4.572414580636405
6.674943872656513
7.096442646623473
808.4024002552032
4.96941025332444
2.6464387685446127
25.42685087013524
560.8599961996078
252.18249188363552
3.8985793179011807
2.689139700294959
4.273123428630697
929.1535444259644
682.1160804033279
314.2772585749626
4.911465569997176
616.2675848007202
5.405126383317111
9.649353032956242
5.340744198899074
494.1865697130561
4.145747087790824
3.349729475541835
2.7204548075842467
5.887215697415741
1352.6482329368591
28.002464211924234
47.45460730139166
2.2160842557107117
32.86747303435732
8.156589890702776
16.46423227339983
2.8207130075968507
2.7047127459654803
26.51951027733503
810.5365533828735
346.40493071079254
243.9211858510971
261.1768971160054
371.86515295505524
42.20796484593302
918.997838973999
120.22133910655975
28.450266309415383
1041.1559710502625
26.63270957156874
1942.2496700286865
830.1707808971405
130.0927682965994
158.76799666509032
37.16093070246279
888.4526953697205
41.638094834052026
50.68127166107297
31.81684110005699
468.18049216270447
957.5635747909546
59.10865558311343
833.8356099128723
85.8446234241128
685.5591530799866
926.598340511322
125.19290030002594
50.38673237897456
98.99928557872772
413.93991619348526
609.9648978710175
29.847110445145518
509.3344866633415
654.197690486908
85.28129844367504
340.9524033665657
1005.92649269104
38.98731418605894
26.28406268809431
43.06907743681222
60.56480008363724
79.94947943091393
44.81830245469246
43.085116202011704
121.42259511351585
25.725266524120343
237.55023953318596
428.2068576812744
74.65557876229286
1232.240306854248
37.82180223846808
817.6700654029846
879.6132090091705
929.477994799614
81.71785699948668
240.16398763656616
49.80591950751841
239.5590448975563
48.26662931417741
129.2856885790825
227.61750049795955
451.8063783273101
29.026971393905114
475.43125879764557
314.79546289145947
47.833701418712735
148.83159053325653
60.63047723698401
34.86199043127999
549.1935865879059
58.439313396811485
154.59911328554153
288.75085920095444
40.23427111465571
2082.919882297516
24.47177985500457
673.3472573757172
11.206145721223038
30.30256947176531
324.23672876134515
15.366501446995244
28.587586493464187
24.833598706391058
29.10227756626591
17.501823465223424
37.72292293421924
54.72835620299156
17.719996365631232
16.853455965640023
72.83735280483961
6.474942160185833
451.5553958415985
14.744770180739579
24.21540927972228
18.54378203797387
419.5438467860222
14.710634134182328
224.70469249784946
17.986092288225336
34.50704442593269
289.6651597376913
9.713941694017649
6.474942160185833
320.97754418849945
264.7739979461767
26.15805745043326
373.8646863736212
9.653693678316472
22.387143971631303
12.95054023542616
15.450695196253946
27.896311763266567
22.26886911073234
25.22240202500143
13.804381216456022
48.87635989114642
942.8166460990906
14.110813321889509
257.9404091546312
9.713941694017649
8.823283067430339
29.146826233711977
405.80770230293274
11.448761318949437
15.325904804180027
19.7301002045715
17.891279124632092
24.852695376437623
36.14083286782261
509.4283777177334
6.882486194091371
1315.8722887039185
730.0689678192139
24.22868005927012
84.35109369270504
794.1775951385498
804.9367780685425
27.957163095648866
41.379265193229
38.207298597320914
32.529908403657146
115.46669275220484
923.656888961792
136.8070240020752
285.89974254742265
56.56466265054769
1139.4183421134949
377.2897977679968
52.027181016339455
67.02965942958531
899.1672005653381
14.073170949103314
32.22372673620703
1223.4097819328308
10.71236767374171
657.8477069139481
438.9584013223648
25.5496088519576
546.1601809263229
624.3947684168816
1187.358214378357
9.694191497692373
73.85190858133137
86.41837885903078
37.849032935757805
868.1681289672852
20.62022972266277
22.46879986995191
11.108300964067894
62.580037865787745
229.17840185761452
957.4012327194214
1420.238320350647
599.9185123443604
6.71371770688711
9.140970184004232
1100.6256442070007
768.2631223201752
14.334380545957856
32.74156858748756
682.2383875846863
22.318087679333985
8.614251041846728
14.933303998058364
872.6926960945129
11.562139081220266
63.394098005665
5.097113235601114
306.7524262666702
86.86137431673706
2.887705909763554
154.97543868236244
18.73826901245411
32.3273303949245
28.511604562052526
16.433479152016844
26.608624623768264
7.328416370778086
8.476729698727809
14.447855341139302
91.46654319185473
16.21788452933106
207.93186712265015
758.7349729537964
1168.4901094436646
778.6049897670746
95.81786832835132
759.7778692245483
15.880925910835685
34.2382276757271
1112.744517326355
8.186806734622223
427.8126155138016
16.154901649191743
1272.1355347633362
9.948543681631236
31.43189093846013
572.0904564857483
71.23449220322073
6.5421004423554905
12.579821571101093
15.365844430794823
527.2840448617935
7.715781910311762
9.215617358293798
20.429439442599687
11.48115815615688
9.732926269060044
13.503374007783691
6.098421074553585
48.64325154061453
11.932813267310394
18.411821321351454
135.99564737081528
626.2533758878708
58.01901676412672
406.9129553437233
559.5032539367676
26.855901697606896
16.99461379807144
70.48862107569585
539.8726842403412
13.313055343052838
16.466437252969627
498.8124270439148
320.84368117153645
14.709082965091966
11.561389404556394
624.8088159561157
59.57858630915871
61.23698763665743
20.37469250243157
23.24063445872889
43.66746592623099
71.22396483272314
570.3608672618866
47.242778222076595
46.929897120426176
668.6040077209473
842.3158550262451
324.3847647830844
836.6536321640015
91.49692908862926
1228.4181237220764
36.27224950526215
818.2755746841431
65.33559861034155
53.614229859784245
1332.4917516708374
43.42096537387988
59.60333962290315
29.276758243955555
1060.8642406463623
12.445422360173325
18.15191631383641
107.62036106362939
34.3747477560828
677.2953996658325
105.14225643211103
31.889507225817397
43.14124953967985
95.63794422335923
64.40702212229371
23.24063445872889
1104.34152841568
24.160939127148595
51.03296731505543
565.0015113353729
45.007460972701665
849.6056532859802
1149.5602087974548
760.4161140918732
13.031756669498009
8.70496247677795
490.600417137146
5.214807312077028
11.690202813889755
3.207519998826683
6.393803768454518
44.58585794828832
672.4279079437256
8.413282930989226
4.029997217126038
2.1978093527246756
2.710601233493321
7.437774357465969
5.486288856118904
12.49202725233772
2.741160389917013
16.516937369920015
804.7353253364563
4.9306013866350895
4.373086828049281
16.215311169743472
7.831059292308055
859.4357385635376
64.79808168904856
18.552352494181832
188.68851758539677
518.4885830879211
32.420258373895194
267.6128634214401
7.742211270260782
6.837309847025608
191.53470811247826
8.224795032691873
3.0145951220382585
59.34090082709008
2.3402942567690843
14.425493135983743
825.7663111686707
4.541904741284952
5.0031504498263075
1.0080367492486175
6.817237322920164
1837.4346914291382
4.340786974360071
84.23420742340386
25.645834066468524
365.07263219356537
451.7910442277789
34.413580536936934
12.705448031898413
3.926188044668379
22.4885402668001
951.051872253418
3.7265570920149003
28.277104421860713
67.49324252363294
58.683426612755284
61.29679286107421
30.618444402522073
61.66846419032663
25.999731410433014
234.45503240823746
48.66440518328454
980.9428520202637
47.00324445590377
45.199145131744444
135.60014662146568
314.8829682767391
20.985477145646655
80.34958203136921
122.85981665551662
51.16937743499875
668.1624341011047
344.72653049230576
49.6812500662636
27.01177061069484
998.6671276092529
520.1546898633242
55.09901689738035
206.33152878284454
55.18029223778285
49.786182068288326
50.80499530304223
414.45590677065775
131.02490846812725
406.1394956111908
179.02238707337528
19.949278536093402
63.245803754776716
32.687718078075704
441.2609486579895
1048.0399107933044
27.72472911424495
80.25673397630453
28.128565321676433
30.019467105856165
9.231463059233192
1.348557241916751
349.85064339637756
1.000719520814755
1152.6236639022827
11.421366446234288
22.222312308576647
692.4419935941696
3.333127538124245
6.1251779388735486
531.4183292388916
2.4575894470231106
8.727453011553735
7.748217663358446
5.527251197728219
0.9179670746117381
11.603078820884207
17.183202638843795
674.3773965835571
127.67203006101772
6.6179401393638955
4.6125457396012735
406.91363191604614
464.08608800172806
585.0653123855591
1244.4492206573486
6.578551310786679
0.7754616141789938
141.781780064106
11.974782510999034
9.406808320596497
1.3926704219597923
3.3471699551485017
505.57395700365305
10.571689266054591
3.1266780806088263
30.735213912616018
15.0880095284964
4.7169597669116
1019.936420917511
2.377897124618471
4.846539207621845
414.3801728785038
12.130085203915769
494.275737285614
739.7672820091248
0.941250251079623
2.6098247788620483
2.492423546942746
1102.7974004745483
538.3169544935226
5.397761078408166
5.952880716634581
1040.0131611824036
4.4322298919647665
3.5957029395322024
428.65791019797325
531.342193365097
27.077171769662527
3.6087381083571017
1.6626177637077717
7.0012269402295715
295.59023867733777
2.4674075179663078
25.913140060314618
263.9629956483841
5.306670149430261
1323.5605058670044
163.2109011085704
1.6163685894150603
2.5778839772561923
335.0090005178936
7.8948872173805285
0.5380994215221335
40.91371998010436
2.1629363416636807
11.121926126543258
19.892253095951673
741.4452948570251
492.33770966529846
36.979874621632916
271.9048846671358
40.424250019615556
24.0274355187978
33.55825449351687
472.2909083366394
40.84421746968292
900.7414016723633
940.2539753913879
145.29620768642053
83.40570988811669
98.78419538214803
225.8511427938938
22.93470621939923
424.19054043293
36.923131317545995
1216.3454780578613
40.833065340078974
29.383685989352898
44.93461045482127
40.902923235342314
1059.753420829773
30.034599803882884
262.7051302790642
96.60402402720047
95.27968014776707
32.086258256069414
247.6147494316101
68.33612191549037
60.96707944723312
920.5597929954529
922.7777104377747
307.3583120107651
263.2484327852726
36.08505802004049
71.94975605080253
238.2244548201561
1482.9031343460083
1050.0912518501282
77.98092279396951
1010.6488919258118
42.97271650102266
266.67462676763535
38.352482320011404
672.5825362205505
331.1781896352768
30.09241355675374
37.691237054765224
215.62284085300053
938.0148305892944
435.83022160828114
23.029950920453302
295.46756605803967
143.01224044710398
39.748855340716545
249.86999274790287
60.364432498434326
79.74684341950342
95.74287579208612
73.13445223495364
735.5627663135529
217.8958881124854
43.09944523498416
589.558810710907
31.972720843568368
159.4762639440596
39.24796663418192
196.2501311674714
772.6846585273743
96.52374995686114
27.481955999297497
48.65073933452368
23.787556285737082
24.811569777374643
947.2073259353638
553.2085192203522
556.5727286338806
31.899369021877646
29.950923770316876
119.55600704997778
30.192421244166326
17.526071058382513
27.127425525337458
1007.2180724143982
38.486127390991896
26.84759324530569
17.804144100286067
15.139200921170413
24.81208298139927
1327.4322175979614
810.1489865779877
448.5925773382187
241.30239129066467
83.32916003232822
40.93711772514507
30.836350241675973
388.160177975893
97.04526329413056
1196.2309761047363
630.4247859716415
47.12837987579405
75.17926137708127
16.42328569421079
37.91983044797962
26.165161840384826
504.3508645296097
21.39701870252611
22.847457884505275
868.2777392864227
316.23727118968964
768.7835750579834
30.319452307005122
35.32428885559784
72.69145617308095
1524.1667761802673
32.681064248026814
433.4635900259018
446.60331630706787
54.65580318844877
500.70875775814056
733.9880571365356
404.0141044855118
175.51034428179264
309.29449543356895
19.02431502651598
89.14638916030526
45.75826983107618
1069.5727837085724
16.273028399215036
302.49200747872237
18.726337254131067
19.718114625809676
855.6495389938354
33.15405547013506
11.281769505221405
227.40730796195567
15.50942522907394
588.6457352638245
23.365459660861234
252.38828921318054
12.747826735112085
1582.124140739441
24.1787003694335
1266.1276679039001
298.7386261820793
26.12450000924946
22.277934859903326
87.37493584235199
33.96880451499601
13.000425537582487
1107.605944633484
71.7578438743949
10.072031106980148
17.72408631714643
23.93274349195417
398.359922349453
260.3956410288811
10.230211817132385
890.2131638526917
40.47971597875585
68.30010383622721
33.15405547013506
13.46435601153064
18.388145305820217
185.31585661321878
1110.4046301841736
206.80795919895172
138.37347146144748
19.438740690109626
144.941929819528
16.278642106122334
1372.7093625068665
1066.534740447998
125.00049872230738
19.718114625809676
23.814771278492117
51.875362138547644
77.98419111408293
9.993130928559367
776.5180648267269
106.83349795173854
24.06074653066753
444.7568556666374
31.47338743880391
115.10405190568417
463.2525766119361
25.11797739726171
456.7696941867471
341.7223359066993
38.359025508027116
320.6628730893135
45.61966991843656
23.68498495924632
35.00894090672955
48.503720174514456
23.131184102514908
166.55676716566086
395.2645885432139
433.76359510421753
266.3664968460798
238.0621825158596
21.393644076801138
315.2805826663971
963.8867945671082
1021.8904104232788
18.241080058600346
416.3354591578245
925.4358310699463
265.7577971816063
14.735349689688519
144.65227168798447
57.58971844683401
769.2752923965454
109.8502992875874
89.73632907867432
107.55823505669832
53.89753162156558
289.3760813474655
61.92579205473885
34.568997260576
30.852167768734944
873.9136662483215
78.1026650229469
41.896386702224845
23.08959930366109
82.31445781793445
1305.5786809921265
2061.2376041412354
81.66742453712504
1033.6458058357239
66.55773546698038
95.12969555705786
787.7601637840271
53.55603016167879
20.156012128427392
571.7655159235001
566.3164641857147
22.471002378559206
25.019215145643102
352.6246507614851
31.593666215834673
44.53620693762787
641.6238074302673
510.95667684078217
25.70906088600168
74.50635232403874
584.6643425226212
1323.5008826255798
192.59770272672176
69.64052108291071
445.09413290023804
51.02975838072598
538.2668255567551
50.21665825974196
115.4521788744023
16.036593204834844
614.7309956550598
44.53620693762787
1008.0886693000793
256.65771901607513
67.56949063949287
87.0408566519618
359.0825877636671
321.12119966745377
44.84914024430327
33.613093569780176
1325.7332038879395
196.0503299832344
94.38411946594715
1208.946879863739
305.2679930925369
93.9922845158726
913.8231282234192
301.4329808698967
744.9831357002258
56.283343713439535
66.1405719704926
82.49851819698233
20.989548117751838
379.08042946457863
23.55435208185372
30.9456755425781
110.98329044878483
223.46478176803794
232.6110622882843
195.00666046142578
525.9161326885223
677.650830745697
55.88043040409684
1256.513994216919
580.8095324039459
87.97851402312517
370.1027167439461
16.0062225350448
155.48091036081314
19.995536710179294
653.4673776626587
894.7156820297241
100.99804513249546
943.5395474433899
998.6631145477295
35.90401574120915
203.53634470701218
30.598779504187405
69.72389298304915
351.39573085308075
129.94425942376256
418.7947493195534
93.6439668610692
350.11596542596817
624.1525187492371
23.225504503790944
24.054395753904828
17.560027521702523
26.46801490074722
25.475825016466842
490.98432660102844
26.29688791525541
1456.7894177436829
31.004258027882315
101.68391311666346
780.0187311172485
235.4548208117485
27.897959153728152
19.710783231654887
612.4340872764587
479.25516843795776
76.59891022834927
22.41320551230001
32.864383947628085
29.222756532260973
1118.1303262710571
17.497769091274677
27.73319406064479
369.9337992668152
32.09068910460337
35.265970064840076
32.5769988977263
1109.9546341896057
390.7697775363922
784.0602827072144
35.50432037665087
28.298421813349705
18.093285889636718
32.864383947628085
334.2709941267967
616.7767972946167
30.633063469409535
14.180975220793243
19.546902979810397
18.138620665416965
53.855455916389474
24.690844930573803
33.083701447278145
326.01989126205444
50.196098710869364
36.08724230146072
473.5177266597748
457.7114233970642
40.295918082015305
612.2590847015381
201.22969768568873
125.95751855894923
1335.3054828643799
26.919779573163396
64.47160955896106
152.7870274912566
197.79484012164176
28.50448105246278
251.59528052806854
44.56901937126236
73.15881464269478
30.655549997060007
282.87648913264275
156.56697781104594
24.019691930348927
668.7098340988159
26.199429828932807
30.893477743623407
1164.5032658576965
233.08598198369145
30.88472228936007
398.82627184689045
153.2209294065833
116.50612205686048
480.18800580501556
235.15549612045288
28.791046277515875
56.99274784186855
152.61814340204
179.82321482896805
32.02723325631814
280.9708305001259
349.9713370501995
177.95395612716675
34.84085240935451
393.5001893937588
24.066842225820437
394.367161154747
38.96705457853386
173.2395223788917
779.6774501800537
210.00291973352432
42.461126922872154
60.238434456288815
37.321440227536186
369.091182410717
147.35182909667492
53.84071999788284
25.67052891405399
164.13101932406425
99.13337838710868
7.127822917746471
10.795124683386348
24.61153135506902
34.10489534563385
8.06377959144811
130.93301939649973
12.399723151883677
6.171755938425349
8.376014025766153
302.11483792588115
5.163888863296734
4.3167850839246285
68.797850019635
18.632701373981035
13.105162094987463
33.14205704876804
44.67848427023273
103.05404854249537
193.49664294719696
220.42991220206022
6.937664208551723
9.685262066428777
21.898439944759502
43.918568232664256
3.8505147887105977
12.345331049058245
89.24448547622524
278.54081612825394
428.693076133728
8.696146499262795
1022.5012798309326
474.86756360530853
117.57256638258696
1128.3171882629395
240.80837508663535
2.174701744973845
245.50729754567146
15.326659328213282
83.35364771708464
10.7728680724681
221.56028506159782
4.388264845814774
2.9501603722916343
8.62360979218397
14.93226126436275
11.69770941932802
31.182879154484908
9.43583531487991
5.183124199670374
426.2649870812893
2.3500214372530763
21.45183863012062
3.213417593600184
11.382532192044891
120.04415890574455
5.646217555934982
69.41490957953647
46.52315187221393
277.1139459013939
7.7459624539009155
5.646217555934982
9.391709722438463
4.428340802986668
8.62360979218397
102.29863811700488
1066.8749504089355
104.43503972692997
5.862646325428614
8.488696512509705
691.6086069345474
644.1508572101593
105.39031467586756
1011.0114102363586
11.154557483210056
10.932467232191811
127.03993877000175
15.888839625315313
25.387076602955858
823.8921842575073
11.94223144110265
406.30300575494766
9.16875324431328
110.7064414396882
31.14421358865843
14.556701851123762
44.583782268178766
818.411075592041
52.17417848023797
173.29189758002758
131.14687985740602
1082.4097547531128
104.30444484204054
18.131064814105912
294.8456487059593
30.107333934832695
76.7854311647825
36.36431076213921
290.8503853082657
20.40927903122747
52.661950759098545
774.0107645988464
62.45208581555926
34.24786375529948
54.7830536487545
63.604590721428394
492.31748247146606
74.68371975864284
990.5119285583496
746.5647559165955
491.06479144096375
81.87693400215358
50.588883613312646
507.7593609690666
140.91565286368132
30.560755202519886
1360.9008374214172
1604.2250032424927
477.0122764110565
34.71788715901914
65.92413935451532
626.7668118476868
70.26855210773647
967.081901550293
32.17511054041097
154.91206174716353
1347.6311078071594
480.9534346163273
183.45750246196985
1.1823475992803196
6.628973486663654
172.7040110230446
97.3106455206871
7.355925890744402
7.393240522684664
14.067102174376487
92.80868042632937
714.2383515834808
1.8055161307596563
5.19003766186438
232.4001546560321
1183.2034177780151
2.137695338359549
0.40881033101186404
3.376138120845212
6.704086199645872
1399.5653162002563
14.876564876874909
6.8757748776065455
2.5722295832275677
12.932123146353547
2.454759548239849
103.73632825911045
468.48568677157164
3.512066130526364
291.94259786605835
6.168343744559252
3.822886245684458
0.84934231355885
243.65118605666794
1.3705815285785548
7.252501438717445
1.1324695977799593
0.5576489354455134
699.3586239814758
1.406184945033715
3.264701690023685
375.84873454272747
14.953280148639351
5.151749647703696
646.1389315128326
1.3577868705700666
22.546606031653937
11.217716730592656
4.842869970337574
1.7476706456023976
1521.1570754051208
405.61591316759586
294.54029468633235
4.525218496657544
11.53469827893241
368.4763443246484
17.115257280318474
261.70203865808435
8.921036027786613
225.32865102318465
16.948143074740074
0.8707254832264653
922.19846534729
1006.8084306716919
1.7527965521176156
19.045261237421073
361.99118304252625
353.1798022389412
1.189166731528303
539.8079968094826
5.638810690104947
10.884161567299998
37.62032290804984
13.766015967374187
33.79286668060877
660.5982811450958
18.201664941681884
11.776333023971347
22.55471013301303
60.1360952174291
1027.084342956543
23.67179970385041
10.87871370413086
864.2235412597656
643.4152040481567
584.2191145420074
1057.2589025497437
23.586862827418372
22.47501493801633
34.84230696318991
22.398261347188964
42.409570099785924
478.34326151013374
104.6239525526762
1174.7896661758423
10.392430011084912
19.400415188487386
35.691090340784285
25.998403990648512
965.6871294975281
41.86995013523847
12.95438777533684
135.31313531784815
30.018706543341978
16.672119579746322
635.0513318777084
26.126789330504835
26.62024775954137
14.102833658696909
35.917749035550514
18.64348407279249
12.95438777533684
18.346953779824617
34.02060169813922
1066.08416223526
1149.501947402954
728.9457521438599
50.910363396804314
14.472325603637728
1239.354790687561
905.3172788619995
19.868404278997332
34.75519441613869
1388.9201354980469
585.4087243080139
458.3437889665365
57.30643425619928
29.243556151690427
75.69868138991296
18.64348407279249
15.367035850253274
835.9710731506348
14.943529583397321
1561.9598808288574
1207.782398223877
938.8250889778137
819.4272167682648
556.1904103755951
28.897243351653742
913.1598677635193
463.7874838113785
18.975259959330288
930.882402420044
18.57644206553232
12.903251217061552
11.147032660011405
29.85554366093129
10.034077784887813
23.220854161034367
674.3836812973022
18.39626311373047
806.9707165956497
29.037235571537167
525.5708863735199
1315.072018623352
28.897243351653742
17.430672734881227
29.973288461827906
105.20910261757672
69.43070444860496
46.366365495865466
624.1104052066803
1009.5264840126038
150.99716675840318
390.73294377326965
436.0626323223114
98.56991938046122
98.92078999057412
65.80719190137461
104.173611417762
73.73112365882844
40.002131226219944
65.739565126034
76.50370986084454
711.8961510658264
680.9657001495361
762.2733850479126
95.80186055693775
93.5402233924251
514.3307373523712
100.96341493807267
695.761016368866
132.30745762959123
43.30430214584703
71.58740003434798
245.84963008761406
606.286282652989
112.91861357131711
243.4647314157337
74.06460576629615
79.87520009605578
131.9433663309319
980.0983209609985
325.92583605647087
216.60727062216029
70.32807813512113
73.29330471609501
85.23518344299009
70.91058360226452
769.7261271476746
40.41795820690777
67.50811241065026
595.3022480010986
4.9450744128339466
4.323240725613118
6.649183115553342
455.3965836763382
4.837189232292872
9.059718359425574
5.959187377067906
1042.9017205238342
6.625000317784725
6.056199704467872
179.69279420375824
5.27697333792571
7.972670278875285
193.20441882684827
5.502227791674159
11.074038291987563
6.5311000912879535
4.2846759220058175
475.5091800689697
453.0369164943695
90.4328055717051
4.085073459757041
5.328268931044477
4.2846759220058175
13.859601829753956
152.69572054874152
5.406574075409935
467.4928467273712
313.3610918521881
769.8169848918915
5.186771097367455
5.947483733136323
891.7869329452515
324.2937394976616
185.91946014761925
4.571531540979777
6.649183115553342
4.180532271675588
4.737789607607283
273.42425978183746
5.062712003277284
30.784421738237143
5.0994665421294485
910.5165300369263
7.538197910388249
4.376806311111977
246.38961506797932
5.505009911869934
335.1378072681837
348.5598716009408
3.811326834465035
402.65043177455664
221.21036209110753
1527.01335811615
926.4549894332886
460.7272810935974
47.67052223533392
14.582263718468312
142.65162920951843
292.57733742147684
213.93558268994093
6.930930771883595
74.82727509085089
5.1353714318656785
608.5110981464386
4.123401818328148
6.763264009721183
14.010694170843635
849.2821044921875
431.8696556687355
3.2686054815403622
1.401018744096632
413.04254043102264
10.212704838689206
0.7128789289680526
30.45500524522504
405.50365948677063
229.05056835391588
22.884634883564104
931.2046065330505
1664.9735865592957
2.865345468662781
3.3366125277258334
225.00422930173227
14.81825102988114
3.661965424454138
543.6740636825562
4.372075345468147
47.14333762714523
614.9917808771133
0.7270434955265728
3.2150229048756955
4.300288983469727
23.890661888755858
41.09523216659909
146.56116172671318
3.1631624698675296
15.926515165163437
0.9804034364739209
3.933686371009344
1.8520508420087936
463.77329182624817
1.4811308257344535
491.0779173374176
46.18155643850332
2.0276506541711115
649.4066717624664
1.4924032664999913
493.66322660446167
14.691317056525804
1135.651071548462
12.765809648022696
1155.8089847564697
4.153915152652189
883.5899930000305
68.02749324124306
22.532146463407116
12.358380327030318
670.4075429737568
654.0174286365509
26.953114299467416
16.195123261310073
755.7469284534454
9.417042256491186
16.954323191428557
41.79986034578178
818.499213218689
955.112699508667
629.8788213729858
842.544191122055
1.4811308257344535
16.917632522995632
42.839991502682096
218.89859020709991
2.532262725506257
213.2758538773669
5.7119067201772395
881.4092121124268
672.7208097577095
916.4268565177917
397.23773550987244
18.323552964008513
19.029545465227216
419.3287819996476
26.776169673054937
257.6590410321951
44.17466908824463
306.6331850141287
21.867155738082374
1182.5670685768127
143.66866751760244
27.30249183768524
13.515067241626184
40.347305801231414
26.070988670241604
74.72007515723817
1182.1301846504211
41.87825148670504
411.6139760315418
9.647102339113985
12.355834464265058
1216.1809740066528
19.29658239130083
154.80229315161705
1044.218554019928
478.7302794754505
585.5584483146667
1781.6868171691895
620.7092709541321
55.517559117404744
42.48759418888949
445.07686960697174
1008.2913360595703
19.397861641657073
687.264554977417
826.6263709068298
15.76838272917098
123.3397313086316
13.515067241626184
468.0498118400574
15.76838272917098
1063.6466031074524
29.937783132043478
24.773022611370152
10.17542923387748
22.252639608954496
47.070994920508156
22.2036412584348
565.3950827121735
31.142674761549983
69.29016488231719
335.951410447713
29.69313638230517
831.7472567558289
28.492531715076666
788.8807258605957
39.906234004215776
1054.6530060768127
26.972277274060616
37.891918593493756
145.25664800964296
732.7501090168953
189.98320553824306
19.75401156897101
155.27334907837212
28.735165685387983
20.29065274196489
31.944255618989473
535.7976437807083
11.772813218150986
19.29658239130083
12.290346879987396
107.67039467627183
24.962504462664583
198.22265136241913
1108.3576321601868
142.77150950487703
40.187172405620345
109.48007569205947
16.139695433609518
556.8128139972687
522.303108215332
18.988800396267834
17.426586880285413
145.28441023547202
32.64510304618261
11.05481534866476
459.78562593460083
453.84437680244446
31.312959528291685
1514.8423328399658
18.988800396267834
234.5288678407669
42.75900488998741
28.754289804495784
94.4726249948144
115.36455925938208
64.83169545498527
11.63980751437498
31.0781853974122
28.354133563270807
22.66244162837029
760.829508304596
67.02222287777113
35.33761810217197
35.672165695833996
46.49154352690948
33.0032550787073
43.21409470416086
55.780076368151185
271.92681470513344
1435.5449795722961
39.519450355619256
1438.5933294296265
1294.866334438324
1185.77774477005
25.872374967990368
549.938129901886
576.6413652896881
29.954628325671365
452.78592434804887
63.87959740977294
1340.865364074707
326.02333867549896
856.5359973907471
591.7764990329742
810.4103965759277
53.5574350327031
760.0285167694092
27.72364028618415
59.074174159090035
49.152774300659075
57.41390610178041
90.2243983411172
64.08252374756921
152.86142286285758
420.92251029610634
89.53510616009589
993.2517199516296
56.11532654915936
67.42329164381954
44.381106892780736
1034.4065389633179
61.25849980907515
497.7454240322113
505.39710915088654
22.077560898903812
118.5796160697937
18.531812189749985
7.020295932322028
16.542788766598733
419.3755684494972
686.7495882511139
38.98272737697698
4.661174135547526
506.56889176368713
38.14865027867563
7.006437913666787
1332.1182289123535
136.32800692133605
893.1026825904846
8.030616708043794
11.942847838604962
9.223753826390066
9.984189645031506
957.230694770813
26.69742810740354
7.280918705781119
22.881758162751794
31.002574864789494
11.47034053522566
125.03063830547035
447.16936361789703
10.853581801948394
21.560422379523516
20.878933848544534
7.775375066752304
315.46801072359085
15.33255446025214
4.102283146769537
1076.637110710144
654.5046620368958
987.2826290130615
651.1067111492157
7.395059067744569
635.7215571403503
15.473939686168478
19.17179332782871
5.568244347893483
15.473939686168478
235.39108324050903
4.1275520505294025
9.348737539430772
26.227174116298556
1068.4897317886353
700.9442200660706
38.86256984760985
6.172178728067934
9.490563781247943
8.868264260787328
7.750846048291578
5.4181852958807895
45.21830247183334
769.2268643379211
6.996758898712756
236.74149680137634
715.409047961235
468.15108609199524
35.127019391426074
36.29999703844078
66.20845835097134
32.61001093464438
42.42117741958464
308.91530844569206
61.8185872589238
162.1716551138088
635.5010600090027
64.17163479390729
275.92642813920975
64.8283584877936
462.2602508068085
411.2292657494545
278.13006392121315
72.44831785769202
627.1549320220947
64.30699569452554
697.6437542438507
77.02893787622452
745.6224589347839
194.8054140806198
49.53339086641063
91.37550309393555
49.02781750903705
45.274120000656694
111.84366875886917
1155.873212337494
83.85961474850774
699.8748381137848
83.96612675487995
46.2274022271522
460.0964459180832
41.236409800367255
1449.5993814468384
98.70219329651445
53.02780622935711
49.030777741223574
33.78769006778748
12.591331580204042
932.396589756012
29.28323137271218
14.204922687916223
24.122600523522124
18.85569653624043
28.75741683761953
437.6798540353775
12.576191526232037
26.08432846215692
24.994298747740686
22.070620051446554
603.98117852211
776.1170272827148
18.021430620838146
15.135028981922346
21.19778685587869
28.925306263787206
17.611872999830666
156.65111342445016
50.78835034620715
10.014498535445341
18.921561985598714
29.294603948190343
12.455168612980742
11.922891460337269
331.10796308517456
22.874068423190693
599.4183654785156
27.549196045350982
21.67551846777178
800.6756615638733
14.879335868590715
15.409784097195143
33.63550208269589
360.67403800040483
26.31926129805197
27.325498374499148
9.480140347989163
26.849964112228122
13.385864531885431
614.3129816055298
49.91443239002547
89.84929966084019
277.7228240594268
725.6217141151428
136.57408791780472
41.23293350513268
22.466959013603628
83.78222823014949
501.6405532360077
17.414801947792284
154.09589243971277
25.910058089895188
30.997833805766277
1013.8823657035828
264.8000060515478
227.92969352938235
16.31613545067762
245.15181170403957
73.26264818012714
232.15230458974838
20.557500945775928
51.592675742693245
25.13227617219377
14.020286896218067
424.73520547151566
14.383738275868609
19.096364824587226
97.62670410203282
100.46925735473633
41.60878586911883
21.392980417524086
201.07518999278545
23.295366113452474
27.922286630455346
304.80625689029694
257.73618280142546
25.733481051573108
10.809468953364217
34.562847619985405
364.57356268167496
83.78222823014949
19.096364824587226
32.31647196487518
25.78826892622419
12.035588769888022
324.064035564661
22.032646369189024
17.20379996387055
5.930144563337194
582.0035614967346
908.1357183456421
1.6091365898071217
1.8694088469322878
6.13503942235991
1.9023302926411816
2.3804089376975526
459.87814100272954
13.79313128871513
657.4239413738251
1.0796510077284438
11.06449779205468
458.7851560115814
3.653571815710052
3.474470667736796
146.72494919598103
1.5505079920147864
2.098790865066235
6.099727232889563
345.96489521861076
463.73901534080505
271.7702072430402
13.4057806028286
37.64037687925156
159.6252572007943
15.68137498552312
1169.507779121399
26.54654681473039
1494.038360118866
3.344640703825803
112.0308255078271
367.4577087908983
34.951735788970836
16.884676393237896
21.40136141772382
1.5323054650045833
282.2782462351024
4.821323320517195
2.975015585235724
4.1652928307855746
406.2577885389328
7.988386343565594
2.0503847524528283
5.011385423941647
831.1716556549072
875.311140537262
2.756052079379515
31.304824439590448
1329.8156156539917
293.02916142717004
52.74213936005253
58.14844837441342
93.95886424486525
1.2534111542117898
4.975086449690025
2.360388673021248
2.354725503196846
1.500117686821568
3.208476647794214
5.504879719067844
13.265506989574533
3.8771241279255264
2.755034529920522
6.894264479159574
5.344728248761385
255.83510752907023
2.3409963398987657
1.5336154933136186
5.3060130585818115
288.117355376482
1057.1598119735718
507.2459795475006
2.2891984841944577
1435.6336936950684
0.9316894800903128
280.59296337515116
401.16809076070786
18.697760567330988
297.47918939590454
2.806117022318176
4.815866216822769
2.0792985749075115
0.9859881780967044
369.00718677043915
1.4451756552148254
7.039783589879789
2.476506339232742
1.2014976882264818
11.7460797735705
1168.0416059494019
3.455849735863694
8.19866646502851
327.7547155953944
1124.5037007331848
295.9497871994972
471.47673058509827
59.39404036826454
635.565656542778
90.56237003952265
907.9339165687561
29.868381759530166
758.5126762390137
48.43126480933279
486.50786662101746
720.0374599695206
603.5082883834839
120.45716544985771
391.9431808590889
77.95783586241305
775.2181267738342
1279.046654701233
40.477557602172965
39.58473071485059
46.71895938552916
556.5724279880524
376.9384698867798
78.90865839552134
166.53012941777706
505.6606431007385
509.536283493042
291.94885075092316
511.2942066192627
656.7865936756134
432.53681683540344
544.8904755115509
115.35605835914612
320.0545211136341
126.75453196465969
571.7730855941772
73.81703087606002
39.68511426728219
44.07359798904508
17.865256840601887
759.1060838699341
30.77158804521605
588.3803453445435
50.7327751009725
56.24938499851851
269.5186097580008
61.303459610790014
25.316806392863327
88.5788005888462
30.50593672256946
514.9851062297821
649.4128623008728
62.57813514303416
1458.5707569122314
126.76091345987516
29.551466522221745
42.55704006223823
103.36574853211641
356.24398159980774
55.94873307645321
12.208129617930013
749.0682010650635
422.87369871139526
518.929957151413
64.39886922482401
676.3833892345428
29.702496982048615
915.2732772827148
336.16557551920414
463.7858347892761
17.741640650646332
31.591251068857332
624.0017421245575
62.229909742600285
467.9574295654893
94.47937218445009
13.403110045486187
46.76877356371551
663.2811214923859
12.575180437308518
314.9856255874038
214.8696205317974
26.081382779717842
17.270191335388404
94.23450961336493
32.716762850847545
191.86536158383694
301.3256102502346
15.815878535191587
34.08107435061913
552.3628624379635
759.9897384643555
460.7447156906128
369.2354238629341
10.610648107543625
12.459014884178487
743.9934256672859
556.2692692279816
14.117910562781503
12.331346192874094
16.04278629690714
12.514876690916026
441.28641976974905
864.3986344337463
321.33756686747074
13.224514322659957
900.6138110160828
26.860441924298584
22.084194869534258
21.159601742620225
25.16808498561909
13.215079509951579
642.4766159057617
18.521255116228076
26.625999182349915
23.647159837855952
123.03139401087537
31.42414950345369
129.1658346541226
50.33086830913089
124.98829003698484
143.49130348861217
57.78297295945231
1405.441333770752
56.056226589833386
198.3777631856501
647.4789530038834
123.56112442910671
859.5118460655212
668.8314533233643
108.24585728533566
139.3442974705249
87.7647935077548
577.6163885593414
367.4207320213318
915.6594042778015
1553.541160106659
69.71587032126263
60.66677513252944
371.82069104909897
456.89207577705383
652.0662162303925
855.9435663223267
159.78392236679792
58.33031344023766
118.3176085613668
75.81436526030302
120.2437977232039
1750.7009739875793
453.8931893110275
368.69315230846405
88.67884562164545
309.9402039498091
604.1092290878296
51.52787790214643
132.4611032307148
482.1408199071884
472.6832643970847
57.47058924130397
8.460721723677125
6.916523119954945
2.20100191329243
9.017488491365384
6.134232845515271
1048.619903087616
259.2727952003479
572.1110055446625
5.633595995731412
4.477856375708484
2.39597739448061
124.19753577141091
6.9196785103595175
968.7205963134766
8.63459878786216
19.665718875650782
874.1705808639526
134.64467726647854
3.301860033437606
14.937521961182938
289.42279452085495
887.8494684696198
1050.0691757202148
7.275396505490789
85.29720697551966
1068.6909446716309
865.8740940093994
25.772486082278192
72.4175494029405
631.6358036994934
62.57600674033165
7.815207829584324
4.879193549205411
375.90365076065063
5.367286041018815
7.913205122315048
790.6387605667114
408.8598175048828
40.600526585240004
6.31350807315232
20.388163662981242
12.579900065204129
14.83600652590394
5.13965381761227
11.805305148207026
8.716766387631651
646.1726431846619
39.587770267695305
1012.6768522262573
11.831261098122923
251.79400389641523
50.175973775738385
6.447603547995527
353.0527335703373
408.26905584335327
6.7315729172241845
3.8099517292422433
944.7217845916748
5.805099939258071
11.81494406296406
5.8141062068752944
731.9032558202744
837.2414829730988
134.64467726647854
1042.3393273353577
6.9196785103595175
12.328163041558582
30.159356652394308
14.881367876367221
12.570946158451989
19.811972269788384
6.7484164871348185
1.2729293357868983
1089.1370849609375
779.7876298427582
49.789247976616025
3.3062456158214673
7.06277829040846
655.0437352657318
1099.320538520813
2.39597739448061
2.8402989209807856
4.354001338163471
7.965451486685197
4.239175785389307
181.67112123966217
51.97334517625859
7.00125521784048
9.578027907591604
139.27288201451302
1268.9722785949707
452.17232513427734
1345.515793800354
4.932129746364353
3.3062456158214673
11.63916320365388
783.3604907989502
472.85330033302307
7.80996482228511
38.4597708480195
12.191619474472077
263.1246479311958
368.07668083906174
4.517016362078039
3.391850542550287
0.3257016490744036
189.08491022512317
242.06203292869031
8.558761790089306
1.1553316475042266
2.6975153382825283
1.6075637302653831
9.399046716162047
0.5378898517784592
1.527673643467665
1.0595518789361904
4.518863595036009
0.5038567809478991
2.482916032196954
8.749421406087663
16.85642487236703
295.93346297740936
2.225025267208707
372.36268778145313
19.041379516391316
405.07191729545593
8.418881942352868
15.519075337901086
31.98245572809583
3.2878077588150063
2.578120565817585
4.3525852047367835
1.6604096809663815
32.33275310348836
3.898889627208405
16.015568730126688
278.7893863208592
11.185089515918776
248.37475455756066
50.36379137661061
59.90537480532657
3.4879340442739704
22.301194133490867
10.253725001860175
6.405904208593142
262.26507248030975
218.46937987208366
6.044971431324257
934.1896891593933
633.4926462173462
1.3151707015420016
0.9274152029386187
15.469536824959505
3.4322669998028914
5.950734530896966
1.1046935156045947
387.70726550370455
22.14485613456145
12.309964273587184
0.9516565475917105
0.36887372876833524
387.5570904016495
250.87869759649038
36.276271681301296
1.0660090958273258
4.936441836096378
22.29951074624853
0.9792522911903916
4.205533151847021
10.08360724682359
342.80219346284866
3.203353719817642
0.2579434103964786
41.8554446849073
342.8874090327881
6.892910517181235
2.844278229941551
1.224614496841923
490.7064926624298
6.054544655900713
64.3838119674474
25.296358446590602
50.45726703107357
40.47758882504422
20.21547227492556
116.15117251873016
74.89632026603795
46.62692682445049
736.0987811088562
316.5518023967743
1312.2241892814636
383.8112733028829
14.9685135573136
12.832253141976253
499.4500662088394
374.3480110168457
415.4432398080826
95.87322272267193
167.20298629254103
20.959904103612644
334.52030766010284
24.18948024418205
798.9942870140076
15.296400817576796
31.99527108296752
706.9267625808716
416.5159785747528
41.944819422395085
90.12502527236938
41.3840304762125
22.03381803492084
418.8879816532135
1018.2759313583374
1049.3560366630554
57.09057688713074
19.728180576123123
25.422784260474145
86.56036269664764
34.32599725946784
705.1906366348267
352.46402072906494
53.327471263706684
26.307437028735876
22.58975680358708
83.76346530020237
15.524408059107373
40.11775737605058
18.963831394976296
14.72838461061474
1189.8198375701904
1380.4017400741577
20.483807526208693
91.43637838959694
23.21374922245741
39.81635730492417
49.97647859284916
29.338153548538685
23.505366917699575
34.434410743415356
57.50656872987747
87.44273500144482
12.499975605176587
22.882714813109487
19.34901900961995
45.80402382463217
514.258535861969
817.4688980579376
23.142596137244254
95.01310627534986
13.941446529468521
762.7509250640869
14.168885689767194
21.765281300598872
34.148815125226974
12.554782056268778
64.42682004347444
20.650579555047443
673.4988775253296
1304.9703931808472
22.349528485887276
25.804000020307285
274.99293315410614
1081.6155090332031
137.30000285804272
19.620111281052232
455.5419991016388
1086.102783203125
21.21166757424362
33.6502275839448
16.283350754063576
17.4070495821652
711.0488388538361
27.37174229696393
412.9513396322727
13.570131195476279
35.23641289770603
487.0249351263046
22.065438551129773
0.15068184320273303
3.169714172163367
0.4593563517103121
136.90461575239897
1126.4437847137451
972.192054271698
1509.867247581482
136.4757080040872
0.3024263419220006
1.639490448152742
2.19287470357267
3.7051130734448634
4.784533344734655
0.12821529862446823
5.629540823987213
0.2132615231159889
877.6051759719849
398.3038296699524
1164.4419956207275
0.9196073035376457
2.934720804445078
3.3399331273813004
2.9660423793831114
1.3732053513458595
14.64978468757181
1.284930544428903
6.79305473905697
1.6235788985439967
19.533715204582222
0.26788420841489824
909.6233434677124
1.2805883857760136
114.07788571715355
1.382559250560007
0.3559307236840823
3.165472935280377
8.139443123368665
1034.477174282074
0.6474913769091017
0.6929180104627903
417.6636921837926
1.217479284792148
613.4876749515533
27.401777879102156
487.71243047714233
1.9394269489619091
0.9139690770030029
1.2378734846863608
1419.9325060844421
0.6090384520399539
29.580046061758367
2.146514694397524
6.260185343157218
1.712386568453553
944.2607560157776
0.7914500272760279
2.2689492456723883
859.8261241912842
0.26029662252665275
956.5838708877563
3.0388940401901436
923.615728855133
703.0756142139435
0.32395442449455913
2.510557089794929
569.4714250564575
0.4413267198245876
825.1680569648743
1.0667415000061737
1209.8961553573608
4.979542621638075
616.0224640369415
2.7207872908516038
655.707034111023
2064.5587120056152
0.8455861198351613
2.375643635730057
2.2130060174739583
0.04561831998216803
0.323985692858173
3.195021017882709
2.424557028547838
353.8608718588948
1192.701506614685
1736.309045791626
1.9899245656542917
944.0925140380859
3.5857229168256026
1.8136643792264522
0.7093618948241556
1.3975945618522019
1675.1401691436768
0.3898195160212481
3.8789686512164963
1.1470218428369208
821.4618120193481
0.21801853919146197
1.867252714564529
1.1030294583456453
879.3767142295837
707.0810203552246
826.7879767417908
836.3980121612549
220.73516599833965
4.654677009706688
581.7592358514667
89.03325296239927
1382.818486213684
128.01223875582218
726.7547544240952
71.14376628538594
437.9272429943085
473.76123559474945
1476.5747294425964
35.74036670132773
16.235527080614702
4.146701438076207
220.26126456772909
1671.5088357925415
54.522922524251044
119.47690382227302
12.154425173882146
690.5065358877182
9.464140941105143
208.08917118236423
202.01520571485162
358.1684852093458
91.65647411346436
15.622742451097224
263.09547235816717
113.68422754108906
677.644357919693
7.2604561109585575
317.2157538961619
3.3581765101563406
17.28219857160002
44.20409583777655
1759.5721988677979
11.74670235911617
13.58861484263798
847.0905096530914
107.77044021245092
23.504231666127453
38.04510563146687
7.216861284352603
58.68285800982267
9.157617055688206
865.3058495521545
7.288559662672924
65.01393615850247
14.762791706877579
4.746180543392597
1125.2880010604858
13.204871003410403
141.70230850577354
820.4147877693176
681.2481778860092
1349.134006023407
15.716803962891163
1270.7124786376953
345.36263263225555
58.23916526790708
24.545758754817143
765.1585597991943
33.27827457123203
30.05220833607018
7.299296956853254
36.99553132518122
221.02359576150775
20.288828846935758
392.8786823749542
2.702415940845981
602.0098587274551
9.60596255038638
138.18233954906464
3.352500692615422
272.7859707772732
3.8277033139814876
22.630851129390066
1545.3786816596985
4.312355718588947
7.694023046340249
426.0173884630203
802.0173678398132
254.785181324929
1016.0224061012268
1179.0203523635864
218.50729866791517
3.8294582309223415
27.758602391113527
9.036566899218428
10.19742789131692
104.96133085340261
136.50607651472092
134.4595628976822
101.48647747188807
133.16974081099033
71.69998279958963
96.53371883183718
89.06933660805225
127.21721546724439
68.67378876311705
110.42089423816651
63.030232783115935
158.89371936768293
130.6912924561766
54.693873435258865
473.59791350364685
408.71577620506287
491.01109790802
104.20790845155716
68.54883743077517
128.94220946449786
1499.184760093689
53.43516544927843
76.51145996898413
908.2255873680115
320.0981518626213
48.53244756767526
1615.4518814086914
856.1305603981018
73.67437288211659
168.64141754806042
96.08892811788246
704.1413326263428
226.97356283664703
73.17734353244305
124.91530534438789
76.12588665203657
153.34924079477787
54.12614250667684
486.3697454929352
737.3403916358948
700.3382244110107
61.30439189448953
103.21099707484245
602.2963854074478
395.8436203598976
406.3176451527979
453.1033113002777
67.86952207570721
746.0930371284485
43.92821336374618
76.6922500571236
45.67899505299283
980.0273475646973
134.27959460765123
766.7351455688477
1376.4452333450317
977.7671113014221
68.2612562803115
222.88028721511364
32.1477031996983
46.400364151782924
218.53363275527954
111.91494128480554
77.76886591874063
801.918014883995
43.051167872686165
230.78947284817696
140.88019441068172
37.08176240321154
43.48870276263824
477.5220538377762
29.68827373082968
370.81632232666016
524.2417278289795
69.60648012324236
93.87204527962604
33.392039886261045
32.1477031996983
67.9685505097732
43.26516185777291
80.76787446747767
35.53860407870525
2921.843734741211
220.64713761210442
83.84367248043418
1398.3233156204224
76.37400300597074
27.620838873479443
32.69134329776625
55.102312248242015
1103.585669517517
32.77289031754481
58.74521433890186
76.34582956461236
50.841577493119985
35.605546118662005
49.595638290733405
31.826616366823487
79.4061501006363
558.6760101318359
66.21096786993803
32.1477031996983
29.68827373082968
32.19651579901438
87.977573399432
202.83709137141705
93.97222778107971
1063.2642369270325
49.670872476555815
37.83757150739257
1015.9568953514099
517.9185003042221
997.5027437210083
65.21325080105453
36.023892663963125
96.1886071828194
852.7407422065735
79.4061501006363
48.528927386279975
41.813388510251116
197.837201744318
37.83725085001788
146.37661386141554
293.8544968366623
76.33167478768155
998.5602068901062
303.05370543524623
463.2774735689163
103.33612104225904
174.93426656723022
75.50341935455799
205.1463282033801
297.64741373062134
468.65459418296814
58.109676035892335
83.18584390776232
104.9082278907299
31.00571842804493
66.52419915492646
36.28681027545554
135.3072590827942
33.55409699504435
282.45572635531425
399.5917668901384
62.58234297670424
576.8371007442474
234.83743560127914
393.5198100209236
690.6589629650116
501.11348831653595
62.57426128620864
39.164692277803624
143.35917736776173
335.5821148455143
30.699149706949356
48.30240901734214
410.2408332824707
273.4889460168779
31.21313877767534
488.82304644584656
300.9746526181698
164.9974595773965
