302.11559438705444
262.6864972114563
59.51887220144272
283.4959478378296
34.84925417602062
77.64249229431152
201.4390368461609
33.454564650543034
15.973233448341489
289.45746517181396
29.139499500393867
47.43087028712034
30.011114828288555
162.18654930591583
16.22005119547248
164.56348884105682
86.68743371963501
51.73918826878071
362.68154096603394
25.242156639695168
38.02011605724692
65.83392202854156
44.409171387553215
52.31345823407173
16.526033229776658
356.8461775779724
65.02186357975006
228.43580532073975
34.61715006828308
154.86319851875305
338.1160912513733
19.632847672328353
59.75562399625778
28.229046054184437
397.81521797180176
269.83259201049805
98.87530815601349
26.186765111982822
13.926283368840814
54.99225487932563
297.22733783721924
29.694745399057865
384.6080403327942
441.5618257522583
226.40726137161255
208.5371642112732
49.828385680913925
18.853095952421427
19.326702379621565
39.18129041790962
98.63079804182053
20.29870247654617
333.3801589012146
224.07038569450378
71.75044924765825
57.70905616134405
397.39780616760254
18.229371778666973
77.34227752685547
187.005229473114
258.34998321533203
33.25964082684368
291.9023461341858
30.091364720836282
346.2680959701538
230.49158239364624
68.79091316461563
432.93398904800415
69.5493691265583
47.19883396476507
363.8155255317688
31.86741555482149
225.01251459121704
26.946198120713234
353.524573802948
382.99164390563965
23.329400175251067
324.2059087753296
129.87107157707214
21.594138450920582
15.997213139664382
199.20514297485352
334.6535310745239
395.98877906799316
38.05340838432312
360.93327713012695
14.600015182513744
238.3203740119934
38.144760608673096
359.9970302581787
280.7821536064148
288.0145468711853
311.73696279525757
62.65276825428009
251.6732201576233
231.67854404449463
49.883158817887306
140.51941430568695
23.011662968667224
115.65476393699646
218.8077461719513
36.63291870802641
161.39398860931396
31.773465604288504
124.72818323969841
36.844935363158584
58.50849962234497
183.94252562522888
51.78512937948108
233.4929780960083
39.33746685087681
160.0157904624939
186.47087144851685
41.31934575177729
98.06729793548584
69.2114400267601
53.6571544110775
54.23882520198822
241.3592963218689
340.0251817703247
243.5100212097168
269.0924220085144
94.43007934093475
163.039288520813
41.88660454005003
94.4462537765503
31.70818365737796
38.55884838104248
337.4630169868469
56.74916549026966
36.634120397269726
144.4808429479599
186.79287266731262
56.401810988783836
112.80377280712128
277.86149311065674
27.47625047340989
50.916081711649895
131.38849914073944
120.43235194683075
278.5255048274994
303.75985383987427
27.399638526607305
17.506282863672823
281.8540816307068
229.98969745635986
258.45204162597656
116.2930120229721
39.51338966470212
92.69880032539368
58.00572507083416
241.3265175819397
219.14996147155762
154.1211221218109
34.43836771696806
88.97816330194473
55.28501054644585
34.00697289407253
204.1048562526703
234.88193225860596
278.90670919418335
79.47092121839523
43.26715335994959
198.6624298095703
94.78624206781387
249.97687363624573
42.78890914656222
31.22581582888961
106.84637281298637
32.298297584056854
54.07455337047577
26.247531736269593
174.61461925506592
372.3614773750305
208.54228568077087
138.6500391960144
39.34450317174196
272.51040172576904
360.5068836212158
38.46970370039344
45.122157245874405
140.48240494728088
26.877098767086864
316.8610415458679
26.910357246058993
17.736467959359288
23.58180390734924
51.201756082475185
293.6455616950989
293.08402585983276
10.312272438313812
264.07624340057373
14.802932948747184
177.7719943523407
12.405617091804743
197.93970656394958
207.55447912216187
23.500912219285965
31.059254676103592
20.899084283970296
177.9274628162384
46.70016750693321
244.5038788318634
15.232078516855836
12.058988919947296
266.5560607910156
280.8354594707489
271.48953342437744
62.601908177137375
268.69131231307983
14.167898863670416
46.624482937157154
16.883389357477427
48.87907725945115
82.11083620786667
112.96056795120239
235.68754887580872
50.199474319815636
87.68170483410358
22.197390225250274
183.73753249645233
354.05783462524414
50.028163239359856
13.222886639108765
174.40413522720337
198.16769695281982
18.465801398269832
235.32773208618164
122.29608500003815
252.70690393447876
205.39238142967224
259.0891532897949
289.91633224487305
227.89877152442932
295.9932141304016
12.193039250560105
27.473362434655428
57.714406222105026
29.841793954372406
28.319108399562538
65.12376087903976
25.226373297162354
275.4127531051636
406.9468717575073
246.69727611541748
67.61011381493881
9.324854659906123
23.335834998637438
17.67047670914326
27.000868862960488
45.95183372218162
214.6279797554016
13.193852481374051
335.18864154815674
16.519261181354523
252.07077050209045
306.9927144050598
14.843060622923076
48.13362608663738
25.68633264489472
29.345692589879036
25.68221114203334
10.46332014206564
196.53903150558472
182.26679944992065
14.26150801870972
72.73138342797756
19.823297423310578
115.28163689374924
23.62903605744941
187.02570462226868
135.79223835468292
241.98005771636963
151.35214972496033
202.1132001876831
32.6104841530323
23.436257054447196
372.4981393814087
30.93132760748267
14.370443247258663
13.451844847295433
16.551287022186443
22.59313398040831
16.782444203156047
158.5322825908661
10.956190158613026
350.84788179397583
204.1609241962433
16.76741528324783
236.45686864852905
40.35738219320774
289.1783308982849
14.02094419207424
220.57931280136108
308.9807815551758
91.38114440441132
322.9012517929077
154.15654468536377
143.6063768863678
153.50430965423584
160.9697926044464
213.67514324188232
247.07406330108643
80.1993836760521
92.25474208593369
19.996521547436714
209.7731909751892
292.5185070037842
12.605276667512953
241.03279542922974
288.6745796203613
30.608505122363567
22.8088476867415
44.07878901809454
57.62893918156624
11.502513247542083
246.5138807296753
13.25666705518961
250.7503685951233
30.16977969557047
189.02027988433838
45.37504073232412
76.17746478319168
58.474685937166214
191.45408630371094
53.50070510804653
30.045570697635412
193.84656310081482
145.47044682502747
183.73950338363647
13.986173607409
7.859614109998802
95.33561754226685
33.68055037409067
47.5146093852818
38.31316637992859
86.14860233431682
22.34855491667986
224.7340898513794
234.2045168876648
7.859614109998802
109.39335915446281
18.00968177150935
162.74016427993774
53.439496642909944
196.31441831588745
228.94672298431396
102.10562002658844
275.62374114990234
146.8245759010315
187.00886940956116
202.1198410987854
158.06900835037231
51.38604563474655
24.88124832138419
279.61043787002563
178.63040018081665
22.89839207753539
165.85513353347778
86.59887897968292
21.629845283925533
17.32629904896021
34.27990122884512
22.824261682806537
254.985004901886
24.345087981782854
7.996053898590617
169.2650249004364
7.859614109998802
25.722611166536808
189.9952130317688
192.37969398498535
205.33170080184937
25.36413886770606
141.63112545013428
39.49396460130811
20.90967438276857
194.91287517547607
61.63981484621763
246.2737898826599
158.39380383491516
19.679392987396568
171.92221927642822
15.336486228741705
52.622606325894594
245.228675365448
163.68985146284103
86.96477173268795
70.26969818770885
41.30922253616154
72.37418577075005
196.0366554260254
53.69185796380043
238.64037418365479
147.92272782325745
76.44933098554611
36.579294935800135
208.11765146255493
50.444511111825705
112.3314258158207
103.24875846505165
102.03608347475529
62.62130510807037
93.58358534425497
49.30189984641038
36.745331856422126
206.00163316726685
198.9487156867981
95.41343200206757
110.11015337705612
162.53784203529358
170.24878787994385
71.10572883486748
187.27901530265808
101.19211106188595
176.81544947624207
174.71699857711792
298.9711833000183
66.92230645567179
153.98208194971085
63.19552671909332
160.54436874389648
123.34707975387573
35.5357312541455
168.28607654571533
175.5771006345749
40.62961427215487
45.69501659274101
57.19420935213566
158.0987263917923
140.14611756801605
107.63096678256989
174.2244668006897
99.15640085935593
101.78944644331932
140.5852997303009
38.25825739465654
111.04032009840012
104.11186698079109
215.0611503124237
234.19865155220032
150.89671909809113
101.52894315123558
223.8087899684906
33.21983590023592
215.91421127319336
73.22871646285057
86.71247947961092
97.71175849437714
58.86496448144317
123.66550862789154
82.07576408982277
97.5593067407608
144.12567913532257
67.91312052123249
78.282669454813
160.16489338874817
64.13329789415002
114.1467553973198
30.123473825398833
61.505210493691266
154.24552762508392
274.8173761367798
186.56856417655945
219.1066539287567
126.605439260602
169.1450891494751
172.3681343793869
76.24457782506943
109.5828195810318
55.356747690588236
198.40005534887314
91.99566626548767
194.50141263008118
47.14931841008365
166.8380810022354
75.59989732503891
45.69166794791818
86.95725876092911
200.68098092079163
218.2236852645874
171.15917563438416
65.57002638280392
153.77132314443588
232.1364607810974
12.898862406611443
175.91965103149414
5.235122443526052
158.34878945350647
19.337713221088052
32.2661287933588
70.27282366156578
11.09180460544303
53.40903061628342
24.740355722606182
149.67862129211426
13.46323528769426
29.301388265565038
189.81537199020386
76.03025275468826
34.50444106757641
16.304071265039966
63.94841322302818
6.86558665568009
20.627269227057695
54.039402812719345
22.639771059155464
207.54577827453613
257.95688104629517
13.490175824612379
186.77670907974243
7.413140201475471
185.2501664161682
22.639771059155464
195.87648153305054
25.25241662748158
156.78939938545227
169.26918125152588
14.60994269233197
20.627269227057695
246.19950437545776
24.164980580098927
52.787388533353806
219.19402694702148
207.09071111679077
17.265483635885175
306.53558254241943
258.21476888656616
36.44151275418699
14.657238060608506
80.47493922710419
235.76208972930908
256.28672885894775
75.04290795326233
22.286622405052185
13.261314083822072
335.8836364746094
170.95205903053284
317.3441872596741
188.50100827217102
228.33795976638794
260.0260910987854
32.895748239941895
22.536756198853254
35.02929329872131
266.1609597206116
17.64438071846962
11.152039759093896
15.692843560129404
31.050358878448606
188.2164170742035
17.075600240379572
184.19799637794495
16.922511554555967
17.57755124475807
9.984209510032088
172.50968861579895
27.48057889798656
203.6091275215149
18.730067374184728
23.123258963227272
13.16331325750798
18.564698273316026
9.605511221569031
48.05921859294176
7.926414699992165
71.90240198373795
302.35716438293457
142.27745366096497
169.0844568014145
7.926414699992165
145.09296417236328
196.17919898033142
31.54244862496853
22.536756198853254
324.8967056274414
71.8957789838314
74.8250627219677
17.64438071846962
25.71840539947152
23.836488237371668
214.66634917259216
21.329563294537365
281.16165256500244
2.0720381910796277
3.095144914658704
4.797678273404017
113.67683982849121
5.698608226142824
280.08352851867676
6.270632031955756
11.421993229538202
12.664338605478406
1.6853464815794723
256.0911154747009
119.93824970722198
5.247109677642584
103.91173487901688
115.31746137142181
1.5858672361064237
5.022174199926667
5.1013746683020145
140.33195614814758
13.275829986669123
7.933143752161413
1.08492116529942
5.136320014717057
1.9590573524474166
0.8761191317225894
40.46561311860569
296.5284152030945
2.516160918516107
3.1121508785217884
6.913231372367591
1.7907719367412938
15.933520583435893
4.358085979241878
228.99338626861572
4.54038028499599
109.74681693315506
1.0344117394222394
56.01354330778122
193.09000754356384
188.40613460540771
10.652229918632656
22.214287772076204
19.854362877085805
57.57608653511852
111.79882407188416
256.5814576148987
5.435813095289632
3.673901734640822
10.417943055275828
373.48235034942627
161.99799048900604
4.713696933959
0.6500815039362351
6.609543353319168
1.675610099190635
123.68526923656464
2.0791216942161554
141.83932733535767
93.2024568170309
144.55187702178955
4.106116212380584
12.978529093321413
1.4581819200247992
1.2168322676443495
22.36501953890547
151.8707046508789
200.86755108833313
213.22457933425903
273.42017126083374
57.86014801263809
132.75963926315308
349.7907214164734
9.371976174996234
203.74649000167847
1.9428894632371794
159.2064049243927
3.673901734640822
234.72822856903076
7.82980069849873
70.51250302791595
2.992759976263187
151.1967489719391
11.430581748471013
1.069479226887779
6.645954786799848
14.566730307415128
186.99096989631653
5.812482989626005
2.73295415379107
139.87433981895447
11.120639936998487
140.60678505897522
215.33786869049072
4.4917747240979224
1.7051744877859392
4.184642628766596
35.552587285637856
8.053295805846574
117.09884893894196
4.459280427312478
221.41285037994385
1.9273089181951946
8.912997229024768
8.912997229024768
2.9978533159010112
8.912997229024768
250.32972288131714
4.34537888423074
16.70033694151789
4.70574891124852
150.69045901298523
112.89014053344727
4.240009613626171
198.70397686958313
10.610511623322964
5.505253792973235
232.0602946281433
140.00649881362915
85.66567206382751
201.94173049926758
57.213223576545715
3.8525387039408088
36.704056680202484
5.456131258048117
19.272878777235746
203.15362405776978
55.671868205070496
4.8395703752175905
234.08114194869995
100.1019959449768
195.44059777259827
18.260910399258137
279.4282431602478
7.0444787396118045
1.4552754400647245
100.29934561252594
6.68417090177536
2.882391998777166
2.360917970421724
165.33327627182007
6.016743140760809
1.0557336925994605
12.54520932212472
160.5032172203064
11.219872012734413
131.17271971702576
156.17976546287537
11.400077044963837
157.60722613334656
6.468931614421308
19.706404455006123
230.06653308868408
204.80507564544678
173.4032120704651
20.351003938354552
260.01462602615356
161.42094826698303
226.34905862808228
19.804391860961914
137.62321519851685
216.8482325077057
27.50671710073948
26.09944423660636
16.566199481487274
140.4942353963852
78.54947298765182
5.186123113147914
50.526567339897156
11.049959695897996
5.6335116401314735
152.8128957748413
223.6135323047638
18.057413345202804
14.484169632196426
15.280070252716541
184.63052225112915
202.4301302433014
94.9393772482872
4.1538651986047626
1.5160169378941646
42.537976533174515
2.0126509825167886
213.6823399066925
147.87539839744568
28.420223001390696
4.240009613626171
35.6160264313221
10.863616924732924
18.186128225177526
18.417314179241657
7.567214188165963
305.06538438796997
2.1003081970848143
3.326796130044386
2.075998432817869
2.554414745187387
61.12788510322571
3.2410843828693032
1.8433092585473787
162.13903522491455
86.68134903907776
255.28720808029175
16.958680926356465
24.44548790436238
69.54183903336525
17.043770011514425
26.63692225329578
20.432327963411808
298.8192663192749
318.69206953048706
224.4945616722107
373.92399883270264
26.125653449445963
14.141272796317935
119.53158414363861
81.7418252825737
26.91768193244934
175.90735578536987
119.11773264408112
314.4280505180359
14.535626772791147
338.59214782714844
357.18063163757324
244.6089186668396
22.17976756952703
32.70043659955263
14.214607007801533
80.64352639019489
15.199518057517707
161.47799038887024
24.860366243170574
12.406878994777799
14.121535760408733
56.869168661534786
8.734565357211977
215.09610605239868
25.987133763730526
69.41985884308815
175.2367193698883
168.1983333826065
204.6527442932129
260.8599371910095
18.104267709888518
202.70332527160645
63.499821215867996
131.15884232521057
46.42924936115742
82.79506933689117
43.662906885147095
22.32570492476225
22.01060142694041
231.48018646240234
26.93273782543838
19.451616033911705
13.228940973989666
354.35175037384033
95.37799467146397
19.25878813676536
155.4088032245636
299.1530303955078
159.5461664199829
65.99915820360184
289.290913105011
5.573550444911234
18.84389210725203
222.3791742324829
216.58113145828247
208.87533020973206
235.51980590820312
24.820647928514518
78.70765674114227
24.820647928514518
311.44514560699463
12.935722433030605
321.0369029045105
42.344139754772186
35.59262081235647
17.443621074780822
213.20857906341553
15.23910778015852
17.30208225362003
38.26553589105606
203.12993955612183
13.156877773930319
22.75172512885183
321.6269431114197
124.95141386985779
176.48456060886383
48.91997730731964
27.437359139323235
13.23627358302474
34.20498912036419
283.75376892089844
56.09166410751641
54.540743712335825
251.7871446609497
70.99164146184921
127.20118069648743
104.30896353721619
75.94420355558395
92.14944976568222
26.9676878657192
244.51779794692993
202.66161394119263
53.23383304476738
357.198450088501
268.9574751853943
90.73148822784424
190.8394365310669
98.99482521414757
43.026020750403404
261.1826686859131
121.80720102787018
43.29241695255041
12.41617768094875
36.621884462889284
120.82422040402889
279.3017325401306
65.99738603830338
243.12526106834412
211.32988452911377
42.05342654325068
269.29449701309204
76.42271813750267
248.03034019470215
181.94262862205505
67.2772281318903
70.12300683185458
40.783761102706194
31.46860667038709
35.256611386314034
31.003118357621133
69.85207828879356
38.780700981616974
287.45002365112305
48.41100164502859
30.076331176795065
25.756682655774057
32.35696052736603
153.44839000701904
100.69266843795776
70.23845833912492
51.38896560668945
185.25104999542236
163.1644275188446
209.21994471549988
109.50083243846893
168.4908411502838
79.05955970287323
93.36149299144745
49.94573187828064
132.19929006695747
156.99143528938293
90.97854024171829
310.93716526031494
25.406194764189422
116.04677517712116
44.70734940469265
89.35123038291931
82.37906957790256
46.15920877456665
194.41453576087952
31.773729797452688
295.51625537872314
98.79876080714166
69.62294417619705
98.79876080714166
55.26203994452953
79.38689107447863
70.23845833912492
347.2816758155823
125.92699337005615
81.88046184182167
79.38689107447863
297.24740648269653
85.5437912940979
24.868964605033398
214.8747594356537
93.35945400595665
23.929130845703185
87.53397110104561
295.64411878585815
39.53596640191972
49.043428083881736
77.87642705440521
257.2770471572876
69.86040052771568
359.1327004432678
54.60146552324295
80.36449865996838
10.580694760195911
167.50753378868103
25.55146215634886
303.0868616104126
38.30653000622988
227.76324486732483
223.76439929008484
29.083948929794133
108.37505638599396
229.11115217208862
145.13269698619843
186.98577201366425
12.113068317063153
252.20613729953766
60.68584621651098
19.617012381975655
199.93928861618042
120.39910197257996
16.69068690855056
223.21290183067322
104.1451056599617
102.45484161376953
252.33686685562134
11.534995274618268
27.05166039383039
86.53099000453949
201.39530563354492
8.022771439049393
25.176134906709194
46.20650506392121
184.55283164978027
9.216205245931633
13.53377952054143
65.31997404620051
253.78802871704102
81.2600921317935
163.82619047164917
41.53430416248739
33.33574020862579
17.603976462589344
53.90168979205191
239.53882217407227
24.069136902689934
200.72005915641785
107.6728281378746
244.60694026947021
143.72337079048157
9.04865087516373
15.875406499952078
201.91064929962158
135.59439539909363
225.1931347846985
16.38497996190563
21.113594270776957
12.729091259650886
14.83031951636076
89.12566429376602
23.551450733095407
280.27889823913574
134.82304626703262
6.299032448150683
67.48919925093651
150.29913556575775
22.492746124975383
24.12988585419953
195.78452467918396
120.79815781116486
9.991229446604848
116.65192711353302
4.205910619930364
458.99517917633057
23.53759253025055
30.447269704192877
268.608980178833
8.340249603672419
194.26129174232483
12.09186648298055
19.227470220066607
14.601255236426368
88.72110572457314
18.669046100229025
276.31539011001587
67.54618349671364
185.26389026641846
151.6467295885086
9.791242002975196
233.64398908615112
201.1970784664154
43.62140813958831
120.1329698562622
11.59619489472243
149.0607578754425
179.13056361675262
14.376783716492355
19.866829939186573
257.3206763267517
20.846384052187204
11.970526919234544
205.9713888168335
7.296121023129672
147.30611509084702
358.0505166053772
335.68738746643066
285.3053050041199
81.08495831489563
167.46461176872253
258.0759572982788
22.476340593770146
234.31720685958862
337.49103355407715
228.09665060043335
17.41168263554573
8.70590019482188
223.33415699005127
23.189266834408045
10.972059537889436
11.364762423560023
12.09135845163837
11.960660984739661
169.25109553337097
306.31499195098877
8.991452153772116
8.801082289777696
30.21557679027319
26.16804799437523
270.221962928772
16.576226856093854
30.87966950237751
20.565649285912514
223.00028610229492
254.46693420410156
249.12975883483887
11.917088748887181
13.884826762601733
37.92083087563515
224.7897367477417
15.590206077322364
266.04944372177124
219.544988155365
308.2989139556885
12.208165880525485
277.9310712814331
312.6375050544739
15.840822000056505
307.96364307403564
304.1230978965759
17.481129817664623
22.607892025262117
32.145230144262314
311.8381142616272
15.435202801600099
176.37310361862183
274.8043909072876
22.456499167717993
17.37105561979115
67.89551961421967
19.849867284297943
21.27072058059275
272.8625445365906
263.84409046173096
16.445721298456192
294.68145990371704
197.64195251464844
12.816685477271676
12.255220574326813
17.7120718434453
14.186022659530863
12.446176848374307
12.279421376530081
9.40156851534266
34.25070431828499
266.99802827835083
25.76135052740574
28.940978225320578
14.060726986266673
385.8942232131958
89.6432954967022
134.5249695777893
48.70554627105594
319.5096502304077
104.31705865263939
49.38230503350496
45.15002502501011
73.1176846921444
98.94661861658096
221.8309509754181
302.45879888534546
233.3020417690277
39.947168964892626
60.75318792462349
225.79200148582458
168.5641987323761
146.2573127746582
126.3081464767456
142.82515335083008
124.46610069274902
44.0144260302186
90.87348791956902
164.6847505569458
77.25362640619278
123.70094287395477
208.70140385627747
282.54187297821045
110.94787096977234
263.70918560028076
131.32072794437408
149.90602087974548
201.4380259513855
189.69789028167725
109.85129065811634
78.99232065677643
216.68923544883728
252.94531297683716
246.10326194763184
117.69863963127136
237.82712161540985
118.47843742370605
137.5721536874771
172.93806290626526
205.99079775810242
334.794988155365
195.75980186462402
194.87636852264404
116.90916401147842
118.85383796691895
112.4527839422226
77.64204984903336
210.49493026733398
198.18031829595566
190.28456854820251
87.2373976111412
241.41083908081055
333.49935483932495
50.54868891835213
239.62081170082092
227.51172971725464
85.66818177700043
217.32156991958618
51.50936523079872
70.97621920704842
65.0641717761755
242.38586521148682
111.90350997447968
111.37019383907318
156.5138075351715
130.79800057411194
99.36106643080711
211.89360761642456
201.67149019241333
130.0688089132309
147.14066469669342
155.25664031505585
113.75676846504211
162.06178283691406
131.68524551391602
131.09223854541779
62.097603261470795
90.70483499765396
321.20494747161865
145.4283071756363
130.06318300962448
201.1727533340454
71.91151947528124
338.3889636993408
245.59353494644165
217.26171922683716
130.56614059209824
60.4872220903635
108.61979751288891
75.97921960800886
151.4388325214386
128.4033910036087
182.9376184940338
255.6160387992859
292.1604743003845
259.7325773239136
272.36633586883545
16.70170321315527
258.2209405899048
48.95978935435414
16.64925822429359
10.52655693423003
7.307655372133013
20.336276583373547
6.3079480833839625
23.102857382968068
11.20340630877763
33.44660960137844
163.2393250465393
7.704124407551717
273.70284700393677
200.28985738754272
17.651829790323973
204.77080917358398
8.207860434427857
231.42663955688477
6.090734910685569
32.29319065064192
217.2990436553955
238.29057502746582
34.54562130570412
10.296133446507156
146.52698874473572
199.21151304244995
22.215699138119817
229.2481861114502
15.934320911765099
11.84939390537329
12.743010196834803
46.19690182805061
10.75922243198147
338.3469457626343
55.65092545747757
289.3271760940552
9.171002173796296
18.931051277555525
17.386020481586456
42.690871834754944
9.661364649655297
15.300558239221573
290.4135546684265
14.565708483802155
7.083007120771072
284.5871686935425
160.35136127471924
115.81238436698914
7.872093773912638
254.01233434677124
10.888788253068924
20.200031779706478
17.44313833490014
29.840478867292404
220.25921297073364
190.94485640525818
9.747576703317463
483.18516540527344
14.057221753988415
11.240013665519655
50.27658835798502
152.59802436828613
36.776907328516245
10.626571687869728
33.5894189607352
14.481769755482674
41.79692590236664
12.408936824882403
19.589178171765525
124.20302844047546
6.606456674169749
28.967198342084885
234.78923988342285
9.697387055959553
140.35968351364136
7.7329030313994735
246.91171741485596
16.101183909922838
50.394146129488945
234.1677370071411
216.09423065185547
156.58786170184612
242.3325924873352
270.34866762161255
189.01520252227783
296.52466440200806
14.856476463377476
16.327355407178402
189.3726133108139
299.55198526382446
286.4265217781067
267.10909843444824
223.2662467956543
36.88683478906751
56.7218205742538
116.84661030769348
156.44330096244812
40.44528016075492
57.77776752412319
306.87082624435425
291.6849637031555
42.75828129798174
103.70817184448242
33.09802273334935
97.91584539413452
23.568309641908854
270.89511346817017
276.29366397857666
72.8086204379797
352.9873971939087
256.99466037750244
58.90317165851593
69.13611254841089
288.9733889102936
289.552237033844
28.076067075133324
329.9205803871155
429.95975399017334
283.87772369384766
143.80542874336243
53.523989267647266
28.076067075133324
105.96808230876923
51.52864149212837
33.75135112646967
213.9524998664856
50.428787514567375
265.84166955947876
40.44528016075492
330.4297242164612
195.09529733657837
110.29182267189026
87.43134239315987
118.04071617126465
206.00069046020508
218.791916847229
52.589881896972656
46.71608114987612
87.67223586142063
102.47108197212219
29.15416236408055
249.97906017303467
85.34296190738678
33.342859357595444
194.34537839889526
52.821578711271286
131.54710060358047
179.5467233657837
128.12177968025208
53.523989267647266
39.73172678425908
43.69901293516159
115.42140084505081
203.1840226650238
35.11468419805169
32.04566946811974
33.342859357595444
23.568309641908854
56.8355559669435
200.7640357017517
58.40947172045708
172.21209740638733
54.98807632923126
85.37175357341766
222.0575098991394
221.02914142608643
179.2548909187317
154.03722882270813
341.15475273132324
329.22497844696045
77.97092670202255
59.96217621862888
114.25970995426178
232.05414581298828
203.1840226650238
27.769632816314697
74.5260414481163
297.7858576774597
84.80141386389732
52.849031783640385
26.053901959210634
33.61877284757793
45.40871762484312
100.40231108665466
309.62675952911377
2.2130231326736975
8.179907425772399
97.550133228302
67.17383117601275
8.339007663844313
11.387707740417682
285.9966058731079
161.29271841049194
198.8651647567749
129.98301377892494
7.601229465205506
6.414931474952027
45.924743220210075
33.96678605675697
13.736260252073407
19.269767053308897
9.675115279154852
18.996087975800037
198.94515824317932
5.750115753733553
4.428930395617499
195.3566677570343
179.70988512039185
10.626246937317774
167.76015973091125
202.90386962890625
7.315037947410019
1.7716646921428492
71.14480572938919
8.087954280199483
4.350345249935344
72.2917067706585
14.69745258113835
148.31697618961334
74.97843497991562
223.54364204406738
147.74147415161133
8.772902878641617
7.260236083166092
164.7715995311737
6.99147238326259
126.13217735290527
76.51313915848732
211.33787727355957
14.960912755341269
4.561350371239314
102.2478758096695
25.330109996255487
62.64403250813484
98.35786339640617
207.3498044013977
3.0878714962782396
6.687038909825787
11.975489853426552
3.970998893453725
14.405191004101653
8.812105969554977
6.893706726772507
11.86909154849127
175.6574685573578
145.8835587501526
158.40038019418716
24.116096060723066
63.60219684243202
143.4559012055397
13.261029204702936
216.28099298477173
156.87653321027756
147.71170914173126
4.605445384251652
285.9465341567993
7.271134171402082
240.77985954284668
260.2607612609863
169.97092509269714
12.224748679553159
234.4297490119934
8.442975069672684
299.45243763923645
14.78492709287093
64.50630256533623
317.36031675338745
5.068606923829066
9.276578966528177
17.217264467733912
58.782344445586205
22.200219744932838
201.43553590774536
362.58494758605957
5.143738654762274
10.877767128054984
2.7877765587454633
183.62916553020477
203.55836057662964
8.125400288350647
12.317841061390936
26.54632562957704
187.12911891937256
8.39685028214808
308.0511450767517
14.692332861945033
8.944922728725942
28.656901583075523
279.73380041122437
20.984056297689676
27.874472234398127
13.878980307432357
360.5650625228882
19.535282746888697
20.991709887515754
308.38234186172485
28.64471919182688
172.39319610595703
265.38362216949463
262.9752426147461
25.170757060870528
22.17178900167346
15.557043774519116
21.15208425745368
31.1689008846879
306.07586669921875
381.9418668746948
278.0314521789551
220.68280410766602
256.7439651489258
181.21928453445435
310.9936304092407
23.90368754370138
47.89861026406288
8.452508650836535
31.264056915417314
28.39698577299714
17.061887835152447
19.82888361555524
233.79286932945251
16.94318553560879
174.10901951789856
324.460919380188
28.72638326138258
16.606709842570126
195.72982168197632
37.365442912094295
17.645649922080338
269.494291305542
29.142364067025483
27.059216521680355
214.00827431678772
14.73648009635508
283.8140344619751
313.2302589416504
11.16486163251102
278.2277994155884
205.18831586837769
270.89050340652466
14.002771805244265
18.52717192284763
53.685500249266624
36.81480802502483
52.824576780200005
54.43781977053732
16.472562532755546
12.724028132273816
21.571478344500065
126.74294924736023
314.8808374404907
267.83430910110474
170.82299375534058
241.09001111984253
45.08304735273123
277.209095954895
67.86486428976059
23.77016654610634
16.94318553560879
253.47622060775757
16.8831659052521
31.143854454159737
19.402627125382423
17.031402023509145
57.27724750339985
11.170939250150695
10.918433127255412
18.847578041255474
16.245919685112312
15.148957546974998
33.68239823309705
209.1807508468628
32.07009314652532
325.6253137588501
279.5475277900696
27.376027387101203
100.54678273200989
219.53676176071167
288.131227016449
16.048895393498242
114.5141350030899
202.2747185230255
240.46827363967896
19.612514243926853
186.01151371002197
96.63101702928543
96.25468528270721
66.66480823606253
286.10751390457153
273.76185178756714
61.90576881170273
122.24931204319
287.4106674194336
145.2874264717102
33.727319441735744
45.05109491944313
26.169543464668095
63.713533371686935
356.9883232116699
129.14818954467773
216.33441734313965
99.30563469231129
158.27300548553467
263.17666816711426
133.94178175926208
198.64353394508362
95.33908748626709
222.5961503982544
142.8366152048111
359.84116888046265
60.1972873210907
159.89754021167755
71.14894664287567
60.93786849081516
53.29849594831467
230.16805744171143
25.20891065536125
180.9833551645279
42.96554205939174
52.67621522396803
62.9476965945214
26.563827438338194
357.86065006256104
104.4621034860611
259.40486192703247
195.20729637145996
175.37650680541992
40.923537477850914
295.61694288253784
266.9035110473633
144.7120234966278
349.7060422897339
41.149087246507406
60.79125505685806
39.24241356551647
71.19409394264221
26.16291117761284
26.352155290544033
42.02190203219652
90.56246900558472
243.63093900680542
41.2437441945076
45.261398017406464
26.48350704461336
44.565550088882446
166.86281657218933
229.97591400146484
34.24863599333912
295.1137466430664
235.00560808181763
51.75764308124781
305.19938468933105
54.52208789810538
78.62446430325508
179.92747974395752
125.46878480911255
231.92750906944275
31.32754910364747
31.072919866535813
218.74245834350586
183.9683120250702
73.78913477063179
39.7600374519825
194.7862218618393
309.285138130188
32.44112466648221
237.63314819335938
142.88859295845032
243.3237020969391
272.28476667404175
53.964955657720566
36.65965345129371
71.28534683585167
24.373496833257377
34.77187555283308
76.52001667022705
210.81411504745483
60.122752130031586
124.25119280815125
392.41628408432007
206.2921426296234
133.7976931333542
18.754891929449514
224.22626376152039
220.9093780517578
19.48770905099809
267.52114963531494
171.3993501663208
60.41091772913933
281.63082218170166
344.0130352973938
162.13368916511536
19.07368677877821
25.747191548580304
22.047582992585376
145.34643507003784
63.61128152906895
13.576270119985566
332.76432275772095
15.306756157893687
164.2113537788391
21.787859415693674
143.39639174938202
177.79838752746582
13.220704299397767
165.63389039039612
49.35276034474373
217.19010543823242
16.621476888656616
107.40583787858486
183.58599549531937
90.54284131526947
34.4950758041814
15.966912191244774
415.2286400794983
16.497369946169783
13.871651216162718
28.97023449651897
15.046835484739859
17.00297497912834
18.757910346146673
134.10889971256256
144.8561030626297
21.54651125660166
14.990876171039417
39.1427520448342
62.11430187523365
53.37852767109871
326.29760456085205
342.61072635650635
90.67137861996889
196.82661652565002
12.867662137723528
232.81814861297607
27.202495844569057
16.41032844549045
145.86193430423737
19.872036732034758
24.413812012877315
36.06879244092852
14.391786297084764
17.090351360326167
258.3053069114685
31.827457217732444
114.1422968506813
15.759899968281388
144.01125276088715
277.8244934082031
15.519091981535894
28.356308677699417
157.7317464351654
16.506583162175957
15.519091981535894
28.356308677699417
157.7317464351654
16.506583162175957
230.54081416130066
263.3373136520386
16.8468908816576
23.674519039690495
219.08629274368286
201.5620994567871
22.905186188407242
59.63426646590233
199.02128744125366
82.71842521429062
40.18772102892399
72.90857608616352
58.365673661231995
25.465910121798515
68.50966802239418
254.5087194442749
18.175560956820846
170.18673658370972
115.11862629652023
44.36858822405338
130.5936449766159
79.33867800235748
61.04250820726156
30.53742115572095
84.39397466182709
90.32209551334381
259.24153184890747
92.37740260362625
111.84192407131195
289.2947344779968
48.12009147554636
44.03044559061527
29.25259325839579
84.2448844909668
28.151752391830087
68.92181745171547
115.08540707826614
223.45151376724243
153.44578051567078
162.53483700752258
294.64809370040894
264.7644066810608
427.2985601425171
36.991741333156824
87.61907804012299
21.666063345968723
265.9694929122925
209.5347011089325
132.60338306427002
201.26922583580017
118.09894275665283
31.906585186719894
151.02066147327423
184.2497308254242
43.56339655816555
39.14880947768688
73.7044608592987
272.08629417419434
168.853102684021
20.397541591431946
14.511550636030734
396.0282440185547
60.94378310069442
58.05222249776125
30.589244671165943
193.43765997886658
169.49549412727356
132.2221760749817
361.3849387168884
114.89925801753998
190.4126524925232
35.566836977377534
234.13166117668152
49.156022034585476
28.235053196549416
212.66439175605774
24.488552287220955
48.82913125678897
213.53223729133606
31.351682357490063
20.26764726638794
52.75682571530342
187.33798265457153
361.02442502975464
59.69715602695942
18.419739745557308
308.6211290359497
257.36362886428833
218.10684823989868
149.39080119132996
18.750891499221325
58.95090176537633
71.94349420070648
47.06891864165664
108.44692796468735
60.81795871257782
28.178363479673862
227.23062896728516
190.3705039024353
218.77434623241425
38.74602064117789
269.5969376564026
190.09619188308716
33.09419558942318
44.91581563651562
66.89827471971512
38.34565353393555
36.719933331012726
153.53665280342102
347.16396856307983
175.32421255111694
67.60211282968521
21.693732917308807
451.90555000305176
62.248680397868156
26.19732066988945
179.65586113929749
118.39802503585815
186.58068323135376
270.74216651916504
42.1930650472641
77.2447190284729
200.3093707561493
40.50541885942221
30.80047618597746
413.4845333099365
202.1894142627716
144.10435891151428
53.255514960736036
272.80187034606934
152.415429353714
35.55182819068432
349.3566737174988
32.083745341748
285.1494688987732
168.54312825202942
63.750407099723816
250.39165830612183
104.67829704284668
263.7254385948181
198.8801407814026
44.23812376707792
62.77784192562103
47.60174697637558
184.51985216140747
50.25559901446104
49.155662797391415
314.26440596580505
170.89712691307068
294.83179807662964
393.6949505805969
413.4102039337158
334.79468870162964
39.34424865245819
221.0260992050171
304.1601552963257
257.48962211608887
127.39301037788391
220.45284509658813
51.48487935960293
55.23969519138336
34.84037395566702
341.88818883895874
32.6329599134624
24.732534870505333
67.47695904970169
164.50435161590576
167.62632298469543
46.34367521107197
92.56357848644257
250.1253571510315
39.604880318045616
60.636178612709045
286.9806544780731
268.0133228302002
79.80665826797485
340.71795320510864
26.385774375870824
32.083745341748
159.73260712623596
23.067125878762454
242.12651419639587
21.82312213256955
302.53422355651855
193.11513304710388
94.10152566432953
131.6730980873108
67.03926911950111
170.90383172035217
17.492136018408928
74.35377752780914
184.73864603042603
105.22399437427521
26.58418694557622
242.4623727798462
181.25382447242737
25.608924214495346
31.497251831460744
14.659847203452955
44.263861663639545
173.4249074459076
26.813101855572313
15.117876482894644
29.935233797878027
138.8083934187889
74.35377752780914
45.29520963225514
31.76485147792846
64.23890963708982
282.40595149993896
273.4687342643738
23.523190229243482
132.84147131443024
94.10152566432953
147.60031390190125
35.37180667370558
191.78997611999512
21.5126872099936
142.0803997516632
94.10152566432953
236.7007031440735
25.72958158981055
282.1654658317566
84.66999173164368
61.0599091053009
35.140397417359054
74.35377752780914
260.07926416397095
74.35377752780914
221.61043167114258
17.882417257409543
27.551759958572802
24.51871260907501
15.667758848096128
179.7364158630371
47.501977287232876
15.200765333036543
18.32587001065258
185.63606786727905
15.22845970747585
302.53034496307373
223.78038024902344
212.4007830619812
23.729573344578966
119.9312327504158
33.70174549147487
156.35899829864502
25.64429186808411
244.25214314460754
251.68093490600586
20.40977052616654
16.953154360409826
121.11741542816162
225.953528881073
15.261558570578927
216.6698784828186
13.936444693492376
16.16776035958901
295.2040162086487
22.618794611364137
88.942023281008
180.59998440742493
32.754397835582495
18.872368110678508
24.53168985497905
228.1898331642151
25.511179441353306
24.032844429602847
20.578644965891726
97.14653104543686
176.52644288539886
98.31967880576849
8.91283989418298
8.993719413876534
13.112670031376183
12.236043896526098
226.85640573501587
17.49983574822545
16.236184515058994
21.430080930003896
8.820716412970796
267.61478996276855
18.679217277094722
18.049289397895336
290.20178747177124
9.367493997327983
215.14938163757324
409.27093601226807
14.705443426035345
192.7019076347351
32.13257095217705
6.63378621917218
55.960244838148355
246.19292545318604
53.48201996088028
11.565258643124253
12.059393137693405
9.928873313590884
277.80273628234863
150.96966099739075
269.1111922264099
300.08383560180664
24.076905980706215
385.6415419578552
155.75862658023834
216.00444555282593
34.53518615895882
219.97231483459473
13.844590922817588
9.457943082787097
111.33003330230713
200.10522150993347
100.48098719120026
41.69219495356083
205.26761436462402
216.29873657226562
22.722225914592855
223.82912588119507
6.992141203372739
9.603351407684386
186.93523621559143
448.11216735839844
185.2992149591446
112.0215755701065
277.0437560081482
22.936282144626603
186.55964159965515
151.3878800868988
6.282481239497429
38.57465723156929
46.4701609313488
22.20206985808909
9.115713130682707
51.008022367954254
190.76171875
45.290254628285766
325.09868144989014
69.29284459352493
78.30054903030396
79.1667093038559
14.6380235273391
25.948844619095325
13.135676428675652
9.66723954048939
13.436627933755517
72.97219929099083
30.69385797297582
24.473995335400105
31.64064162829891
4.514688984549139
8.746994381770492
171.7684006690979
8.395341960713267
9.439164508366957
5.789869728323538
13.869518083520234
2.109263257654675
39.180165842175484
7.341734994697617
195.84200501441956
281.1015796661377
134.02799594402313
26.1410507010296
7.418342923978344
3.936282640963327
6.058951078681275
115.88413429260254
1.643490596601623
11.470773050386924
9.59346943278797
5.205941892461851
9.20471922121942
1.8916746767499717
15.226040756329894
6.1172225549817085
145.5584819316864
36.210140007548034
309.712824344635
6.688719690544531
186.96622514724731
52.22314603626728
1.9678910761504085
339.48626708984375
3.195730950916186
195.2428650856018
112.85263168811798
56.876576364040375
6.066760176967364
3.946857513510622
170.08328652381897
296.39063358306885
5.0030920070712455
118.27237343788147
6.671650560107082
167.3347716331482
328.1302194595337
7.867743251845241
8.293994871899486
184.2170057296753
6.1172225549817085
2.99623746634461
4.8000987495761365
3.7253560531535186
310.1984705924988
5.381667678942904
4.240385987795889
3.60791226522997
238.23937702178955
73.1774166226387
276.90702533721924
25.66729597002268
364.19814825057983
29.11074055591598
4.5024561691097915
3.934029358671978
2.693856144498568
117.05829191207886
5.381667678942904
225.1983985900879
2.456278420650051
6.320271804288495
1.6955911289041978
7.43342799693346
3.6117964442819357
267.42070484161377
2.161018046848767
149.06889605522156
5.313643443812907
273.8074412345886
10.878445369657129
3.3637211039313115
280.88086891174316
157.55556559562683
86.76151141524315
3.7213147028232925
207.75474452972412
29.721581598743796
362.31270265579224
285.7872748374939
328.975133895874
6.615283309482038
2.707949846313568
4.233377046766691
2.798951176169794
216.2577862739563
54.94578070193529
128.53404730558395
6.748238490632502
3.5245762091653887
246.467511177063
147.80511045455933
5.772918659466086
260.9488606452942
110.544149518013
55.736777782440186
26.629331688163802
197.58702969551086
36.80492449551821
262.0101580619812
209.0333285331726
67.53107059001923
134.5954864025116
20.83946980163455
80.38132546842098
166.8204299211502
58.402178045362234
149.49600887298584
39.53791160322726
71.06671413779259
48.635569038335234
310.808265209198
132.219593167305
342.7025103569031
59.15020686388016
209.91075134277344
268.5675439834595
73.87696433998644
280.1957530975342
35.63216930627823
26.45688140229322
22.165434307651594
199.21329712867737
109.4277213215828
205.04471397399902
64.03903356939554
29.03804779332131
57.35480418801308
23.65668698446825
147.64264917373657
29.98099795402959
25.531527945771813
51.82630413770676
22.984683939022943
39.53092794492841
35.75242355465889
38.07136023044586
100.35885289311409
212.9028742313385
97.61096358299255
17.23825489077717
278.7961015701294
21.156435701996088
117.44451141357422
46.906854746863246
33.12529198802076
203.37011444568634
123.46892738342285
22.152627795236185
276.7332053184509
109.5254256427288
27.131095017306507
31.95310144731775
324.75409412384033
25.38411164842546
47.17945181392133
27.018607726320624
106.4609426856041
32.485849221237004
321.8339047431946
42.49246400035918
36.667954275384545
124.55580121278763
40.23555073142052
31.27221891656518
35.407946199178696
238.86032462120056
36.484657257795334
337.94810581207275
145.7813024520874
97.4437305405736
76.53557443618774
103.95173227787018
42.664104882627726
59.95273286104202
27.25688464473933
31.69423286593519
22.787283408921212
156.84653234481812
55.683873135596514
113.43237620592117
427.70495796203613
44.25861515849829
55.42104782909155
99.08388985693455
72.71898724138737
214.34569549560547
300.1486988067627
62.63424073159695
43.37944535166025
38.27995815128088
37.4408839950338
24.266793166287243
50.000952458009124
256.2657504081726
47.43491212837398
200.92819905281067
45.293614654801786
21.56566238962114
45.05138382688165
21.652609677053988
282.26801109313965
37.08161583542824
23.662066714838147
102.77578674256802
182.72437644004822
51.04657553881407
52.27258392423391
144.23555421829224
274.3223900794983
212.1372468471527
45.1114418823272
124.51928472518921
133.1560297012329
23.082615373888984
153.26146578788757
33.30479385331273
204.66898214817047
49.693156726658344
181.1810816526413
263.25928592681885
57.69060072302818
55.235029846429825
23.616498795803636
72.04757177829742
106.75303399562836
257.1276316642761
227.08783972263336
178.09802293777466
46.10551144182682
47.97012985497713
24.768177292775363
28.097034938633442
168.28535056114197
163.34174394607544
116.25588011741638
42.45457028783858
132.31742775440216
268.153817653656
143.7237913608551
86.29642620682716
38.55776310712099
28.47004990465939
211.43501377105713
84.52311417460442
54.150975393131375
27.40167858451605
255.54825258255005
23.231161865522154
144.1068971157074
171.91860482096672
168.77216792106628
447.6902618408203
362.7848701477051
224.44682955741882
268.4736919403076
185.76630878448486
7.479663238877947
8.7033152578515
287.0985050201416
2.2381120444197222
13.84104272944387
19.165480901137926
10.24804302391567
24.250435782130808
22.613194911158644
21.20771384984255
19.976272449130192
382.45974922180176
8.679847932420671
7.398514681539382
3.09752506553059
9.32415902253706
157.18332839012146
7.7832040693901945
10.817171115093515
160.6257495880127
6.758460221244604
10.582875699794386
15.826280920067802
195.23162984848022
117.03192675113678
6.0822434076690115
318.1307864189148
57.04842840693891
9.754267127835192
38.1467297822237
16.206587359309196
157.2873830795288
5.444922413895256
155.03986287117004
9.221785984642338
125.47778129577637
117.84470510482788
52.36785465478897
146.36880826950073
202.82787036895752
293.16267347335815
198.60285067558289
187.29778218269348
11.430054360534996
234.39420413970947
270.07116079330444
121.94409966468811
15.366918284271378
55.63194862008095
1.0988862227527534
0.4055680033959561
11.037285132799298
197.65383434295654
196.24938011169434
3.293639199982863
2.2888801194045527
2.8805661153915025
19.72215048968792
2.300166541785984
1.282652221576427
20.04164197295904
6.211902342122812
30.136404380202293
5.596006713807583
7.350744102877798
4.640230731625252
6.738369767990662
136.44940567016602
10.182071442599408
12.004268916323781
59.26855303347111
14.918658437673002
280.89855766296387
46.67325034737587
237.67606687545776
17.693717789486982
339.65123558044434
20.709295993787237
16.900578818516806
11.899723864451516
31.354135245084763
121.73309454321861
153.67142486572266
10.113365553195763
156.57228899002075
35.283418864011765
232.76575231552124
8.563096892729845
22.17615028982982
283.3632426261902
266.4469175338745
56.15453068912029
61.63604411482811
269.7700695991516
15.181505862739868
247.5431613922119
170.19913172721863
13.814653886016458
265.78240060806274
63.09508027881384
9.474598247092217
9.508391794850468
128.58017832040787
257.4410538673401
228.98695611953735
170.97249150276184
149.43889558315277
246.0218963623047
237.7143521308899
230.80668687820435
11.089687335683266
205.138507604599
8.97925223573111
67.05933481454849
16.54008330835495
20.981459189672023
35.72015419602394
21.310241296887398
36.363069266080856
140.71800708770752
19.065197632531635
21.675297864479944
187.1577501296997
136.50213766098022
237.2862548828125
8.814033663278678
311.0996208190918
9.25111969057616
251.25919723510742
28.84234334435314
38.72755944728851
300.6457862854004
61.45299357175827
14.663147480925545
22.761107727419585
186.75368404388428
5.687315598523128
58.687706880271435
330.83183574676514
92.464235663414
9.174697981450663
9.833090500691469
7.811046667302435
214.9855694770813
216.4971203804016
176.09136295318604
18.1918565526139
150.8244572877884
225.68350172042847
15.181505862739868
68.54687041044235
23.898528644116595
7.854059418954421
8.639329370067571
18.74800390796736
14.540346266025153
248.8207139968872
20.88903529010713
35.02190309017897
44.18768666125834
19.37068360298872
9.713417843333445
31.552966376766562
111.00892841815948
22.437617065617815
15.830398005462484
90.35548102855682
218.90853023529053
21.445331311319023
14.580716287018731
144.6583216190338
249.43796491622925
80.96708905696869
61.792878810316324
103.39247822761536
71.92535698413849
78.6373883485794
94.90191924571991
71.18357722461224
77.57667896151543
283.2343316078186
58.05989521741867
357.03689765930176
230.02311539649963
160.47559571266174
23.40140047110617
102.74377310276031
43.6191181987524
25.55598807707429
24.244147662073374
165.34377431869507
250.527729511261
207.39705085754395
246.17082357406616
177.932532787323
25.74326279014349
323.7619504928589
23.438825658522546
28.521380305290222
112.20645225048065
210.78976893424988
204.59121704101562
239.35264921188354
29.044081261847168
411.16259717941284
170.16767120361328
41.88827021420002
160.3030795454979
291.42033529281616
290.72804832458496
38.729203939437866
85.92614096403122
110.75848150253296
310.9128928184509
73.05248856544495
114.76394557952881
34.546213862951845
67.69139285385609
119.81113922595978
303.83262634277344
163.31478571891785
253.4912793636322
86.97644602507353
33.149768114089966
68.87451830506325
10.35440569583443
13.280968575039878
318.9709620475769
270.6248731613159
282.5568265914917
29.351506907492876
253.56307458877563
134.34822726249695
159.56570041179657
66.86150699853897
19.498525222297758
30.577412996441126
68.87437906861305
214.02177691459656
43.6352313272655
105.3114207983017
55.62144020199776
156.00720810890198
27.70948836579919
30.000092700123787
239.22769594192505
18.913384360377677
42.396568077616394
353.47771644592285
212.87768507003784
286.00276613235474
62.41420490294695
10.455519947456196
36.96385606168769
157.30339694023132
61.80372804403305
130.08605921268463
272.03307151794434
57.87072290480137
182.5700125694275
143.43480396270752
283.21965742111206
149.54024076461792
26.39225816819817
19.140035720542073
35.76740975026041
237.9822654724121
179.06050515174866
109.43312072753906
24.330857507884502
142.43826746940613
147.54698252677917
6.832039289176464
116.19571101665497
60.08115088939667
216.52505445480347
191.42230939865112
1.8030346159357578
2.693881874671206
14.010584697127342
26.227431908249855
210.59855556488037
149.55270314216614
5.620201313868165
168.6224274635315
198.83660554885864
10.022864380851388
117.45841217041016
1.3273750224034302
255.44425201416016
239.18940353393555
1.5602850505383685
21.540217977017164
54.04264968633652
255.23785209655762
8.265183750540018
2.9066624173428863
4.8012244931887835
11.612984203733504
95.70825386047363
139.22428154945374
236.87498664855957
4.710145350312814
2.543867480708286
3.8367128568934277
3.7153451305348426
6.1647295616567135
169.90752267837524
4.498842991888523
2.1902366735739633
0.6283347963108099
303.75575065612793
50.33098530769348
0.6893350569880567
8.44075544923544
25.515971574932337
8.424498710781336
20.948380095884204
186.43661499023438
31.152163676917553
2.8268833346664906
88.1005494594574
42.058613050729036
1.07462096872041
34.898210629820824
320.0776753425598
2.802356215659529
4.4144970388151705
3.6780045246705413
4.142840457614511
225.29209542274475
158.5598542690277
19.6203932762146
1.9936362468870357
124.35738396644592
11.240881718695164
102.46983456611633
5.284189382975455
15.506259396672249
3.4683665367774665
2.2596780381863937
7.625991344451904
1.998490480327746
14.205002877861261
2.6323750093579292
142.57687366008759
1.4227821312524611
128.74923765659332
30.508086264133453
5.807600885629654
207.72574043273926
1.1050703397486359
215.69902563095093
7.444848759099841
0.7716836824765778
12.929935552179813
222.29947185516357
34.12354788184166
111.38963702321053
210.53062391281128
262.7213807106018
114.99049510061741
62.652394350618124
88.04406613111496
238.4053750038147
88.05593328550458
117.41273760795593
102.05808671936393
118.42735946178436
317.7450661659241
74.88443422876298
159.15310311317444
293.02299785614014
263.6886405944824
71.84439751505852
66.19056710600853
114.34928297996521
149.4860461950302
175.42489075660706
116.17076271772385
109.16106906533241
65.74650499969721
81.72346448898315
69.98164636641741
91.01763889193535
183.47209978103638
68.95336842536926
75.57094320654869
236.18825364112854
51.39728624559939
152.84946477413177
66.24954022932798
208.32548666000366
265.8347306251526
