79.8995091021061
1.840624576085247
0.7694311989180278
3.901260457932949
2.0545739681983832
0.809028978299466
1.1930794304935262
45.306272281944985
203.74884909391403
64.48963992821518
0.7933512000163319
96.12362858466804
1.2252383591257967
108.14395001530647
102.53367977007292
2.529134238604456
0.9616829116130248
0.32938215671129
66.03598381654592
129.92627001553774
71.47199889831245
94.39338931441307
67.13952799886465
0.8390468340803636
0.31275863546761684
0.48850590028450824
2.5103480517864227
118.18423078581691
0.8824775658067665
104.86904269456863
0.819469950904022
1.3620832634042017
62.71717710234225
1.2655404563993216
0.31632490511401556
4.275601861067116
1.5477504027658142
5.068286578170955
0.3492764439106395
0.607820371271373
0.9463096552644856
2.3059118760284036
0.7572705889469944
43.16349438671023
0.7187505802285159
91.26503597199917
1.195292247342877
131.5063978806138
68.62464715354145
1.1837491390760988
1.9177736182464287
159.79260272160172
80.97555868700147
0.713141723879744
1.6166286997613497
108.33290246129036
2.092770788120106
70.28194898739457
0.7346593396505341
74.44091665744781
2.3339274583850056
9.814505207818002
0.27959409095637966
65.86647503823042
79.6506046464201
1.7137291338294744
13.020463834516704
0.4235828193995985
102.9174164258875
48.22621660679579
111.06870149448514
4.6892343134386465
49.650706842541695
183.32273524999619
3.1488545560278
95.43554462119937
1.0910720630781725
140.01756644621491
53.45792195631657
1.5873031196533702
3.0048267821548507
0.686241374221936
0.380377188541388
0.8540421318029985
2.494555263547227
0.27241567584496806
0.8936779095965903
152.5668511390686
2.843082306906581
1.2561386703164317
100.99536543153226
0.7711408712493721
0.48377391687608906
1.4637865457916632
61.831367967650294
138.50426384806633
88.13247693516314
28.160846024751663
9.176999083472765
54.54751139879227
95.00771689414978
78.42157848924398
7.927743663582078
105.70392816886306
201.7659118771553
73.80772234778851
17.762228436768055
16.871993213891983
12.392066517204512
20.87795996130444
13.515459479764104
65.38007096201181
7.003827080960036
129.59121796488762
71.4898702967912
62.060232954099774
248.33056461811066
34.38914930447936
10.968771496263798
161.27415215969086
8.028394138324074
5.2201339826133335
57.38355563208461
23.268825005739927
8.624670163495466
8.10254304981936
10.64810697856592
99.92512437701225
7.598002201411873
130.05466744303703
8.967896580463275
5.824797458888497
7.682964442996308
12.567789696797263
165.09667921066284
12.546443410217762
6.160330885555595
13.9100993166212
191.6817319393158
25.783045852556825
52.3528510928154
7.688598602962884
63.12467801896855
6.9276224397319766
6.926629945635796
8.63226211979054
130.38113594055176
27.045018196105957
154.00915901362896
77.94488214701414
101.19937521219254
125.9458749294281
13.824476785957813
151.06365942955017
9.020109662693358
99.09322388470173
35.32028394937515
5.600504814821761
100.80564585328102
144.3933017551899
8.99675491405651
13.981912401970476
68.89751920849085
38.01388120360207
122.78419443964958
44.297765240073204
8.251037650425133
9.571844247951958
183.57896511256695
7.341112933529075
96.60543060302734
6.673469849152752
11.205119963735342
138.1095352768898
46.91010958701372
9.5910035376437
122.95561142265797
116.58342669904232
36.059238587506115
106.09649324417114
53.397630950435996
31.330159977078438
9.160403932990448
117.61501228809357
0.5258880064130835
0.6946684684846787
69.02815490681678
3.4054168378643226
86.44788069091737
40.90395610406995
42.431081674061716
32.86741353711113
1.5194629037805498
1.7349556480294268
0.6634718188602164
118.23265928030014
0.8447401237906433
83.1316180229187
33.816464964533225
1.4138909632988543
2.192370801069046
40.145732486620545
4.774228130001575
2.7591723226796603
0.906739641971285
47.177164445165545
2.338621496764972
90.74797996878624
46.21488836593926
1.0116438766912097
1.6470160317549016
2.1306884083896875
43.83298878883943
2.0601353142646985
5.50138749089092
4.5875841458910145
1.1093244793319172
54.79293999820948
2.1610436262644726
124.87029331922531
1.1553136163784075
5.132422974740621
141.92409268021584
45.17098645865917
4.591788423073012
3.1713521248602774
0.8724567558074341
0.6427598960281102
1.8303908990058062
2.351576327195289
1.3834683241038874
1.301704897210584
0.7434158204821415
1.2083393591401546
155.56773281097412
61.06683235615492
97.71191103756428
61.873906061053276
106.57262955605984
0.7789111399664534
194.46258330345154
48.02044063061476
0.7314146676033033
64.27144910022616
1.9364800072071375
40.29071080987342
0.4454810927438757
2.5799138981383294
1.8674833679179983
0.8401949437184157
4.54683768627001
61.90608507394791
30.80575921572745
75.07930187135935
1.2436724631385232
1.582885639384358
2.455490170910707
41.58843469974818
2.3441071232882678
1.4862977187985962
0.3502065758144681
0.8737468035747042
39.771187193109654
126.58696794509888
0.9386650358868565
1.4691839961151345
130.5830932855606
0.9389658740292361
2.21507139062669
87.5004795565037
7.133730029541766
118.28487658500671
102.84053048491478
1.0656114566518227
78.12352088093758
72.20967000722885
68.48837327212095
51.12010670333984
49.23758967546746
59.098701290786266
74.46719253249466
32.18276342737954
1.4762275438406505
1.0281244148918631
49.70680560916662
0.5079338382565766
1.1146742464334238
89.42152518033981
0.6768634325999301
1.0340515392890666
135.9470363110304
88.77630348782986
72.9107753559947
87.47170747816563
102.5068279504776
1.5788163536344655
72.59831674396992
36.93329691886902
96.47620964050293
0.8630683541741746
93.60078525543213
0.6178832962209526
82.5704793035984
1.0826432357025624
171.35452389717102
0.5141982561799523
2.2530457364046015
0.5668577816140896
0.5678874262157478
0.6749073415776365
192.24293094873428
1.9790881750523113
1.4711649684322765
72.64430169761181
11.339759096503258
0.4012941418069431
117.97804057598114
1.8386874546122272
52.979697913862765
124.16634845733643
1.638214006088674
107.2671308517456
103.17926919460297
1.2074140280601569
79.73584517836571
1.1518479487422155
1.5229312113551714
0.5882318493595449
210.60095643997192
124.32407367229462
0.6229402857165951
2.0767745780249243
8.220331996213645
1.049293340524855
119.77982902526855
1.086951951503579
82.10605132579803
0.6933311907182542
3.1866440065496136
237.31897044181824
2.0767745780249243
18.425191906047985
201.12708187103271
3.717827713000588
202.74983888864517
3.7571864184137667
112.32390145212412
169.61231637001038
6.339879517443478
5.112414896924747
1.848410781865823
117.93704509735107
9.661847336334176
2.9483593262775685
0.7491861509042792
83.03784191608429
5.7141373278573155
1.389988855131378
0.674163001591296
219.76617169380188
0.8654424312080664
2.3847564519383013
7.476934425299987
128.23192980885506
2.078704618215852
7.578141236444935
1.261285200209386
185.1494015455246
2.0767745780249243
0.6789734225885695
71.10337299108505
57.76064158603549
0.5259453186736209
61.71745414158795
198.2957775592804
2.6321111476863734
3.7538113062328193
4.553246952149493
98.46769052743912
2.52863440325018
80.9570843577385
1.6384587139473297
3.0791813452233328
3.2601683971006423
9.272194099437911
8.774928406754043
76.13622378185391
47.49238680116832
4.184894130390603
7.312288983841427
8.285557906609029
3.284935586445499
93.95340096950531
9.170929619576782
31.288848638534546
17.564918285235763
100.28283679485321
149.3625452518463
3.590713624143973
227.76578950881958
70.78458288311958
13.423004999756813
9.612179277464747
13.91200852545444
10.192727009824011
3.582070363278035
32.73728660494089
14.315003429306671
18.695933231152594
116.53738464415073
110.45741889625788
6.486917355738115
7.0719343416858464
89.4484955072403
22.881064877961762
101.06208980083466
106.14402675628662
93.25986441224813
62.757799442857504
16.4979046266526
23.682963045313954
82.77777491882443
211.57337379455566
113.88335329294205
87.87048378586769
50.79175717383623
5.630758629886259
5.5549129524151795
27.075056925648823
96.3408288359642
16.808206541463733
49.89412134885788
115.59255450963974
24.437345115467906
12.687713060178794
6.584178589982912
4.981237269304984
158.91104316711426
21.372220011428
2.680026071412044
29.84170679654926
117.22379505634308
25.794027015566826
94.11911898851395
121.13531821966171
119.94611978530884
159.44513297080994
13.821636552922428
25.21547415200621
2.334462473063695
14.339060997590423
78.23484255373478
99.49158018827438
15.314184590126388
4.081723957322538
127.14123418927193
166.40892434120178
74.62246656417847
46.28230710327625
4.198827172649544
31.678456189110875
13.717313717934303
22.063971670344472
60.81446607783437
79.13391557335854
144.2658236026764
110.49229574203491
49.77255186997354
13.813224419718608
88.50016655027866
70.12902471423149
18.291321968194097
88.14895322918892
108.28144609928131
105.06538474559784
26.298508662730455
69.37746887281537
101.52935299277306
87.40832805633545
157.1663582921028
6.683098512003198
124.10966402292252
58.462144173681736
7.801681921531781
82.5457265228033
31.78341503534466
54.69525222107768
32.89025937579572
68.62031365931034
47.663955721771345
2.700760739535326
7.457001257222146
1.344429342125295
2.3013501019340765
4.2820958802476525
1.5436346289097855
3.002088329747494
5.409370653826045
4.295062476652674
8.594223203952424
105.11792334914207
2.9467877251154277
10.118168996647
1.4524340162424778
1.5436346289097855
103.48210895061493
1.5553710113745183
1.3735642505307624
73.57600193656981
55.11783027276397
1.2448244057322881
1.5092575226080953
1.5366293496081198
68.27344031631947
2.9379547308199108
40.805182500509545
1.5436346289097855
8.750569718045881
23.979206768795848
1.5436346289097855
1.3073604686728686
47.9641790073365
12.808478955179453
12.372671600431204
1.2728650082817694
39.483622980769724
4.343048281269148
68.58083586394787
2.0884621517034248
1.7485469912353437
17.216913017444313
7.334185935382266
2.3013501019340765
4.532406257814728
62.19558537006378
2.7114363262680854
8.342226369131822
4.324388695764355
2.3013501019340765
9.410318514332175
195.57732421159744
2.148011129000224
3.6948370459285798
98.91332311928272
35.92026333138347
1.0388480899891874
1.1548977559214109
34.33907613856718
0.9464291868116561
2.4017724895093124
59.29101688787341
85.79459358006716
39.83071298757568
1.382044114790915
35.90084876213223
0.7977701178970165
1.5553710113745183
3.78560964751523
2.233460013580043
4.684643816697644
79.29987363517284
57.713358053937554
1.7741938828294224
1.7104444157266698
279.0565814971924
1.7326931311981753
190.09553331136703
1.591535942570772
99.59986815601587
2.2688135362004687
1.7326931311981753
4.233837759617018
2.0602871314476943
2.338827723346185
64.36800380871864
8.593464139848948
6.190906085539609
181.7264083623886
1.1548977559214109
3.415171516709961
2.7189182411530055
1.7215859366242512
3.411475041997619
169.35243219137192
45.72624236345291
52.382356556132436
0.9602295108306862
39.52669920027256
0.4081433979299618
0.8543288487562677
1.2393901712184743
2.570310547016561
229.68076008558273
0.3823710558521043
0.19857019812684484
1.1200286490638973
76.49850082024932
0.32110498899589857
0.5096902988007059
1.094049573497614
179.2560429573059
0.4357900695921444
71.48462472297251
54.603830511914566
2.185874094197061
0.33525259923771955
0.6315147777786478
38.186172885703854
65.18371527735144
3.868862098432146
0.19857019812684484
0.4307818591732939
1.1740474635262217
67.39837380498648
0.24554063520770342
3.4599044761853293
1.0817202302605438
1.5334199688004446
1.7110291909402804
17.090263376245275
0.3721245388042007
71.0363107174635
55.85625127609819
45.13536387681961
0.7450704046150349
31.411531520076096
2.3199116522446275
23.693008662667125
2.836130061921722
201.7494022846222
1.8045755988168821
0.263757790911086
44.58783150813542
0.23500161241804562
84.93264634069055
105.27321787178516
0.3290338817259908
0.7264163394720526
38.31687850988237
19.392939109588042
1.0475686792487977
0.6753841298268526
202.9706027507782
0.3285854162184023
158.03614175319672
4.250928724359255
0.4427261911005189
0.20741798975268466
20.813078308477998
55.78991657868028
68.94355550408363
14.56946873688139
0.17676257981918297
4.563746806583367
71.67219420336187
72.4113533734344
4.667501694988459
33.249163599684834
93.61701592057943
1.5193860074163013
0.263757790911086
0.40586063982698306
77.91707055270672
8.220143857310177
30.62855889328057
0.41047184739556997
2.0194322653405834
27.69248060672544
0.9185458168431069
0.7316743012925144
187.77470755577087
48.57423832306813
20.14221431670012
0.2502239167438347
1.0614172088244231
31.267744610551745
1.7361129081764375
42.295166811789386
60.76873246068135
66.38755197823048
29.026290538022295
258.280366897583
253.64381408691406
2.468888554314617
1.8776077675865963
0.1740195917868732
36.71645385376178
0.2539820032516218
1.7253518109355355
46.81798853725195
138.394926071167
0.9323311297339387
1.2510808137012646
32.74655380053446
18.326640346343993
2.086938150692731
0.5409005896945018
1.5031301878625527
30.909701696247794
0.738592777386657
23.573042122021434
54.40902049653232
1.8096536304074107
0.4409166606510553
2.1918535678760236
21.712778399320086
6.171379697974771
0.21214362567309308
1.6784213390783407
36.366852976119844
61.377397418022156
35.83150059916079
58.31460516084917
2.799013882584404
55.85869380272925
35.01023826551648
1.1636652496708848
39.72122175484401
25.30199819833979
2.1267271305314353
18.34367138687594
0.5396673941195331
0.3548940210052933
47.33058930974221
27.274447894946206
28.34236825888729
1.560548251367436
0.24153273606134462
44.796920327004045
61.29382000584155
0.8640797449334059
24.80650315445382
5.089504110161215
0.659938232616696
26.128429618431255
0.19594747163682769
2.621785151422955
59.00102001428604
2.3146366128348745
1.066413403270417
11.585573086515069
1.3211608000274282
52.11794091761112
3.7761456283624284
2.121993287011719
37.34817099245265
3.35484177689068
9.035349202458747
64.62042678147554
99.66670668125153
0.9108495943364687
3.274353817338124
0.48843903492706886
0.3358534358376346
60.67889096587896
98.11244597192854
2.312707812321605
74.42043279111385
0.8009859031953965
0.12677637687772858
11.12896921345964
147.76386260986328
55.64522681757808
0.3493670259664441
51.25762987136841
0.2680541626396007
127.79941911250353
35.665901019005105
70.38490753422957
0.5409005896945018
89.30411174113397
49.24577325111022
1.3182244498384534
2.192336311127292
36.469656959408894
70.11430358886719
0.8026986833446017
0.3377835297560523
0.5800906437143567
0.706744970750151
4.105561266769655
68.44909119196382
0.9861420883535175
1.058208247552102
19.167207203805447
40.545111750019714
0.07216082984541572
86.33098119497299
104.9554226025939
68.59473790740594
111.66337209194899
0.08825636505946477
0.162140506905871
67.6221203073801
0.027737278305266955
0.12241178468684666
0.017904868839877963
0.01802401478516913
111.71114828973077
10.403508862946182
0.11105456496989063
1.1294506978883874
78.74933328083716
59.15479225665331
0.03472581733262814
0.0936696531839516
22.753179474384524
55.900653102668
0.22108012269018218
68.83885058760643
0.05240704568586807
7.009101682036999
0.09834297515908474
0.18796182988444343
2.9788246631997026
0.10241003584815189
4.674689776642481
12.536933423834853
0.05722754286182408
0.07364682456500304
72.8045613518334
104.8816288113594
4.485559051507153
38.66377158649266
0.11567150469875287
24.249066006857902
0.5289725602697217
0.562899279721023
120.79135144501925
75.12634125351906
24.43362499610521
0.7347632281799861
169.4498035311699
0.7829896824259777
0.06574565885750872
0.08857095898929401
0.8206019444915
0.08431004988597124
0.17057756158442317
0.2461304177340935
36.226475797593594
0.5885407693422167
0.050920329419682275
40.97894597501727
0.16782192865321122
34.99099644691978
67.4516057819128
0.06641240493945588
0.2946857153165183
3.498634511139244
0.02556691745758144
49.843648582696915
0.25971287518768804
100.76795657537878
60.28176438808441
0.5418264535992421
76.1090330662555
122.63572466373444
0.05358587822138361
64.1428645811975
1.259039316966664
0.14897278040155015
280.1553955078125
0.05999643309507974
119.08032530546188
0.9010511359301745
0.02135980663445025
0.6977286249311874
1.700923935859464
0.1481400363022658
0.06682629626084235
75.04850095883012
0.575333454835345
89.47305499017239
0.05323508462629434
140.06796419620514
0.11458279658927495
9.427711292984895
104.49881398677826
10.8319800685058
8.916300488170236
25.335505331400782
21.276629209518433
14.073512064176612
18.924022251740098
6.362509758386295
205.58732080459595
7.655249476258177
8.672552078962326
17.278285901993513
103.5368098244071
132.85914519429207
7.209545671035812
7.063778752231883
6.054335798951797
8.702691835378573
87.65850883722305
88.47553052008152
16.11593797779642
73.02617715764791
11.114375082426704
13.243125222390518
17.079288788838312
8.295037898875307
113.1328107714653
68.03753590583801
5.026863446091738
93.26898238062859
88.98215028643608
90.19593965262175
63.97463548928499
13.552249043947086
6.839115885548381
9.190074015990831
22.86209883671836
138.56386244297028
75.03665468096733
9.543735958242905
14.948462995496811
49.17454523593187
12.489962095878582
67.21792602539062
9.754358120146208
12.87574980527279
20.495558127760887
19.215164168796036
20.30328783020377
10.391840444122863
66.39465433731675
14.91658588917926
78.53833166696131
62.842294454574585
189.0106636285782
38.40720334276557
12.668685877273674
112.50400760769844
15.926044567313511
26.246099182404578
5.749754263350042
10.561230215680553
33.977739073336124
52.17112313490361
155.99213406443596
11.281410849071108
9.745343565542498
12.513523704503314
3.9906006092169264
6.867884811257682
16.496530042611994
16.14444862003438
57.38689552247524
12.545573876188428
10.961640057154
79.33521004766226
75.78591042757034
74.61824999004602
103.958013266325
10.961640057154
16.972764616832137
21.99031882500276
52.80129616241902
21.732778407167643
59.49278503656387
91.6358106136322
138.81087666749954
24.592222033126745
93.66757744550705
14.144321997388033
89.57444235682487
10.967246944084764
135.5054166018963
30.100989520549774
124.00629886984825
8.097955005971016
28.86484383698553
1.1875121190282698
1.6619427522809929
1.6745472242948836
3.6984394739120035
130.5555237531662
1.0193971779017375
1.041435665921881
8.97136928721875
1.423589312005788
1.06650855328553
147.5981279462576
1.0402365715235646
140.3074830174446
166.6710000038147
0.5941850351151743
1.2335192856535286
44.378946888726205
1.99530601148399
0.27410733843862545
97.83264017105103
1.4846430278921616
0.6614359494863038
43.88221458195767
1.1161891897911573
16.959299013018608
2.146780790644698
0.3158951918958337
155.15614557266235
12.047716995934024
15.012689460068941
0.5709625704184873
0.4802497111709272
105.83129987120628
214.41466414928436
70.49787721410394
65.72818785323761
81.36680963635445
2.7121567288268125
1.877305602949491
101.78684324026108
41.23919791728258
0.7417147796368226
35.75701145455241
56.77482172101736
57.16868035774678
3.13010985373694
0.8584633186328574
2.4613409047133246
66.0494384933263
80.70246290415525
0.6386510934135003
1.286470364608249
69.13644241541624
34.29261936992407
59.270120977191254
14.739274353254586
0.9905558764700118
1.5262126050420193
22.683133751153946
51.0172172570019
9.098287919536233
34.57505044341087
0.8585201613841491
70.61182890227064
72.53325847536325
25.347846716350432
96.72618452832103
180.32257294654846
36.329173641828675
53.17630909383297
1.1269362656748854
4.168476811842993
0.7638652306095537
0.6828031245963757
0.8089035667380813
0.6389686931134975
1.3623410277373296
66.92605004878715
151.5999630689621
1.0385250986437313
198.89827394485474
6.231372483147425
0.5995636371526416
1.9580200990224057
142.63816797733307
42.77341417700518
1.441184639246785
126.33674865961075
2.742263298825492
73.62606102228165
0.8966429161664564
32.55931391566992
2.7910621403716505
31.152175973460544
27.226510790096654
0.11639732465482666
37.01493089646101
0.03411730847915351
0.07870460305366578
164.00981616973877
40.05419478462136
0.06278804954581574
0.14429157383710844
43.64356183633208
23.351525253994623
0.039731603220388934
0.28668590451161435
0.051597545506410825
49.71263683773577
26.280349806474987
47.16340405121446
20.999853706431168
0.7090584699762985
21.937264798412798
0.06993357573333014
21.13525020555244
0.16454540831000486
0.1265928634705915
12.704021610319614
31.27358664345229
0.03507842149633689
0.11791730066170203
0.15854063518690964
0.02976243229420561
35.792211677646264
0.19987089387996093
0.08391528382708202
0.056278011683389195
25.856743361451663
0.10692009441845585
1.0907337128883228
0.2865283026931138
16.76924276619684
35.97065086735529
29.735641586594284
0.04970876256993506
0.05560477483595605
26.06296613808081
43.94689714349806
33.91796011850238
34.039130180543
15.012103172964999
30.05171438161051
20.09626204775668
0.043229998640072154
34.438266303623095
0.44683001698285807
0.06468878011037305
31.84970205269201
30.107929025311023
0.46203127066473826
21.04856360408303
0.21368398449794768
31.943723139353096
9.317996277473867
0.051731764623127674
0.07583363682715571
0.08414011173590552
19.451477578288177
20.67055637059275
0.05841889434486802
0.036017136086229584
0.09048225154765532
0.07930836912328232
0.04209978411040538
0.0823567865336372
18.43329866565182
0.0873288283146394
0.04766679679505614
0.50396062816435
27.583984876982868
0.04285858097136952
112.80276708304882
30.078893145546317
0.08897663824245683
15.132095979526639
124.1426784992218
8.423259536697515
16.033445939421654
109.63461756706238
163.77393153309822
7.387624493875592
9.213782585466106
15.361413031350821
110.2038371860981
97.07972937822342
14.759427164215595
7.2110482020946165
130.254012465477
124.22679197788239
146.5300257205963
36.25847882591188
178.05951166152954
8.265369379449112
67.62471723556519
8.881002410340443
35.77822867035866
28.86466381372884
39.32167787197977
32.64555236697197
128.74770283699036
13.180891409981996
161.18323397636414
187.76409554481506
22.87975113838911
94.87731051212177
22.730402663350105
146.92596712708473
132.86364689469337
16.76369755435735
96.62756577506661
46.30669832229614
106.52043881267309
173.05630254745483
78.32259868085384
24.540796617046
25.483110224828124
108.98550559021533
127.83821630477905
111.41388928890228
19.072890043258667
71.49113810062408
26.390008814632893
278.81883096694946
56.09960536658764
115.26765525341034
144.14051175117493
65.23820595256984
42.83475649356842
113.65407335758209
28.48117642098805
64.97365386039019
26.193764613941312
96.2472642660141
137.42024916410446
113.4972043633461
115.01194822788239
16.831309006549418
15.436345474328846
159.7054921388626
101.49147665500641
224.6481032371521
52.64630579948425
18.557706726249307
30.928754545748234
18.807116673327982
122.15181052684784
45.49796741269529
22.2935593649745
58.136977821588516
98.97724288702011
151.47597879171371
164.72771286964417
44.9636946618557
42.684353336691856
26.48206900153309
107.4114830493927
25.168066213838756
160.38054502010345
23.905214101076126
123.28167533874512
25.19344960921444
35.82013723254204
43.0203807502985
30.518760055303574
98.63428457826376
34.30224347114563
94.88283186405897
60.62353299558163
26.089610988274217
36.15628199279308
160.59749925136566
58.11679865792394
1.509229854660589
1.155539801687837
15.395617716829292
1.3880303843096726
1.2127486526311486
59.36683791712858
2.0161985007110843
30.039202128071338
1.1873889091906449
20.099910872195323
27.15037821642545
2.145840353209678
1.4242413315316753
3.8668652501073666
31.989648776128888
39.57247378257307
1.3220426900288658
0.8864978929377685
2.9707162035156216
6.052361679205205
25.81699715254763
0.9050648531492698
28.826196929614525
4.2737780658389966
2.006971266761866
37.19526685308665
6.751927332370542
26.922792702869174
35.994151554536074
1.3748681778035916
3.4191881928345538
3.6028459037734137
19.946301148738712
20.391597793306573
19.705958731977262
23.06570756470319
20.07709783428436
1.327945486165845
3.0542832767059735
23.834590400240586
28.694162551080808
101.44326586648822
2.7352396557216707
2.489440308610938
24.34857524948893
20.25852940687082
2.5066336557774775
28.01691250701515
2.3526185836407194
315.77049922943115
7.799077341333032
2.6474662989076023
23.49078284422285
2.9984076331473943
0.9708012092760328
99.6054966673255
43.09596553631127
26.57306662981864
29.28471327954321
1.4424902189668956
21.75604256018414
61.548940589651465
54.066201305016875
25.752903892745962
45.669029743556166
1.4439046208227637
9.722520066192374
1.425074773437018
4.206334009857528
1.3165033794480223
2.67582584819138
32.76078842021525
4.838778989898856
30.270687176845968
38.41214518947527
92.2388826906681
1.969750689435159
1.1357608012804121
8.724444205479813
41.1927455519035
1.4484621615783908
1.2641276053109323
94.86503493599594
21.61402442959661
15.192449376278091
27.494338609976694
5.085238792657037
3.270855136550381
1.3992163782796752
1.3227529373407378
28.934996963245794
28.87178042414598
40.24351554363966
4.001375977532007
58.43636126816273
3.228282167801808
37.27913150936365
3.0813685991670354
5.250858968123794
2.0214130558069883
114.85584628582001
8.444794957293198
109.57838225364685
85.04002928733826
1.4895503003317572
2.9548530651700275
1.4895503003317572
47.70691957697272
7.820682961959392
58.96812055259943
3.228282167801808
2.9150686985594803
9.294611287303269
3.5549044235958718
36.63544127345085
3.3607941961126926
5.724835467059165
151.65285444259644
1.7412873739631323
54.250925838947296
2.775902564113494
1.4895503003317572
3.0475672476131876
189.49702334403992
41.60957948304713
63.41724428534508
25.020982280373573
7.5941827950882725
7.57181538704026
3.859188454938703
11.056468753144145
79.88378113508224
82.75071197748184
1.4895503003317572
5.124979397711286
17.973087433259934
85.74062609672546
84.00552806258202
64.51724445819855
3.397658291083644
177.41406178474426
3.503905724035576
25.254364551976323
23.839200139045715
66.48042484000325
9.344392620958388
26.618920182576403
34.57069971668534
158.77161312103271
2.3537426223556395
19.79121458157897
59.44872584939003
32.447276120539755
19.494177444837987
50.04726827144623
107.39164972305298
32.27743799984455
43.018931314349174
2.3923959728399495
3.375470599567052
41.05660434067249
44.202584482729435
14.81685483455658
50.29356308281422
82.34939458966255
5.717783316853456
49.27925443649292
65.04920326918364
5.124979397711286
71.110082924366
7.980244122445583
8.22279392881319
1.7412873739631323
2.373379273748924
17.605946230702102
10.453890005708672
4.808061555027962
4.732792576949578
43.018931314349174
10.561084759421647
64.07816949486732
207.21811270713806
124.42290753126144
7.222884115763009
6.069432108895853
45.40222868323326
9.651775267906487
245.35842394828796
59.32160320878029
35.28727836254984
52.89198705274612
3.02048174347874
10.92324361181818
30.76484202092979
5.363039176227176
1.9574194534475282
142.92222034931183
51.9876178978011
23.7703353529796
31.22444529249333
32.109063337906264
3.346230080445821
87.04133962001652
7.87904236416216
20.86245146114379
5.538915148814112
80.47165688872337
13.651005669496953
29.211475923424587
4.221968079033104
3.5329976538621395
41.40193741489202
6.806606123223901
13.8096868917346
9.80636663036421
65.41279566753656
2.9559584201989537
2.774001233457966
50.12643701583147
25.694340038695373
89.39361774921417
58.31289258599281
11.061634225407033
73.77352933585644
5.83238182536661
2.12556687101187
7.589150750194676
5.205365985399112
32.644272178411484
34.040059444261715
105.76058799028397
6.342906325822696
7.2446780248428695
34.28802720364183
98.9441511631012
68.82832595705986
239.59130001068115
44.358798300498165
13.733249261043966
15.080883868504316
5.4970999701045
2.3053362391801784
62.892819712054916
2.895376773543603
38.98220128379762
4.735288730531465
7.418069516250398
72.84872636571527
42.970808770507574
76.44409039989114
154.48916912078857
173.9132854938507
17.008120015263557
280.58194303512573
10.09269045345718
23.955194238573313
19.126589814200997
18.42207462154329
48.69692507619038
16.369530038908124
9.072106181069103
4.396703796053771
129.5644418001175
6.204045342514291
5.3227015142620075
4.922098501803703
35.75228794850409
247.39370775222778
156.03884041309357
4.228590245907981
208.10538506507874
2.3851436599652516
58.56864598253742
6.573598762013717
44.74541638791561
7.6413586949929595
5.9655055289877055
69.83015382289886
53.05615406669676
51.67430508884718
5.561776782242305
25.34420057758689
38.866910986602306
73.70100875012577
30.532189863501117
9.587579937651753
7.871995204186533
50.767986956983805
30.464242503774585
35.916844197548926
31.473384673241526
8.813312459737062
0.8570966749293802
2.8266682005050825
1.0801601509072043
1.199861125449388
0.6571923701792457
27.736980851041153
1.0281911856354782
30.791324434845592
31.50880992668681
1.2206983247888274
12.045942420139909
32.46767498564441
64.93690785765648
44.174158453941345
0.7919682848059892
1.230694114075959
27.655102061107755
0.9489879425218533
1.4720796340843663
10.460649062879384
0.7638575862956714
0.5565785615252707
4.1165285697206855
2.4251340073533356
1.6261469802993815
1.485108172946184
0.8721330105270226
27.33306671975879
46.75073674507439
0.5960092696017227
36.425565481651574
1.487651115981862
1.5508479181943358
2.527853679668624
2.2991712951406953
42.69835336995311
36.690920992870815
2.3319004686782137
61.94087773561478
1.1163536599869985
4.023205744684674
2.083353655412793
27.738540418446064
66.99294879287481
0.8424301292361633
2.449871080068988
30.224203934165416
1.615716932243231
85.42414601892233
3.903066100072465
5.2230827528983355
0.573365019636185
0.8391996487285951
53.98274475336075
4.844959784997627
2.940695696423063
3.4831352476467146
1.4234360051232215
1.1422778402256881
0.5018017600855273
11.091026715002954
1.7683564300532453
30.722108372487128
7.642636309872614
4.9188336769730086
9.410734424600378
36.21582877635956
1.7124690103009925
0.9360380756570521
1.5508479181943358
132.32592153549194
1.781738403646159
1.921085339912679
58.51403283700347
0.6092916418787127
29.054545584229345
1.7181437223916873
0.5568228057563829
30.691933747846633
35.503988552838564
1.7535853910376318
10.532965226331726
51.109943898394704
2.3031058094638865
0.8016713367542252
4.52662263950333
43.775409480556846
57.327086724340916
84.58512546122074
42.37611106829718
39.854505816299934
8.27178938081488
1.0787412201752886
2.824528681083393
57.004436422139406
32.74171791726258
11.407228610303719
110.98270860314369
11.491582615997686
25.155720921233296
41.948092891834676
113.47107367962599
12.315770610701293
8.016851320455316
12.63539675436914
53.258663560729474
5.497997337952256
4.309878982268856
7.515483174764086
9.384453249018406
63.75742793083191
5.749378763604909
24.046499639749527
127.10442435741425
147.89201259613037
14.041188400238752
7.366817842237651
6.340959636036132
7.239077323349193
48.49305307865143
104.86189629137516
5.475200424554714
12.132126099895686
9.990567390515935
10.785445136833005
5.001848775660619
7.131589954254878
7.449759825511137
6.108010856010878
6.8362320248634205
8.97826067013375
12.524959960312117
8.817852967709769
121.37434011697769
153.56513705849648
45.908358903601766
105.17949309945107
5.475200424554714
10.971025024191476
5.768757248049951
220.12872219085693
57.467272862792015
6.8818895583972335
9.528205146933033
4.738906423517619
6.723532854062796
10.561870746314526
57.780054739676416
4.5601009588935995
76.66507303714752
8.871536591090262
10.221744364249389
119.75550304353237
8.703712888062
7.409007590613328
7.843478291033534
116.6554459631443
6.583547256246675
47.23121889703907
5.649840467260219
11.451660597726004
4.7049165758435265
6.769384893763345
80.0756356716156
13.31829681264935
7.953555805492215
208.2930464744568
71.05559512972832
10.587431219333666
8.032854956400115
13.657623629274894
222.01480054855347
14.667503912001848
7.221393862135301
78.02534466981888
12.448506142944098
64.56781612336636
34.66493654996157
117.9973756968975
6.3813268377271015
11.83969867695123
8.005702073554858
5.219546908541815
87.29357799887657
3.773645240433325
7.213895651802886
9.801422087301034
8.781933404738083
7.693970395484939
14.396796133602038
14.870175646618009
6.723532854062796
79.20509488135576
68.14478225633502
99.87944507598877
111.63064659573138
8.574900167630403
160.67086100578308
9.815141921057148
105.1105967760086
5.98943819530723
6.733037830995158
142.66779494285583
106.14889505505562
4.905465379928273
117.0000476911664
245.13439416885376
53.72934876009822
9.228181873799258
43.7757955417037
150.97038412094116
7.192693325473556
69.85825771093369
4.938048304177983
6.6893726276102825
92.75458271801472
69.99949761945754
15.543016437624829
5.211244271555415
5.140005625806452
14.351350556884427
15.471547656119583
106.82777136564255
105.3714237511158
5.864732750886105
72.30705428868532
7.70151272538169
9.751878518603917
84.27721322327852
7.0410635000753246
7.513147893976566
61.813495204783976
17.621558467159048
102.41919928789139
5.055452422318922
19.957358984742314
12.693082619312918
10.959128197282553
130.61485493183136
6.269961418214734
105.32635498046875
13.224252401385456
23.33682268555276
6.050056932514053
139.41784071922302
207.45565915107727
67.30098663270473
130.71788835525513
52.92955707479268
4.823572850405299
10.653905457467772
9.612387436773133
5.715481399607597
7.847912732026543
108.55384624004364
8.65078951336909
56.54537721723318
58.58465434610844
46.28686648607254
69.82122880220413
8.953349442621402
162.1719354391098
7.293236803585387
8.077319067540202
8.953349442621402
148.09942889213562
7.293236803585387
12.65665403706953
35.15494756749831
77.30273824930191
54.90678796224529
77.09524116665125
6.754261725756805
5.834273083542939
8.215624513453804
8.8101618383007
75.11827920563519
4.554280696800561
13.202511869370937
160.07425165176392
56.95543714193627
6.304493945899594
175.64491665363312
43.06986619532108
151.94029259681702
76.51038473844528
69.48922253772616
141.67884576320648
182.11589777469635
77.59103758633137
77.9297261312604
205.23588275909424
8.149448415519146
4.231560123076633
19.124261401593685
196.97169017791748
3.967402668306022
68.63210934586823
10.733929761685431
36.18673080718145
13.426527164003346
5.115750808676239
74.20479567162693
16.05640308186412
88.04938969016075
29.195441296324134
15.442922906484455
103.19573032855988
3.6927156323072268
101.3142361342907
56.31721061654389
4.489280107591185
2.6263089747099
6.746124159799365
14.002271566656418
7.086571645224467
7.444653506627219
14.661007665097713
50.4700218080543
79.38616236299276
236.80672097206116
6.655595057876781
134.0259439945221
6.27249756135825
8.32038295181701
10.836026777731604
115.35128879547119
5.864535897439055
112.86795198917389
101.8233611881733
5.512234497233294
5.706764277823822
7.843194509710884
35.38572619855404
5.488286352774594
43.42988407248049
133.4285477399826
5.861834774113959
107.2231380790472
5.570615068216284
104.90251497924328
88.34452346712351
4.840464321910986
8.397401350026485
119.05376994609833
36.28767014294863
69.19140884280205
4.98389259474061
162.4828556329012
25.34505197405815
10.688098223647103
14.73850999912247
6.105771065238514
16.502680579200387
59.05488274432719
73.4044085983187
6.180288652190939
4.9716959192519425
10.014971451833844
150.2196615934372
185.1338747739792
12.838250244501978
265.1681981086731
5.7244201641879044
240.08408951759338
18.36864124983549
3.9299691057440214
4.5566168561654194
3.7296796642112895
120.70450162887573
38.154802188277245
87.21565812826157
31.134453849866986
7.815713466629859
3.9171253148306278
50.79987369477749
47.93932446092367
101.72506123781204
86.41279898583889
3.2424118931476187
2.4242269384194515
12.186774119734764
6.908027855359251
99.74517023563385
109.19527196884155
269.7665681838989
96.05165638029575
10.612944070482627
13.203374691307545
110.01102668046951
8.219815390650183
3.691904170627822
2.495370703002891
2.6643496562887776
213.02580857276917
17.265215109626297
2.0136408921262046
201.77329921722412
35.15335348248482
2.8888890676025767
82.0662776529789
91.29820990562439
64.38005815260112
219.06967616081238
66.75582288112491
53.91588267683983
4.271471295127412
2.2137513406196376
7.755300082266331
86.7531486749649
83.99521163105965
4.749825090962986
133.6083806157112
5.515500788817008
3.437567597189627
2.6632557748962427
88.19810792803764
63.1661833524704
93.12414687871933
3.0939041694873595
3.726160117308609
124.28270483016968
42.61483760736883
3.3254140611852563
110.62631922960281
269.65939140319824
7.943236278602853
64.03985527157784
4.099622550449567
4.8747515994555215
6.1816045377427145
50.916792256291956
12.845463283825666
78.44018677994609
5.872897352732252
57.199681609869
84.0531063079834
2.1479918960883424
98.29380118846893
2.3913655241176457
49.75466959178448
3.2575041380146104
106.98526966571808
2.2745568610902183
3.6851586366868787
4.677639533338834
90.95918937772512
4.163671082271321
90.24660020321608
75.86593851353973
5.127285880269483
180.2706561088562
7.130700919049559
2.754606453323504
148.97220069169998
7.130700919049559
3.274304122533067
8.639956979743147
25.332602718495764
2.330289811368857
3.786727647180669
126.0703509747982
118.76121482998133
119.96448123455048
3.9002344129257835
54.562908040359616
72.3035256266594
216.98120021820068
5.2515162562340265
62.09802487678826
42.48476674966514
33.37701469659805
8.639956979743147
2.5871308709974983
4.713611596496776
14.958351747365668
173.68863987922668
1.9200652016152162
3.3086594174392303
8.639956979743147
140.0067753791809
150.3969235420227
2.935610468230152
131.23336124420166
3.4335547196824336
3.0714095825096592
190.80297565460205
7.130700919049559
82.00641844887286
75.2193130850792
3.0591536632273346
67.23177891783416
2.482562436376611
8.639956979743147
2.3382229781127535
8.639956979743147
2.585034943273058
82.50064676627517
82.83071631193161
5.126594640125404
3.6927715871861437
2.79239242328822
78.52648542076349
3.308548411936499
90.87267369031906
2.935610468230152
61.19333047862165
51.04443436861038
2.275847343298665
2.823169436354874
3.1869155042950297
25.40412007435225
2.2587422060314566
3.509381632953591
109.89189884066582
151.6820389032364
120.68452043831348
1.7924952722178205
2.5742959366234572
167.93975067138672
73.42981173470616
82.07944341003895
2.611274393333588
71.8363825250417
2.3760789778280014
10.709566787118092
3.2824063802563614
22.071580819785595
7.130700919049559
94.33624309301376
70.3485483629629
103.30564690381289
22.87480192631483
3.895090214908123
89.82803131267428
67.59766751155257
18.166324269026518
2.3311835457953975
172.66636109352112
0.24418211713236815
33.90539903193712
1.1847603624628391
24.482723728753626
35.40221649874002
0.04864708133209206
93.30763632059097
50.579609448090196
0.16371595536020322
0.255534986323255
1.3941932303696376
25.53427720349282
132.24730134010315
19.16197967302287
0.023959469796636768
0.2147414816163291
2.3666687212971738
140.75122439861298
35.67524103456526
0.04948589859532149
75.79253043141216
0.7333605305993842
19.77399944348508
23.278880177393148
0.324256794880057
0.029847198509742157
0.20656187839813356
45.20146929845214
18.78056997173394
0.6460022275350639
0.08620493466514745
0.21657312596289557
115.99054080247879
0.2990661082221777
1.9393263792007929
19.722254930762574
0.24512164652333013
0.7239241688112088
15.192466355103534
0.47108781025599455
0.25317437362173223
7.0668678127694875
0.1263774583533177
40.83261066535488
2.871799343454768
0.27147330512525514
0.06727928389454974
0.3942236502812193
159.58202028274536
20.185582423520827
107.31886088848114
0.2502912085146818
19.44808023889709
0.6394123925238091
0.7019228984427173
279.9315359592438
0.3242445858559222
51.58161613717675
1.1521655669421307
25.65471017220989
37.07598714710912
8.278554673772305
23.784854099794757
58.85200110496953
1.032892330442337
28.83718343731016
28.308015366084874
2.4771183874690905
26.57816757913679
0.498337882717351
0.8733108189790073
0.11430583559604202
78.60205635428429
159.65003991127014
29.590472670271993
0.40182829980403767
1.444514482296654
27.37392432615161
0.2774002422229387
0.03475212096418545
37.15228938031942
0.16176885369509364
0.24573165049582713
103.39226619154215
0.06411534477592795
68.98074674233794
1.0177460856793914
13.91435020416975
0.07204123988276478
235.33860969543457
109.74966950714588
1.0564432419632794
130.8890277147293
125.96146655082703
0.20833355299419054
0.04049294366552658
113.91771383583546
1.3194181388389552
0.38333541255269665
73.036954164505
75.91942211985588
2.541021838740562
0.20833355299419054
0.8903662119100773
3.290807120210957
27.11754227615893
0.19462489010857098
86.9999684356153
14.540598650375614
0.04170036979178349
104.52377158403397
60.698471650481224
0.03966276867754459
13.86398383229971
48.680421725148335
74.36315578222275
1.3042247998673702
158.84663438796997
149.81891679763794
0.052362592027520805
0.860396066367457
0.7126586136328115
53.93501868844032
1.29263153676402
0.35513150806946214
134.7012588083744
0.24107357409229735
0.20833355299419054
0.4622313377130922
0.9619216790888458
0.6030110582578345
0.03766452271224807
0.461793660841181
0.5884518525181193
0.22538323130243043
0.11905972088209182
13.593691926915199
0.1808173963478339
0.8574175789135552
0.07711321871624932
2.648408999722051
0.6063526218804327
117.24821466207504
0.34209652092613396
0.20408254203425713
101.62849667668343
0.7437700781301828
0.17126843947335146
0.7780676355696414
0.08990543707659526
0.1465367331250036
0.18076916428310597
0.2607881136918877
0.21141224864732067
0.9790455207694322
106.88314092159271
0.35842031388074247
0.9034212817641674
54.217413576785475
71.26886334363371
0.9379951283690389
9.88773123093415
62.89421037584543
0.06341116067949315
82.07589130103588
62.377630275674164
150.66426676511765
0.040415593928400995
117.43967921286821
62.18675894639455
0.4005308310149758
0.31668938178017925
78.3464889479801
18.197457002475858
30.216801531612873
0.8176715391673497
78.5957396402955
76.95465923449956
0.5771031718595623
0.447279310867998
2.8501386494863254
77.83443062007427
58.966006845235825
5.250150586973177
103.80974441766739
12.612793684238568
91.21362817287445
99.58380424976349
17.18081486225128
25.638463094830513
5.225490618198819
23.89692090637982
25.71531385742128
49.342217057943344
17.008836502209306
8.174640495330095
11.292061204090714
6.900269261619542
5.48800587063306
22.43463569879532
4.325634886365151
19.832672607153654
2.239171347037882
84.93584382534027
118.84800952672958
2.735182254247775
138.5206824541092
3.2938440043581068
81.26521414518356
37.32066264748573
21.126231845468283
5.358061287646706
9.983498859219253
3.3300072625279427
94.36408695578575
46.28309728205204
211.79183745384216
121.24914062023163
15.622480537742376
20.530970308929682
5.2474002002272755
6.962750037200749
4.949763327022083
7.379477682014112
6.90916163129441
10.808781125582755
19.82894023694098
87.36336520314217
5.07007179185166
107.7438725233078
171.25568136572838
187.03675389289856
4.393299903400475
195.14003133773804
217.2594871520996
3.9015173583684373
235.14034116268158
116.07945644855499
147.06344842910767
2.3112781041127164
130.9071592092514
3.446034166830941
79.31619068980217
96.11743102967739
23.27802313119173
4.529619949045809
251.26334404945374
18.81522276951
4.986112289392622
27.053948160260916
5.7827018005773425
9.190044564340496
104.01624429225922
1.941420500546883
110.52419450879097
250.36138439178467
16.45690740365535
29.2537076883018
19.61343769170344
14.39643919840455
6.0940325484843925
13.6134236715734
69.68122267723083
14.738244289532304
74.47194601595402
81.16847165673971
45.73348412057385
174.93508672714233
5.943307303125039
11.650419318582863
18.27511161379516
9.763735173968598
10.645387921482325
126.32605218887329
8.487622697401093
10.374003630131483
93.31548225879669
13.352173005812801
130.20320434868336
30.79645988845732
4.638029966561589
48.789648063480854
7.844181895954534
15.38244780851528
62.931501258164644
5.150285962823546
3.8147206688008737
3.3046548819038435
15.695771182887256
3.0116157225565985
2.2000606853362115
47.29886221885681
4.786478146794252
5.065354368307453
177.682142496109
9.028666554484516
4.113933083033771
3.996093654073775
81.96693114377558
105.83211541175842
41.737825302639976
1.7137781179976628
19.796751032816246
4.202720686946122
20.29033186659217
4.001773412426701
4.191567028181453
4.784536395862233
5.752542131063819
5.401229789946228
2.1017700619386233
200.07389163970947
112.42573720216751
69.71841465868056
229.2200837135315
2.7160557491661166
5.576765913283452
55.97355652227998
3.2183775382873137
4.0062548213027185
13.180800797941629
49.41875934973359
75.79823663830757
2.301272167122079
37.36248425394297
3.1437038362408884
4.012612517672096
30.10136980563402
56.35341328382492
1.8386262933345279
45.946348211728036
7.881206393241882
81.73218753188848
43.26963978866115
11.031909439640003
38.585320179816335
25.269463896751404
9.755621923293802
85.8345935344696
8.50623759732116
48.26990359509364
75.88617813587189
120.83254539966583
0.4036242465899704
3.872684222937096
4.696461528073996
0.05290376581410783
0.7070857746339243
60.06301171332598
0.6227685085214034
37.19007433205843
0.27119324338377737
24.681685513001867
23.989948292888585
7.244682971133443
0.025645807592695746
0.04694881235536741
0.30875889679794
36.90354392887093
33.60578058473766
28.091208739206195
1.1279090121461195
43.75965150486445
0.4076561217448216
0.2182766621860992
18.74929186362715
2.8011077695409767
44.0189102049917
1.210987019861932
15.566123328306276
35.44156619347632
0.4077052931866092
0.13149990984913984
7.1756006851792336
62.94519304484129
28.25756281777285
0.7145961040332622
0.28343683248385787
9.300599974681973
0.12894675859183735
0.395003156067105
35.811608037911355
0.5942755137984932
0.17529623715029174
3.402030676312279
23.558249501453247
0.35192693785757
0.3502753299762844
21.428355160125648
4.888139482762199
0.18811162200927356
0.3533625910022238
1.028724503259582
0.1494662525090007
30.251046580262482
57.74975252151489
0.37083226595404994
35.16578310728073
19.44432176987175
28.74142884556204
0.024295010392393124
0.3092983988826745
0.12267037300296124
24.6447600555839
59.90586631000042
37.937091211788356
63.35187841579318
29.17676995767397
24.03172706843816
0.3254640030804694
3.182643910257866
25.97732170112431
4.464761719325907
10.819987422553822
12.385591018944979
30.970631439187855
1.1101254557015636
3.062568298424594
0.6810999510780675
1.8926198985354858
6.552497218362987
2.332267441917793
50.391771264374256
0.7373888368310872
1.4284239337321196
13.547075785696507
1.3178109605651116
1.6251516847096354
258.45316100120544
23.523042272543535
70.06484896689653
2.048315568623366
35.89829681738047
46.154082000255585
3.3221577242657077
3.3858876721351407
42.15514921396971
48.65711484325584
24.009065705700777
1.5209635711180454
2.8171343736103154
1.6787386642536148
65.37656386289746
4.950483145890757
56.25148643401917
0.7630077677167719
9.476050634169951
0.9206610191831714
1.458790377684636
1.0555272498168051
1.6259512972574157
2.003411151068576
1.1807210261231376
41.720727463951334
32.538540575653315
1.1197355074568804
25.858241617213935
2.7689967984333634
1.4602511954326474
3.3635388035327196
1.7588514870440122
1.3377033137512626
1.0506495288300357
238.43180584907532
22.226267345336964
40.55634349538013
102.78875659033656
1.1585485249597696
1.6318187558063073
24.984944366966374
0.660520251851267
1.3424585124739679
0.5481027825735509
2.965862086362904
2.8649114698637277
14.810009338481905
4.00223963346798
24.189458013912372
29.29592738399515
1.7276289959409041
1.2658808484720794
43.646709490567446
99.83159637451172
0.7283233204871067
4.598782394081354
1.0185733940597856
60.00835462193936
2.4138919099932536
1.5206785469763417
1.200879038675339
1.9356750792212551
84.99370256066322
5.153099589748308
1.1588467097608373
3.1498165177181363
43.47616735799238
37.622777979209786
1.5125334214853865
1.6860622047970537
10.51112910034135
2.099491145752836
32.769761247014685
3.7808362818323076
9.166755388490856
82.18585268128663
47.20367741843074
31.791011502966285
8.290076846024022
4.403558615886141
28.40021356928628
75.38051283359528
90.93527945876122
1.57513707538601
0.8016401949280407
7.4149274583905935
9.862131808884442
106.40599842369556
19.225828437600285
70.54410246759653
7.606288023525849
47.75188229884952
6.994762796210125
61.611785765737295
164.2004269361496
6.992752056008612
50.66964877396822
45.10006253328174
6.241150725225452
7.777570165111683
60.338014451786876
8.384804978501052
6.134944133948011
10.347926360554993
7.524056626891252
6.576812282059109
7.677042025956325
254.25874185562134
7.061352609787718
63.48617969080806
75.59655260574073
40.38525685481727
57.09992876276374
7.048656875034794
11.11373846232891
119.35593974590302
8.047999556409195
4.632180780077761
9.499386401148513
55.222482454031706
62.60073850490153
74.25648403167725
76.1053443774581
120.94083970785141
7.929777053184807
100.57036569714546
94.61220136284828
82.57117196917534
9.200781212290167
12.44726295210421
12.87768717110157
10.493262720759958
64.49201812595129
27.136819913983345
5.685542816581801
59.33961192518473
76.57688507437706
194.0458278656006
7.246177705004811
90.43474102020264
57.930861465632915
6.924637682881439
46.48293696343899
6.329603910606238
5.6942475633563845
9.140225433278829
171.26903080940247
18.501426562666893
8.745400979998522
16.05380846373737
77.2156851887703
5.929788829133031
15.075186893285718
25.348154457286
9.208418556980178
14.659514490747824
8.62116495007649
53.300034729763865
8.649765161331743
6.670506464244681
13.31226905528456
61.28887175023556
55.71634532418102
32.602559976279736
117.82892912626266
9.30434501478885
16.722243217052892
37.73872634745203
14.530476117972285
4.076896202222997
31.711353490129113
52.726891396567225
131.1505868434906
7.483018055325374
105.31911411881447
106.33008570969105
106.41822000965476
49.53790936619043
15.25739162019454
3.754320969137666
11.27548864018172
132.3993180245161
126.77037841081619
0.0413702549512891
0.8617740201298147
0.047187536299702515
42.010567384772
0.354277403341257
42.553585280664265
1.0312917809824285
3.3265762752853334
24.21556503465399
33.89415599752101
0.07228248161300144
64.61408132314682
48.559907427057624
0.46159237607207615
63.17094904743135
33.12417122349143
45.916295260190964
0.6273446538302778
0.6680737269343808
5.223352285451256
0.10111672513448866
137.32137364149094
0.046389996919970145
0.09465000304044224
12.149010760709643
20.242354050278664
0.23331161085116037
36.60553426388651
84.79792271740735
0.26587920810561627
0.31549121323769214
1.3508093251803075
0.297950424701412
50.018101855996065
41.49675148539245
0.06453133441391401
0.13492698327172548
0.7067619089502841
0.5362916327139828
0.0981825343114906
57.64954083276098
96.54326479136944
0.04683750720869284
52.204948977101594
5.507229538634419
0.05855946790688904
0.1279663371915376
63.25517714815214
52.478861827170476
129.4068033695221
33.62027461407706
0.9938694644952193
50.70822312294331
59.7644928265363
2.173037173517514
0.07514458924379142
4.000553734600544
108.01667708158493
0.23652823713200632
0.1772596013979637
0.14632569858804345
0.11997889142139684
36.63836370850913
0.7879414614872076
0.07709165241249138
0.243379737570649
0.31129013338068034
0.2173657357270713
63.2109050899744
1.588315959466854
35.23771862522699
0.3897584318765439
0.09779086332127918
0.07263306173990713
0.2197392425732687
2.0203496323665604
0.08662699615342717
30.329359710216522
62.836401507491246
82.57371946424246
1.3740467936804635
40.25368202532991
0.6789140579203377
0.02707019511217368
0.04184680842081434
0.26956193869409617
0.06080523791251835
0.5597526395831665
44.340311232663225
52.992043516307604
160.68672668933868
61.63581147789955
12.005164252594113
154.95944225788116
18.491256967186928
25.327745457179844
95.9016468077898
12.42907527423813
10.962966046645306
203.2283058166504
18.36503031430766
32.83211221918464
7.932081830804236
34.846841275691986
12.727969853731338
11.277023052622098
9.262515351409093
198.48220014572144
17.09272951260209
48.049478486180305
48.57829296588898
14.352558978367597
55.43147253990173
9.304631661390886
216.40822052955627
12.715894345194101
90.17296171188354
10.023027429822832
81.15615150332451
13.032042387407273
83.43177381157875
38.41657084226608
23.918781461950857
10.49449957953766
66.71473254263401
135.9034687280655
