21.066189886070788
16.172952647320926
17.797457171604037
15.018705408088863
94.24557269364595
117.95742827653885
11.55274886029656
10.017322038707789
13.638389526633546
13.514818787807599
14.521876022219658
11.44000154780224
72.3730355463922
63.902598444372416
123.5698105096817
32.888981491327286
22.04657102865167
20.517822623020038
77.69348115846515
28.57716046832502
31.84354734607041
25.561642980203032
144.07077991962433
129.77020573616028
130.79375019669533
27.58638032246381
119.6656446903944
30.455626679584384
120.17483323812485
138.15967214107513
34.5709170345217
149.88027095794678
33.832234067842364
160.7571912407875
22.17514743306674
135.17530569434166
31.695045682252385
133.49465979635715
45.85854449868202
58.372244492173195
136.38977468013763
50.23309755511582
155.50112442672253
119.46346461772919
37.89297644793987
40.449341893196106
186.98316776752472
60.565199030563235
73.0567871555686
6.0968184429220855
8.510017993394285
9.228677015285939
51.91506775096059
18.106272662058473
87.60233002901077
100.22419737279415
14.637869942234829
17.198795786127448
14.736988906282932
13.968899665866047
39.81463183090091
11.895766312722117
7.651629695610609
13.496670021209866
44.95263394899666
119.32402840256691
105.18961024284363
13.844256042095367
16.772980264853686
103.09099346399307
17.502494387328625
27.546155259013176
21.16673124395311
15.877511606086046
73.11629658937454
80.59640049934387
16.343813637737185
119.77891567349434
103.66686379909515
88.24274384975433
28.455459565855563
19.02485829242505
22.671545253135264
205.5962951183319
32.57400882989168
193.4281301498413
104.01894998550415
31.44428309611976
37.15771327354014
21.418553051538765
21.23413375276141
92.79935583472252
25.866032851976342
98.41639459505677
29.77249273750931
103.90129420161247
20.04754313826561
24.328294150531292
141.32414025068283
35.81181832868606
34.66165973525494
8.103443057159893
8.321918393252417
122.60730415582657
10.801505712792277
133.46590061485767
7.48779932706384
10.069162771105766
5.741083430591971
98.55932204797864
7.176301692263223
8.132593908056151
8.48676112794783
116.21603047847748
7.05653671536129
118.59626725316048
90.78686657547951
6.744304747931892
6.520381297217682
8.063939417363144
140.29146137833595
27.251480964943767
7.360605418914929
95.32463230192661
46.841589625924826
31.917300071567297
55.26066417992115
43.10622855462134
43.94151559099555
77.63157135993242
31.423545468598604
28.43556995689869
27.795202194713056
29.70328042190522
132.04763811826706
19.264184781815857
16.312290642643347
17.70167807978578
19.419569839839824
19.43473040155368
87.2966515943408
12.399220348568633
14.211765384301543
15.747846524231136
167.62518107891083
16.267453440465033
18.01378629519604
138.53503242135048
44.678916085511446
20.437518246471882
118.28757421672344
120.49576187133789
153.8121316730976
44.13232443947345
51.20833136420697
19.069899577647448
17.207502285717055
19.671179401688278
16.3807131331414
14.001135335071012
67.27238978073001
17.738267832202837
16.580970813753083
12.616434681229293
13.200720464345068
13.312673921347596
10.701327402406605
12.167603677575244
66.34043765999377
12.071830479602795
63.1015770342201
102.31499729305506
14.282567672431469
75.5891838837415
11.485742692668282
12.555603949731449
9.403878360815725
76.90179906412959
10.410569294093875
11.575408864271594
106.15578820742667
60.844598648138344
10.96371672177338
67.10781574156135
155.62196016311646
147.84612542390823
94.29024844616652
121.90013599395752
31.567746170796454
124.85457734763622
37.4910062905401
35.76545388903469
41.56600698956754
39.04012821940705
99.39676667749882
37.05291166482493
40.62072045728564
36.73262918740511
30.935873066540807
119.10782220959663
30.795060532167554
138.99021288752556
49.14030059520155
51.07650143979117
111.75887089967728
44.014797303359956
95.091353058815
50.986452454701066
96.87592792510986
79.68618527054787
93.88686561584473
46.71272689057514
49.14516982040368
91.89074395596981
33.86626412253827
206.33908998966217
135.49157106876373
143.7654139995575
27.606104400008917
20.252017243765295
18.373016997007653
18.95519239571877
19.752176108886488
30.745249083265662
28.990811741910875
140.3525785803795
27.810262749902904
114.10380434989929
26.813172610942274
26.912249211221933
166.9299612045288
105.19482246041298
21.67998012062162
27.16770998388529
149.2557371854782
167.82904130220413
31.347171396017075
38.29778224974871
13.303860666899709
36.57536841346882
43.945413124514744
43.80573005601764
41.40968859102577
12.815972106182016
39.52561078034341
16.25728486321168
11.720051752810832
10.995931850236957
47.242442378774285
17.460682714590803
16.25489772646688
10.634881226724247
66.87392481090501
47.855919173453
47.63530096458271
57.193542927503586
57.97704918310046
10.541592817753553
69.26438013929874
99.81287914514542
11.083558096550405
7.188312767539173
12.033050498692319
71.2351791113615
9.047830095048994
93.24844244122505
8.099436380900443
113.84050260484219
5.339507095573936
9.386797633487731
5.700943213887513
9.198826319538057
7.496851280331612
10.708633442874998
137.3555599451065
6.2962035776581615
4.812176615931094
11.40182558633387
11.013187900651246
143.05633956193924
4.45000748563325
114.81799083948135
5.385222869343124
7.204337179195136
10.03937215777114
6.355124247958884
55.89657319895923
58.212795194238424
52.027190923690796
46.02950123976916
26.57628654036671
29.06879731453955
54.477781577501446
39.40201689256355
34.166434986982495
55.98354105837643
92.00074170529842
47.34874794818461
64.90859713032842
97.82323634624481
46.00021484866738
85.49570506811142
47.38454993069172
37.98054235614836
141.21342742443085
23.364346200833097
31.00987491477281
29.579184195026755
124.16228201985359
14.846044962585438
25.00008326850366
13.34093812140054
17.210981773212552
154.71641945838928
110.07776302099228
127.68666043877602
31.387481693178415
127.79347214102745
37.178928289562464
22.203386458175373
21.10499671063735
21.184158290234336
21.354696784168482
23.357184403866995
179.76246809959412
23.885795310110552
27.30225953971967
31.233555985148996
24.88171592693834
23.809095300151967
210.23243653774261
166.63854491710663
27.909953233553097
24.09148781117983
23.694818072253838
24.075732039753348
126.11082604527473
143.02859371900558
111.64574718475342
26.36141774058342
111.44847890734673
127.78373128175735
23.0235870082397
25.23600690998137
23.960671448381618
23.20327649009414
25.64838919043541
41.58480001077987
45.75089628063142
44.03866037167609
124.89786463975906
40.35613000765443
29.55176192568615
105.7271298468113
29.159039291902445
79.99184562265873
46.80796925909817
39.10484284115955
91.57281883060932
17.682302781264298
173.4289819598198
17.462723389879102
102.35693076252937
13.945726336125517
21.85874075454194
17.539264974591788
100.08866140246391
16.91506891325116
16.863214243669063
18.56605799551471
90.7270143404603
88.76741430908442
18.52818196681619
15.044461350233178
46.55103865265846
118.2270505130291
122.97521063685417
107.42995668947697
104.49320867657661
95.7095153927803
22.72898565579817
24.004389605135657
39.583281338214874
85.48780450224876
22.289567948319018
21.262839573435485
30.44030138105154
24.31356289749965
100.65585805848241
23.21713473694399
97.82115688920021
87.48267471790314
38.55532021261752
33.85439497977495
25.18053558561951
29.59932038374245
26.40135502908379
46.935589358210564
108.13720117509365
28.36752323433757
99.68731337785721
33.97804655134678
104.17728340625763
35.69796571834013
39.32353185117245
33.89946440467611
33.41064042877406
145.26580294966698
38.01495862560114
190.25417757034302
30.370661191118415
28.985210147104226
26.604410353465937
23.431813138871803
22.418600977864116
27.06989020871697
60.46774958015885
65.90750205889344
8.663404004415497
68.70370391570032
8.55098329577595
6.950588748033624
5.343042710039299
47.39409210346639
69.79369623214006
48.88310408825055
53.42599396687001
5.291373579471838
7.306596714537591
8.80026343811187
90.93048020079732
5.701262486385531
6.296164444138412
6.181949078629259
43.29128977097571
8.085856307996437
9.67952803755179
8.743796784430742
220.73493194580078
6.03599376877537
8.229442739859223
6.238646892015822
35.884698163717985
122.08591419458389
70.05167995020747
17.099229330429807
19.26966083375737
73.71969018131495
78.94760987907648
61.7223126552999
18.766753749223426
22.886670117266476
21.0258355087135
25.11477290838957
26.957675161305815
90.98731410503387
95.16507337987423
35.39499640930444
79.2386694997549
30.638285184279084
33.994210444390774
30.779043670743704
33.09905621409416
33.188831904903054
34.35620776191354
126.82767677307129
40.46952942945063
28.203380964696407
32.78422005334869
49.300005193799734
103.27500009536743
70.33670106902719
89.32641220092773
52.46555418334901
61.88299100473523
126.52348363399506
98.4134983792901
93.38945736549795
108.01659251749516
90.39089252054691
89.52788247913122
52.39601296931505
17.56598481175024
54.71853766590357
23.92268935078755
19.85898785799509
72.32270007301122
22.134908812935464
79.73273062333465
28.611670749727637
57.77339059859514
26.240010618930683
25.40736603923142
22.91318875318393
41.62163276551291
79.78113986551762
13.881375456228852
70.04567759484053
