22.68822398968041
23.24885040568188
110.95904025435448
105.93528151512146
22.532708788639866
22.397212290146854
21.905080975149758
21.54543686064426
29.17090261192061
21.98002666782122
23.699437686707824
138.711989402771
73.07345636561513
70.52754148840904
97.9745409488678
167.02649998664856
93.84772838652134
99.77378852665424
96.78492388129234
271.17255878448486
106.85338985919952
162.87304520606995
39.78903632611036
40.3460141569376
22.717196861980483
23.605475212447345
24.024403259216342
27.831331075634807
26.57284865528345
107.71901273727417
42.56685575097799
239.72601008415222
231.3477122783661
39.75512284785509
24.705337372375652
199.58882355690002
27.61681861523539
61.68921976722777
55.30391009617597
185.73624730110168
61.816764414310455
152.08184158802032
43.38556953519583
74.28770118951797
140.24141132831573
62.23245855793357
172.3577377796173
24.237902028718963
25.513882702216506
49.58868632517988
24.436123017803766
25.891333481413312
19.444021276431158
24.22732777800411
25.53841040399857
31.445463396143168
21.53913252899656
26.532279642298818
123.5597894191742
28.18487824779004
25.772921418771148
20.200904012657702
100.579798579216
41.243293173611164
24.615847704932094
213.54881942272186
19.49575592414476
17.075754453129775
16.7691804615024
20.898436871357262
95.33365499973297
77.45034509897232
168.17654824256897
19.262447721790522
24.07005980471149
17.558003035315778
163.70127296447754
152.7276508808136
153.34358072280884
55.50900059938431
29.43780237273313
20.572293584235013
20.439577765006106
31.43079376593232
200.0674810409546
163.4415476322174
22.84908153489232
24.73199870623648
127.03587174415588
131.07453572750092
207.4726481437683
117.94606828689575
57.68495322018862
49.38826262950897
68.77892625331879
25.87474586488679
33.25280493032187
31.13139658048749
36.88878459855914
42.16268894635141
43.70922796614468
24.66159301996231
101.78466629981995
27.98672766238451
158.76532673835754
22.80041601881385
19.81562146358192
225.22518873214722
123.21388149261475
18.259948460385203
20.991291619837284
99.7060751914978
30.061129719018936
75.33345866203308
320.57871198654175
61.44841052591801
154.10315263271332
152.64300203323364
17.683536568656564
119.32202315330505
88.56115210056305
92.45650488138199
31.471967302262783
74.18287070095539
119.7821891605854
162.48507642745972
42.51930953748524
42.296300016343594
50.393523931503296
88.19245845079422
143.47309625148773
38.41652688384056
251.8246922492981
213.27384638786316
18.55921346374089
14.863081183284521
17.108675418479834
19.49266738910228
17.852364012855105
18.727503270551097
22.272273778100498
20.000513636041433
141.82477682828903
24.010984387248755
145.24203038215637
181.97120034694672
210.74221658706665
27.98946368135512
42.77830030210316
25.510587900877
28.435692101716995
22.71412706002593
30.952606316655874
18.496387171093374
21.63820070854854
98.32870703190565
19.557980543584563
20.50976030761376
24.03036581352353
21.69677361336653
19.57454022555612
24.09895587223582
22.212070855661295
129.0196554660797
134.76619148254395
13.074159905314445
7.257453647442162
8.197102215141058
7.459703765751328
41.86519159376621
5.846851455047727
7.919511985499412
11.006687811343
7.096702546114102
86.87326419353485
8.078541065566242
5.877801296301186
8.496399057097733
7.250148952472955
88.07170636951923
118.73700892925262
83.08074915409088
7.178512569516897
6.242027355358005
213.59018874168396
42.042242301627994
36.85682996036485
39.68856319412589
35.74721361650154
40.87558292225003
106.77886319160461
35.30401159450412
28.67720738425851
111.67828410863876
26.176028846064582
24.536430704407394
40.18610609322786
143.05435198545456
136.84642791748047
170.89339971542358
43.18669103085995
39.15315883792937
35.892893955111504
119.23918747901917
30.73562878742814
22.374432620592415
76.2913430929184
35.424772530794144
18.184270509518683
22.455387474503368
20.929611237719655
26.2531773801893
19.44355702213943
140.1573257446289
50.587380327284336
192.06984496116638
82.75134593248367
117.2311635017395
141.6059786081314
42.082299545407295
33.98083703778684
35.53469593543559
37.36634186655283
45.41080256551504
194.17983269691467
43.201901376247406
52.8667024821043
142.15459179878235
128.17926973104477
129.54348462820053
39.48245346266776
35.120565086603165
100.62978994846344
94.3303053677082
132.40010201931
54.50871544331312
149.0606871843338
174.92897403240204
15.971540972299408
14.910533624584787
41.94085742626339
20.41699933295604
22.584724627435207
23.98516535758972
128.0431182384491
23.91168804676272
47.71822655759752
21.146892294520512
23.612048440380022
42.65616559237242
32.637420776765794
49.66285032406449
60.52216223999858
25.28039884287864
105.27538180351257
90.94497203454375
10.7062416804838
141.5034574866295
13.301463962066919
71.02861493825912
17.424223631620407
27.195541076362133
19.707111686468124
210.15193557739258
146.89143812656403
13.15987036889419
18.59013830218464
13.413136851042509
14.644881877000444
21.122985519468784
16.57710932288319
179.3669078350067
20.841426308033988
22.132913635112345
177.23760437965393
157.58164274692535
16.543467180803418
16.809712579939514
26.521436293260194
14.477591016737279
18.13248835731065
21.728274792374577
21.13351843249984
168.97718501091003
35.47343225777149
29.319602474570274
132.0992431640625
57.262434020638466
59.98209185898304
113.55613324046135
24.587208820623346
53.53665028885007
32.305029541719705
39.70390133652836
30.33533858973533
79.67138938605785
140.65827597677708
41.185141070745885
42.462880661245435
163.55985236167908
43.67037212429568
67.06105812638998
40.91821821499616
270.48386001586914
205.42432308197021
48.143758811056614
153.8642693758011
60.99505689740181
80.22521382570267
119.53554141521454
53.682673156261444
161.19311726093292
86.90654641389847
98.0311763882637
103.7002717256546
85.7181236743927
228.63397574424744
269.40788197517395
106.70818650722504
15.645965393196093
15.535810728615616
14.191284939159232
14.5046076165454
17.978765868931077
17.223375654692063
16.980372375284787
25.163061544299126
183.63358688354492
211.7100009918213
14.93363102216972
15.69795395762776
24.999782708240673
22.255773251410574
35.112350846640766
16.823867053491995
18.82652197405696
230.55490803718567
74.10138380527496
25.29010921344161
24.60005183517933
140.36160969734192
25.761984944343567
16.947956077288836
22.95898661017418
20.902757294476032
20.011240169405937
56.70999479293823
83.00905165076256
165.62921690940857
217.07068967819214
92.18658149242401
164.00977516174316
75.95145791769028
160.99412775039673
72.53638249635696
55.114318273961544
70.55614621937275
129.75072193145752
71.75391313433647
150.8885279893875
48.551026955246925
133.13913106918335
35.52940720319748
30.914482302963734
153.1613335609436
27.211380876600742
31.12811604142189
21.83873013406992
16.214362246915698
20.82623948995024
20.93820714764297
132.07826054096222
26.18778222799301
17.58616668358445
129.30263197422028
131.7125408053398
131.49554324150085
114.67421764135361
219.5031294822693
132.9081094264984
116.52535891532898
81.21949553489685
30.92148656398058
32.08214981108904
20.617850007722154
19.255875333677977
18.683359995484352
23.732080635614693
25.298460027202964
23.87316018808633
20.385030126199126
28.608825728297234
34.924790658056736
104.09767436981201
44.83176874369383
55.39407828450203
207.10333895683289
41.83855348825455
34.6170165296644
47.44041645154357
240.22809600830078
116.19022071361542
21.149888237006962
106.36425757408142
392.1113386154175
16.528728891164064
16.709362362977117
13.42445147014223
232.5695185661316
165.47668147087097
144.7836058139801
15.894451824948192
14.958360695862211
12.322133154360927
10.991730258479947
14.346712686528917
10.753227106491977
13.9105846141465
128.7818796634674
24.21040017157793
82.58589720726013
24.18698001652956
175.7510735988617
20.100684002041817
58.63453710079193
15.191876872326247
15.740439997869544
15.173372711287811
191.50955021381378
148.56543159484863
108.21937584877014
15.022972170139838
35.5130738185253
33.46246245934162
20.00040174741298
70.5506084933877
24.50949923787266
31.044011492282152
122.52043032646179
28.365888549014926
29.635550387203693
65.25868755578995
54.645594872534275
63.23408913612366
42.33225263655186
163.03860878944397
39.11422634869814
104.66635632514954
130.39424514770508
99.97513991594315
28.23037567920983
37.023972533643246
108.11209058761597
41.464831937104464
41.659240214154124
67.85100054740906
124.64013826847076
142.33688354492188
59.9424714744091
83.23434698581696
213.80300188064575
48.408314384520054
61.11726925522089
127.38013792037964
56.008862406015396
67.52676701918244
64.81162588018924
49.5824455358088
54.335101276636124
116.732741355896
25.600540440296754
30.803292479366064
116.03493674099445
64.60877393186092
18.887147044180892
19.64946468314156
120.58815786242485
23.351164183113724
22.611365216085687
19.91212577087572
21.024237292120233
19.629071483155712
72.60707410424948
15.222282450296916
63.39538536593318
14.086619335779687
18.113839915255085
58.356610319111496
60.95815462060273
18.035897002439015
16.47105648671277
19.22612365684472
20.042976275086403
130.18719363212585
22.487550418823957
17.56100499117747
17.685423851246014
17.216298183891922
