180.4888048171997
206.3475534915924
39.08302716910839
31.626632504165173
70.62755805253983
35.650134325027466
37.83488446474075
30.73178895190358
47.071753695607185
34.878696620464325
33.954695254564285
30.10768250375986
60.323724906891584
44.103879240341485
179.06290578842163
276.89223766326904
66.25373886525631
77.63386583328247
74.90514310076833
55.343520164489746
104.75283509492874
131.90650868415833
34.870747150853276
32.69460350088775
42.95172016322613
184.34744834899902
35.972868006676435
200.12641668319702
38.83785681799054
60.21965205669403
121.79542350769043
131.57822251319885
35.21158868446946
38.48855113983154
46.19070762395859
225.96939373016357
40.826252557337284
32.114508270984516
30.16006089374423
38.37195302918553
34.746055506169796
235.6941041946411
41.76212698966265
131.86734747886658
80.97231924533844
52.40437923371792
108.66035676002502
27.440273964544758
31.242563038598746
172.92409420013428
32.791098007466644
230.6718306541443
36.87184872711077
136.66608476638794
50.16058924794197
108.09393167495728
167.16737842559814
157.08851873874664
45.535332784522325
217.49328756332397
37.245938489213586
32.9513022787869
19.558000910968985
334.36483097076416
21.979782730690204
39.84659454226494
22.021161001175642
16.542253446765244
190.29915475845337
37.55578690767288
138.73617386817932
74.92613965272903
39.788976073265076
161.9406533241272
33.64575858414173
233.94510078430176
35.94551236927509
259.4622440338135
172.62951183319092
193.4696922302246
32.43264074251056
29.45392505824566
29.511857824400067
153.5463469028473
51.132594645023346
45.94839272648096
150.8261308670044
30.317486584186554
35.133801110088825
128.51760339736938
48.091581761837006
46.605016122572124
52.50430256035179
42.720333278412
48.88695131987333
190.17143630981445
199.71835327148438
57.29854807257652
137.78121280670166
126.60434532165527
90.32215359807014
203.57555675506592
85.54071044921875
75.87617063522339
150.81299495697021
189.29462480545044
139.92827892303467
68.13984847068787
201.85629034042358
180.07608342170715
140.3344464302063
154.96586561203003
181.54468631744385
103.58157801628113
246.0611653327942
106.2983872294426
54.35853213071823
117.63647699356079
59.79558336734772
172.79425597190857
122.94249224662781
223.13313245773315
72.9850143790245
38.40085104852915
27.2796153225936
27.20191296096891
35.09179478883743
92.1320629119873
125.16413974761963
32.62423595506698
30.95866620633751
85.52675145864487
78.656170129776
136.6887457370758
84.07325255870819
174.2054944038391
82.19214415550232
319.6737446784973
223.0450987815857
90.12620007991791
346.0406975746155
266.6181378364563
76.93197482824326
128.59974431991577
159.05710816383362
85.33252763748169
176.70675373077393
134.27356243133545
265.82079792022705
87.81971281766891
169.69441747665405
168.74178791046143
61.86742585897446
126.6019715666771
45.67222347483039
39.35229530930519
37.96791651286185
144.70528268814087
41.492786929011345
27.044695740565658
38.222060695290565
172.4626703262329
92.71059519052505
39.3475805670023
43.00809931755066
46.68100978434086
31.893103882670403
254.65421152114868
30.448503263294697
144.12210702896118
27.124760948121548
184.59266328811646
38.0616834461689
182.78101897239685
28.398007214069366
110.58947849273682
145.2960503101349
30.56570364534855
152.70870399475098
25.555329114198685
28.76424027979374
27.116527199745178
31.324347592890263
154.01822543144226
199.74888563156128
219.9304084777832
49.672414407134056
68.3395379781723
141.16196584701538
193.8887631893158
43.1241471208632
44.305478036403656
19.921027540345676
24.966713109402917
25.325952009647153
21.33134628785774
26.20124311046675
24.67719158064574
59.07248216867447
42.8124569747597
47.689071379601955
70.33043841086328
76.49078622460365
189.64267706871033
80.90202531218529
69.10607753694057
157.18453788757324
84.75633823871613
123.707448720932
107.62707710266113
249.1508069038391
60.86105406284332
72.19680690765381
178.78273582458496
56.11193942464888
52.88935896568
84.85126000642776
87.10909539461136
102.01959216594696
52.539219196885824
43.11264491430484
42.17679452127777
42.748801541514695
45.982839150354266
56.00053150765598
56.822608914226294
58.6915245950222
47.28343527019024
203.47401809692383
100.1407533288002
92.88741999864578
184.53601717948914
180.77609014511108
75.81531083583832
106.8250538110733
87.94672906398773
93.73322188854218
119.12677896022797
184.80047392845154
77.29537642002106
71.47498390078545
223.79309558868408
95.75187733769417
83.34434884786606
194.95828557014465
195.48389768600464
212.35432195663452
269.7842011451721
239.30298471450806
147.55871891975403
308.8016414642334
350.3619604110718
104.12025332450867
193.86858463287354
199.34874200820923
12.729642497375607
14.367589437402785
114.85358619689941
14.129909161478281
31.631970658898354
99.51608061790466
10.160441010724753
24.210995629429817
12.033589572645724
12.238999879918993
26.43803635239601
10.30612006294541
107.16709768772125
88.51667761802673
86.35937267541885
19.904076471924782
13.449230203405023
94.93728291988373
19.04833323508501
18.087201247923076
11.781032487284392
7.449607977177948
14.623865368310362
19.70710110105574
9.244300744030625
102.40388214588165
12.983258330263197
31.91982400417328
12.931172283366323
12.589738382026553
12.437851129099727
60.76648956537247
111.19166553020477
70.21210263296962
69.11747811734676
49.25975625216961
64.8855839073658
149.5098397731781
59.40143470466137
55.415750704705715
57.78697444498539
94.06651316583157
146.28510630130768
80.32123929262161
166.83334231376648
216.3746178150177
90.06953861564398
196.4125199317932
75.70547300577164
83.06675250828266
52.22754932940006
118.23961043357849
56.72168332338333
147.81100630760193
51.95169949531555
80.38526259362698
150.35743737220764
80.78005993366241
89.73259982466698
229.63690185546875
66.47872640937567
112.68161952495575
272.9381115436554
82.05751845240593
94.83664113283157
95.21801418066025
64.88895481824875
155.06315732002258
232.1164960861206
72.5652174949646
179.73802971839905
200.67749071121216
98.08164286613464
87.96107405424118
127.34833669662476
150.4635145664215
201.3957176208496
107.85643719136715
189.35583591461182
223.28977274894714
173.84272933006287
162.7342507839203
138.46541345119476
80.85541212558746
87.80666959285736
118.04270696640015
75.50975912809372
142.31241822242737
217.85802698135376
71.7428849041462
71.74957954883575
138.14255213737488
168.47472524642944
80.09188604354858
63.40830732882023
57.42295593395829
53.804360300302505
97.72983342409134
138.51961505413055
168.97920489311218
71.63948601484299
52.06780555844307
103.19026178121567
62.17691622674465
93.33049774169922
176.91822171211243
20.42642180621624
23.933305010199547
85.51746082305908
21.05306133814156
20.31703720986843
155.21230840682983
24.31640323996544
128.05620074272156
25.224479747004807
15.049065336585045
13.671921319328249
18.76048378320411
89.17131555080414
62.2749545276165
170.70004415512085
151.97937846183777
67.04806142300367
44.22750669717789
54.89012286067009
93.01324552297592
41.65505167841911
47.829497538506985
141.732195854187
27.728859754279256
95.13400542736053
144.79257774353027
35.30471508204937
36.3588435202837
250.66511297225952
130.2590835094452
146.5046832561493
81.50121459364891
81.21328610181808
77.91777443885803
49.331326603889465
114.06264853477478
210.29475927352905
115.425825715065
77.75693660974503
163.92831993103027
97.87236893177032
155.49364805221558
110.12338817119598
126.78064954280853
87.65608566999435
70.31963381171227
199.20780563354492
180.91805052757263
185.99968123435974
69.14695328474045
183.1506416797638
189.0545036792755
85.7957216501236
222.367938041687
227.45532751083374
240.68908309936523
84.06898739933968
5.336638904278516
3.6140286522713723
7.577261328697205
3.314054011767439
127.51502060890198
4.185002647107467
126.27011060714722
132.79679775238037
29.945483803749084
10.606474407482892
4.978750343783759
7.783371270634234
6.478134110482642
183.13742589950562
202.35115909576416
273.433434009552
162.37123107910156
44.94979712367058
242.33075523376465
112.04458212852478
22.0172845646739
10.6662517786026
8.99714917037636
7.087590678478591
54.17327144369483
119.09352385997772
135.12563109397888
156.00454187393188
168.71459412574768
37.4499926622957
28.076989812776446
34.20635852962732
30.380961652845144
30.695338571444154
42.453534374246374
56.903690189123154
97.86812674999237
147.00746202468872
58.16037638485432
74.89369156956673
114.1924695968628
159.60327053070068
52.58182644844055
71.26943385601044
180.81796097755432
75.44823243469
50.334017515182495
49.32551468163729
59.006810672581196
50.26104021444917
51.39958770945668
134.62328028678894
158.93063116073608
36.24733151495457
24.45271984860301
90.00409817695618
25.811900191940367
32.51052515953779
124.22064888477325
99.22676837444305
25.750959363766015
31.682334729935974
26.414234730415046
31.719284229911864
283.98312759399414
293.2658905982971
73.91557148098946
83.38623243570328
82.44829440116882
219.3129687309265
234.39784383773804
213.2381672859192
75.53397232294083
80.4042654633522
102.62466502189636
204.80504846572876
181.51644325256348
191.84399271011353
88.36579310894012
239.31824016571045
