37.474141110666096
36.74999484792352
40.96139696892351
151.61553144454956
50.06418463587761
133.10704898834229
211.06501960754395
42.24921338260174
134.99874758720398
58.27035854756832
46.59009377658367
21.977039590477943
25.76467060507275
205.78046464920044
24.5628270492889
23.3214072547853
21.999657870270312
22.926317212637514
24.309194535017014
23.796690529212356
21.647578708827496
165.44158458709717
25.03029015660286
19.046410794602707
127.00837504863739
20.327953876927495
98.2840393781662
170.30139446258545
162.99936437606812
27.306992076337337
30.537024274468422
35.00142501667142
81.76398223638535
25.14603402838111
36.340656735002995
26.658901408314705
14.943954467773438
186.00659942626953
20.944641104899347
248.92302227020264
101.87368321418762
155.83382177352905
114.60790926218033
22.425882420444395
22.208920448436402
20.20747564791236
30.80442562547978
30.821315076202154
112.90296143293381
35.343296483159065
27.872329775243998
18.117606047540903
85.28772675991058
16.026283475221135
18.988475119229406
18.387309721671045
18.00072896364145
18.336749557056464
22.19522051140666
23.515063539147377
138.77869582176208
41.923470824956894
164.61269903182983
48.726551935076714
184.1179072856903
64.02561882138252
120.11778628826141
118.37281930446625
83.0222772359848
43.631761059165
145.69450974464417
215.86726808547974
270.76236724853516
114.01275551319122
81.2864927649498
250.1039261817932
118.80951845645905
162.89124846458435
60.12115456163883
240.3262276649475
257.8080937862396
63.8020866215229
57.41441580094397
64.94345756620169
53.1794120837003
275.72403955459595
154.9623544216156
98.48301196098328
203.26311349868774
61.82901880145073
207.93322610855103
183.70903873443604
75.11712926626205
100.12153434753418
298.55076026916504
134.12529850006104
368.42352962493896
242.12372016906738
250.45176553726196
235.7777042388916
92.23059564828873
65.21018853783607
212.51336145401
68.18807725608349
49.43539820611477
209.08619856834412
219.65717673301697
40.08677779138088
155.91769433021545
37.059795681387186
32.673996705561876
33.60969064198434
36.02124498784542
234.25259828567505
196.34836745262146
65.99373595416546
179.8964182138443
66.90730725228786
31.947821140289307
89.30238211154938
26.448956061154604
32.03708367049694
28.844767972826958
108.80749034881592
166.9079294204712
44.918980680406094
166.10192275047302
58.02691087126732
155.47866296768188
236.9490065574646
174.33790683746338
58.726104110479355
55.2656384408474
126.82086169719696
34.53828996233642
36.88181856647134
170.855792760849
33.34009340684861
32.60054365824908
36.13148119673133
160.91396284103394
60.42826792597771
298.7391481399536
232.62301206588745
178.44944429397583
46.84244254231453
110.57767224311829
29.48919953405857
23.982021890347824
17.03205901104957
250.9812970161438
111.1480302810669
44.66375472396612
71.85301917791367
167.23758959770203
48.43194629251957
36.90516631305218
21.793657599017024
36.41037067770958
26.432428304105997
22.665388748049736
25.61593977548182
18.329657385591418
38.64869459532201
34.51215098798275
152.43545579910278
41.083301566541195
117.06383395195007
33.46602394990623
67.73556926846504
42.55855878442526
75.70001846551895
30.0235006660223
145.7222936153412
123.4561859369278
67.81009760499
27.25849148631096
30.999184984713793
77.65301984548569
122.98319518566132
31.404621828347445
17.857578600291163
23.51232395414263
26.946119226049632
138.05634915828705
119.75936365127563
23.899537523277104
23.147418593987823
25.804508224129677
23.158589854836464
24.252868758514524
88.60126435756683
21.904892079066485
30.550180062651634
42.899715691804886
22.011574283242226
28.330743700265884
23.990286618471146
149.84820437431335
69.71451070904732
30.62264636461623
28.10300826188177
32.977231482975185
42.748009875416756
198.58392429351807
31.51196773722768
35.531543999910355
289.08057260513306
57.428173050284386
30.074365571141243
308.30738401412964
86.56034886837006
245.2464485168457
90.65389037132263
254.82801055908203
227.81181383132935
39.06464587152004
88.765844643116
25.012134041637182
139.97548985481262
230.00543451309204
51.28555627167225
309.61663246154785
244.3596329689026
87.03762698173523
356.73076820373535
27.102738603949547
52.916418343782425
123.40858149528503
127.12190568447113
273.2407422065735
256.01929569244385
266.8266944885254
52.810218036174774
232.2102599143982
365.0872449874878
61.27625298500061
209.64745569229126
249.4535846710205
199.93148946762085
47.48233059048653
41.05619939416647
199.04192638397217
103.93890726566315
321.5341420173645
33.431191839277744
192.1866683959961
206.42528820037842
47.7872012257576
232.58590126037598
217.41410303115845
107.75936996936798
20.516293581575155
21.453107738867402
18.447517084889114
19.063001389615238
169.60284662246704
41.51823150366545
39.68869273364544
219.95159649848938
245.19402742385864
226.37799501419067
157.4144675731659
30.77559294551611
31.19650748372078
50.851722210645676
228.9147071838379
25.180497823283076
24.271078609861434
24.539658670779318
24.42322827852331
22.92170600173995
165.0849461555481
71.56289440393448
60.37426310777664
193.86882543563843
258.0873746871948
195.68688797950745
348.1901741027832
97.48809839785099
108.90899378061295
198.9212121963501
273.6869339942932
96.35052064061165
161.9602109193802
93.03563416004181
132.79271161556244
203.46925139427185
61.05068230256438
67.32984169665724
63.381007585674524
84.74625301361084
235.59919500350952
75.04746343940496
57.79021006822586
81.48120325803757
163.33901500701904
33.02313716709614
156.93347144126892
116.70189166069031
35.540977865457535
72.35763442516327
21.344866201281548
150.27900195121765
21.473167449235916
150.7424042224884
15.49897617008537
20.64780192822218
27.72031951881945
133.23210501670837
120.51837205886841
186.10085439682007
45.684039920568466
28.330319594591856
17.310273475013673
21.204229459166527
209.15785217285156
32.581670846790075
47.930640280246735
246.1508927345276
22.64221333898604
27.613358706235886
219.4473521709442
124.90391874313354
143.38854551315308
25.19422490056604
38.973392605781555
306.14352321624756
20.14282125234604
130.48653173446655
10.421520547010005
12.155687181279063
8.602522279834375
94.30643332004547
15.433082873001695
69.18604582548141
81.95817029476166
129.8270812034607
7.446109337892267
7.848238593665883
7.699219903413905
9.30094270373229
143.08230710029602
7.975541778607294
8.48598525871057
8.581451236532303
7.839943603146821
9.05626959798974
7.77308350536623
67.39797672629356
186.78753352165222
64.44088059663773
76.7878839969635
132.6395502090454
221.85889768600464
141.91837918758392
98.90417718887329
120.12245202064514
184.29883980751038
78.5062138736248
71.42115515470505
111.01004528999329
171.44269561767578
96.23348519206047
92.53647166490555
83.66748844087124
209.04995107650757
125.06622791290283
381.9450149536133
125.16102385520935
185.66690254211426
349.25818824768066
88.0905699133873
188.8706932067871
67.2891735881567
80.13902288675308
9.468322318221908
12.435729310847819
20.932811617851257
85.20653074979782
11.476557716610841
10.449290681572165
9.476622699159634
12.491983225569129
84.2886278629303
15.62149474862963
12.099387730588205
8.799194147424714
10.796428284022113
9.520835191142396
10.313866754760966
153.76399302482605
14.287989319302142
10.607196567492792
11.155268193862867
92.7085554599762
16.19907419756055
12.111890668049455
10.935714828614437
10.73909680081124
7.35319700070977
8.1714051887393
23.614172603935003
95.75839149951935
9.779097689432092
52.250512428581715
145.07040739059448
86.54113921523094
151.4791396856308
52.9196914434433
170.7882297039032
46.27679468691349
309.4984321594238
151.78527188301086
62.327399633824825
40.45813927054405
36.81526072323322
32.88574343919754
211.4613709449768
52.39864857122302
26.370123378699645
28.647492970107123
31.78841110225767
29.523663464933634
33.57687400886789
24.566262647276744
30.14435433037579
33.915121474303305
31.225643442943692
40.001203168183565
236.34580898284912
47.83880516141653
26.841928154230118
149.15798044204712
275.1404161453247
223.8898754119873
109.20797526836395
90.179103910923
120.86322116851807
118.00624561309814
238.38084030151367
30.330322429537773
211.43856239318848
211.0020718574524
27.882895167917013
143.62245345115662
28.884144525509328
23.273368367692456
27.86256772093475
28.758515551686287
202.13944029808044
28.36897338926792
29.49326668307185
40.97307698428631
241.2713384628296
182.6279537677765
48.44809651374817
185.7587025165558
186.2198097705841
241.30307149887085
170.72952127456665
36.9194146245718
104.70263028144836
45.06558382511139
33.76230434887111
40.745649702847004
38.84491482935846
256.65090799331665
34.41374769434333
44.62261090055108
290.78894567489624
175.72652435302734
199.3445258140564
55.1887921243906
70.75902250409126
219.2536826133728
46.57595934718847
32.722197495400906
174.47662687301636
51.90842641890049
191.618403673172
56.70019130408764
25.967614287510514
25.850144434720278
35.23904935270548
92.31228506565094
12.273233519634232
313.88160848617554
13.805235487117898
22.75436344766058
11.10469533718424
40.970729380846024
35.57724246382713
178.6297209262848
196.51745653152466
19.6142600402236
199.28622817993164
95.79588079452515
23.171589374542236
49.56427276134491
159.05012464523315
11.080346936330898
9.623301933417679
8.704546060338544
9.875255789662333
20.85691438242793
140.6019766330719
9.981425559832132
11.183932002517395
8.766044302843511
9.357747769376147
9.239552702652873
8.671786984748906
13.977477456210181
178.28036427497864
239.1775803565979
166.06164419651031
101.57167422771454
128.46366822719574
140.36414623260498
128.3011384010315
163.357990026474
218.69066905975342
154.63262605667114
102.4173070192337
136.36061346530914
263.72678232192993
246.2223720550537
103.85131275653839
202.11990809440613
117.23809027671814
176.62203645706177
115.60669898986816
203.4585394859314
432.8990001678467
241.02380418777466
197.8173279762268
147.87289595603943
144.2746341228485
161.4513339996338
277.23905754089355
108.96576583385468
106.84324181079865
96.59728354215622
74.40317544341087
196.9798035621643
65.54949870705605
52.26677222549915
63.69840398430824
172.51875352859497
201.85759496688843
50.811162397265434
56.75666016340256
204.65497422218323
130.29648423194885
293.9054489135742
280.19773149490356
169.69370865821838
218.5262942314148
76.25001066923141
61.43984270095825
45.725198078900576
173.25991988182068
53.672492150217295
68.70096146315336
182.32013487815857
129.36087727546692
190.01479959487915
143.83117771148682
158.83778619766235
169.49217534065247
61.92298195511103
72.33934852853417
203.9630479812622
68.52645303681493
71.17538088560104
229.44661569595337
68.78627003356814
70.96795895323157
58.9909913004376
66.73464340530336
81.07867044955492
161.07891845703125
63.18891712650657
52.95869767409749
52.990995759144425
62.69437310611829
62.1880951076746
132.23902416229248
66.45480547100306
60.074115932919085
131.79291141033173
239.54341316223145
89.34585702419281
164.25867128372192
103.3677533864975
86.62262833118439
148.34339213371277
81.9948399066925
156.87505888938904
25.426208185730502
28.244967196136713
24.49652835773304
206.89796447753906
180.6245574951172
17.955642123357393
38.66594775021076
26.3224981976673
16.901453599974047
124.18862533569336
14.92815552209504
17.250719990581274
240.84564876556396
61.99779471755028
67.85288178920746
43.57086369395256
115.2520101070404
42.4921530932188
133.0044937133789
67.8813545703888
49.66573143005371
295.66458559036255
74.24190735816956
99.41991758346558
69.47019165754318
193.58088874816895
74.87393172085285
61.37833735346794
156.04190802574158
124.65926450490952
75.67184752225876
256.87485361099243
70.32957887649536
80.29641890525818
177.29442310333252
92.34511417150497
127.62881004810333
216.92589807510376
215.3043930530548
117.19298100471497
155.71947169303894
131.18755793571472
75.33954378962517
95.30538487434387
77.71041761338711
120.7880824804306
51.98778984323144
167.1897349357605
83.9040090739727
43.379862543195486
40.254068633541465
55.61975970491767
166.01186227798462
34.76152893900871
29.65629605948925
30.061876348569058
79.51598513126373
180.03890180587769
192.58163213729858
32.81038377806544
93.00581908226013
44.87743713706732
67.27874028682709
51.24523040652275
71.67716839909554
125.37759947776794
30.305417895317078
194.46866369247437
57.52277562022209
35.76141906529665
45.29703512787819
194.15524911880493
178.43733525276184
193.7737307548523
54.71256182342768
203.45021438598633
36.81649927049875
132.60690355300903
41.823095217347145
53.80001715570688
169.36936950683594
173.88618969917297
69.39732789993286
160.1905506849289
174.13026094436646
32.97357556596398
194.6783571243286
177.41301202774048
28.68056065076962
40.51793387392536
179.28725814819336
49.854700680822134
61.976543948054314
91.04074853658676
27.143520312733017
14.33981724374462
221.0250186920166
28.88578101526946
31.434828519821167
13.021046563051641
131.5156054496765
12.153808834031224
11.20134075009264
8.923733961186372
168.74840450286865
13.144366387976333
12.51554013416171
17.147767705842853
225.4253077507019
138.59300446510315
12.349898932501674
159.6923484802246
17.60987353976816
15.746577463112772
142.31906628608704
15.322795004583895
139.22941279411316
29.0281989723444
12.443374255759409
15.325176745420322
15.034247491123097
106.8404198884964
52.443749845027924
124.33561396598816
132.25750994682312
49.77186167240143
46.508589123375714
47.931027450598776
41.43365216627717
48.76814294233918
48.61412647739053
53.94336573779583
45.29274319112301
70.75274696946144
39.95291197299957
69.6983263194561
131.68619632720947
45.93159809708595
229.35692644119263
87.29602086544037
19.432692274451256
110.31058835983276
11.063964702188969
111.59070611000061
18.107686892151833
13.368463467806578
14.150578692555428
16.18509718030691
18.485755124129355
17.052216289564967
144.46736311912537
159.61659169197083
137.48820614814758
20.056690491735935
183.7469367980957
20.71506515238434
25.72824049461633
25.08084029890597
19.558164939284325
18.850092388689518
154.31800150871277
18.632277477532625
22.72663073334843
23.399550136178732
141.4784324169159
10.351200341247022
9.151517169899307
10.073609587270766
13.089271673932672
17.820975035429
90.71249842643738
89.20403277873993
11.246435075532645
114.76149940490723
9.886109009385109
25.137428671121597
127.35581278800964
20.966169375926256
214.86679935455322
71.95355872809887
256.14186429977417
50.06946924328804
105.56107246875763
65.51395677030087
54.63419073820114
85.15699091553688
73.9398940205574
122.87134432792664
77.7969463467598
232.60005855560303
206.626389503479
71.50224500894547
127.99327731132507
63.51579487323761
128.13856530189514
