1036.7983899116516
54.71020769843744
675.718691945076
277.76797957345843
134.1044685197994
99.2476607337594
208.5134808421135
467.859372779727
69.2615144070005
65.8895701803267
332.5821058154106
46.04885231330991
638.5975040197372
74.01410446688533
404.234313249588
807.5903925895691
107.90554670616984
935.0680284500122
85.54981629177928
220.7594790160656
123.10191222466528
1189.1896886825562
761.606659412384
50.51000556086365
502.7850685119629
81.04144617216662
961.4786772727966
1443.6072406768799
850.4328489303589
674.8987131118774
102.62674528174102
925.4935617446899
56.534978003881406
191.59365558624268
684.6642272472382
54.71931363416661
92.21515665575862
584.0784573554993
998.5702114105225
64.9979280945845
638.8112454414368
340.69303542375565
102.62674528174102
1601.224814414978
561.5651750564575
800.0424537658691
169.56707073748112
541.2406766414642
61.51716058359489
45.36096308449214
49.96732836170986
37.3877731315564
72.74911300570238
123.37001642820542
990.1442108154297
67.8740500674221
722.7621273994446
177.7454169727862
45.19080909924742
779.3965859413147
50.436548861153824
97.22825660093804
41.92658420589032
797.8264899253845
110.70126160234213
75.47952270742553
371.86708503216505
52.00441374789807
100.65727190533653
614.1581199169159
132.47116085889866
101.25708713103086
85.10410043888987
78.06130701820439
694.4055976867676
117.04279402946122
51.615977977082366
52.680775660366635
149.2841807808727
108.93782906048
94.6243024179712
518.9540703296661
853.7018103599548
44.162363645490586
45.9420515552024
589.57135617733
151.27239245176315
568.695276260376
259.04488104581833
556.7921195030212
61.11880711757112
1244.5498819351196
110.60232683166396
47.56854241903716
639.4870348647237
37.60629439603508
34.70640420267364
72.01784816209693
169.4433752000332
59.61125706583152
449.47883808612823
78.21746242977679
76.54468310732591
492.041691981256
54.44037150361328
125.17751968372613
231.23381344182417
93.81480019306764
68.60777777503245
36.504151927265184
70.35759976268491
144.82747584860772
69.61531339484372
52.5524516062419
395.57097018510103
139.38567125797272
69.2589751120936
51.350225850710444
52.84011146384
458.39803743362427
193.67571967840195
98.29891589912586
50.28907444230936
307.42273089289665
599.0002666711807
267.15227663517
605.2222933024168
61.753913977226716
736.3461063206196
137.00702291727066
771.6053955554962
43.19417936564787
481.82565784454346
31.315769917947478
405.7091624625027
35.01449077129291
67.86325583979487
800.3371381759644
398.79734893143177
58.76764968149655
28.55494250386505
581.6007138490677
34.25492143367046
99.17353813108639
69.5447486779085
594.641842842102
26.635495567175667
32.211180716428316
52.48335534625221
48.89929153979756
41.861841003156314
38.21094713151615
28.25667025450207
220.7476666867733
608.5390861034393
1209.6667795181274
315.8594381585717
25.653783286281055
37.918751127363294
91.80273587349802
148.03407404199243
675.0935823917389
109.39374165795743
287.8589351468254
56.99145358428359
29.256191090555262
29.20964140616593
48.13256696230383
715.2803201675415
26.993360334176145
55.44673634006176
30.50761524844802
801.03480052948
1099.3657445907593
41.552744987784536
27.731526234473563
514.0199036598206
309.5933036208153
189.61598719656467
26.242693920592274
145.22628382593393
921.3845844268799
311.22794991731644
404.2303024530411
283.7470734715462
52.456172984315344
283.7742699980736
71.04665543884039
360.9124614596367
83.03699933481403
114.63441249821335
292.922778993845
449.9854049682617
69.93132585659623
135.4424241669476
75.96823887526989
57.41053227656084
704.7756223678589
139.18062924966216
127.24280606396496
334.57820242643356
43.59003663169642
83.11375982314348
865.5150537490845
83.11921034473926
93.05126839550212
69.83224034239538
82.50901202857494
1401.5270147323608
141.88882832974195
594.8975788354874
74.24113063653931
68.32522172480822
217.80486132204533
275.9987573623657
208.81109923124313
915.5468626022339
255.4341885894537
255.43629344180226
480.8887634277344
98.27076558349654
393.5754318535328
155.4309241771698
602.3427934646606
123.01128123700619
92.9774708095938
234.3861203789711
699.7605736255646
92.15528866276145
85.12813115282916
62.43342439457774
40.60070647386601
76.80696619302034
98.33288992196321
112.94712137803435
108.81062905490398
236.25870595872402
959.6166372299194
138.62964325211942
73.34944588050712
91.15925835072994
646.4633316993713
28.02112149110701
718.9524335861206
70.96069835113303
451.1624195575714
56.08273360205931
43.7070988061796
244.8755133296363
16.99732210734146
174.26376082003117
245.43005248135887
32.09856133267522
23.981739831372806
523.2202877998352
80.37184701114893
40.6726167588846
606.7842004299164
609.0064301490784
28.004163801350842
16.175618303008378
42.994723627287385
47.366602785658074
18.791493680355984
332.90705931186676
32.16926557083434
1019.8905277252197
565.2559621930122
1064.1714534759521
266.68670712038875
10.060284643772775
28.450260818759716
50.19541333272355
25.691244776926283
29.09505657425518
20.035511534950615
33.65722700881133
13.75322258884978
28.57746110786684
1862.354287147522
242.9717462360859
250.40632521361113
65.16584626947088
17.910335176248736
194.18786724749953
17.3743815190511
96.54841103063154
148.2725996356885
14.439419561428622
267.01476180553436
209.30829584784624
47.11237150440866
22.947335384507937
440.3804834485054
28.70310371477217
216.9242104291916
219.03056524135172
52.47175343707204
27.92919487589006
649.8215091228485
538.3175624608994
12.644661084204358
19.792539860252873
24.907763287481885
514.1571562290192
20.983311711612487
58.38325023396146
96.60209384607151
15.50660574423432
1033.8108038902283
18.06003637083586
58.3525350005757
33.54681753751356
987.8520903587341
48.04974624955548
14.923723348939347
19.977907462417534
19.55780171543404
341.03248028457165
777.329758644104
52.041084044700256
54.26397772975872
62.20516152353957
26.7108720200049
30.97210339683943
306.27766063436866
12.318451466510396
27.626264922549353
552.0531687736511
25.991317027046648
556.1258702278137
28.362566195494423
70.29759734045365
37.08553099472738
598.4771585464478
191.88552145584254
10.998482879162111
447.0024216771126
694.5274496078491
23.274084038816113
423.35315269231796
15.848571216287496
178.35989466123283
20.86306351165615
208.83698581159115
32.78475679688472
362.210615450982
39.44921138983955
18.464814814995407
189.22040425986052
210.41889144992456
37.86076337699342
22.17327557594217
11.740434832158599
741.5116700232029
27.895400124147272
342.4160408079624
24.91651325005182
63.688994970638305
1562.894518852234
18.62122431078751
29.83256339084255
21.406473118606527
89.82124990265584
586.6664085388184
82.35064097604118
24.00716033235335
336.56565746665
284.4857254512608
328.09495141304797
48.18746318278136
24.585912513603034
156.66121758520603
60.55294801351556
48.90979904914275
109.75815169274938
15.454556653727195
14.936385120865452
63.81801831535995
678.5219140052795
375.57214407622814
21.929546417406527
268.36712359212106
42.89618713769596
208.03144305944443
14.996753430399394
336.10033379495144
39.95148001911912
15.884585355862214
110.54621667104664
148.38403270912386
309.7490971661173
28.06086762113432
401.96635380387306
845.4333481788635
51.46515765392485
45.10591923892116
28.219840214804094
47.95619860012084
149.42839965969324
218.66352209448814
759.1211967468262
74.07066322758328
302.19776397943497
9.383824124555872
25.86365165450843
263.6699417605996
40.706232963587354
19.600051610126684
12.721117432333813
16.065654956674962
461.19549906253815
306.6130891740322
58.67941427323967
15.889149691385683
13.437060232664408
1037.1193237304688
491.40778440237045
1689.1617584228516
92.17377571482211
156.49529844830977
52.42012708954417
1081.0931901931763
1247.6238374710083
13.087017019944142
60.51867746516939
26.88949984402916
94.97842789068818
114.30991619080305
17.833984644677457
22.395091511818464
209.27426379697863
41.32423675930477
31.039387148499372
37.36365156606189
1012.9582843780518
101.24694487731904
15.406924755908904
12.238250364121768
39.40306277920172
983.8724751472473
120.08494937140495
93.01200660318136
265.9948375225067
74.75733701142144
357.93503826856613
424.37674963474274
151.2241256199777
436.4177163541317
40.63584439055421
956.1568343639374
205.7733363971347
298.7217277139425
154.71084015537053
52.67923175357282
735.1370618343353
1159.1097440719604
115.84924746432807
756.634331703186
44.60092143480142
31.843444163008826
335.7094920873642
1114.0484890937805
151.7884457699838
68.29894248879123
328.06575641036034
547.853657245636
334.8864262700081
432.7295353412628
125.63949305866845
109.19567047520832
54.50283898646012
132.53639954450773
1132.3404550552368
32.03571783348161
55.23579534192686
272.1573535716161
23.412085050251335
87.53383130091242
76.18152727931738
35.569060305417224
218.03641407564282
205.9534584581852
52.32795288870693
164.88759322278202
259.6411207318306
45.97659939427194
215.6096829175949
38.61053576739505
386.2646938562393
151.8504931220723
80.91623472375795
26.3900869776553
693.744544506073
165.34197890979704
34.68735340962303
60.46192139014602
83.23296694259625
637.1797852516174
88.5111040994525
31.65059507614933
29.008380050305277
30.97972820832274
592.0548040866852
248.50160320103168
852.044842004776
450.21456611156464
478.84287905693054
130.11458523385227
321.6443310379982
360.3607656955719
492.73281759023666
85.606006257236
273.22354847192764
1182.3179187774658
241.7485768981278
351.865069270134
121.15001333365217
571.6420381069183
209.31448984891176
150.56847681105137
238.69677710533142
130.6597198965028
135.23333521187305
335.62206119298935
232.85286851972342
104.46784169971943
1093.6326026916504
127.1629212424159
383.6920900940895
151.38218140602112
212.69589147157967
93.23355766385794
124.50070335762575
283.95284793898463
115.2851371015422
107.5692870724015
227.04090130329132
953.9465136528015
144.22869757795706
1094.9943351745605
103.27045087516308
516.8548982515931
651.7867159843445
121.9184092413634
150.54717129841447
712.4746837615967
17.30608281522973
12.378172866612317
14.181541768981333
1101.5439548492432
33.25854450193356
33.85725186392665
499.20303547754884
216.01594561710954
484.9172993898392
434.3224453343719
1263.0409469604492
535.4246349334717
10.158362281391533
566.094034910202
54.592217162949964
333.37809190899134
346.17113637924194
14.57757105485689
16.036154617468128
11.485960984404642
15.598512801026345
478.49156941473484
20.339737181697274
11.33650270335329
281.17437393125147
457.68389415740967
14.308963719348867
939.7999176979065
594.9825270175934
24.15280213028018
5.121069846809178
5.123585504000175
1075.7416043281555
40.46218587231124
15.551581664172204
12.451150311318656
31.38462578516919
13.426580080282292
215.387615413405
104.40237129386514
1806.1686363220215
9.249303949152136
12.748704614926169
28.092849050983205
88.30395652609877
234.21954548137728
22.441590164526133
14.358761422216503
301.8868280611932
349.79006426781416
1146.2027688026428
13.794469616629613
307.295502695255
226.08103203773499
10.722669502281633
10.614157118433468
33.7528981436044
33.160104042668536
14.974128722018577
46.2647237861529
827.2163381576538
328.9521417170763
39.73535659798381
240.72547096014023
11.007626282534147
48.68558711896185
10.939581166020957
18.921937630308094
338.29405558109283
789.3260798454285
32.555572156692506
1386.7392826080322
10.863005472565419
37.20459608267993
11.007717796394559
662.3160403817892
683.6555216312408
1098.1510605812073
14.050462886400055
23.31719113541476
27.296650162461447
1142.1516499519348
19.086866079451283
506.95852717384696
975.7884421348572
15.82519035986013
16.422535207713736
520.7383804023266
46.2647237861529
28.82806076072677
375.61034010723233
13.576183141500223
437.00952982902527
298.2171297073364
20.16843170486618
78.913415662013
25.399911990355577
24.732306841520767
49.18430193886161
341.8877196609974
51.526036844588816
175.60110605682712
83.44404530723114
45.10918839036253
34.57606904901036
86.88763900334015
31.40307056854124
175.60110605682712
45.687071101290485
39.871664464473724
365.4996114373207
574.8258576393127
39.59749007984965
163.96313901618123
196.99880263581872
406.432928532362
50.02854805861716
394.22442749142647
58.413709591608495
40.89090656359076
31.358307069865987
31.617195459497452
31.470669089189073
85.2807732548099
234.78695002599852
42.76799471274933
680.0051958560944
168.13867250084877
27.441532810873127
102.21603799704462
60.34268160641659
43.425010248689546
52.14704092312604
26.88945018704544
45.62923227778265
194.9285300243646
77.64243495708797
64.81871015036086
253.91245555877686
101.32589960565383
41.699615845573135
49.90171736708908
113.34415445069317
59.89099833444925
384.2108491063118
1519.3959503173828
119.35318207740784
741.188619852066
782.6002879142761
519.8420865535736
643.3740624189377
64.3328832920597
101.32589960565383
41.80445952175046
175.4834756553173
1157.7173471450806
728.3772103786469
906.4627966880798
223.41898411512375
309.2857965156436
137.09393891692162
77.16879715048708
207.82728803157806
87.93450228495567
398.3423410952091
548.5346319675446
276.9289032816887
48.384849981560365
934.1246328353882
280.3705344758928
972.5243754386902
424.10737705230713
69.38422078842996
116.27278487104923
888.091742515564
58.828913935110904
76.42396293405909
102.46732681524009
26.567354364279254
1071.1772899627686
47.436125935346354
62.59563196008094
50.81180428917287
42.54479123850615
1021.488214969635
349.70619381964207
1519.6240873336792
62.35026386473328
45.15233152383007
34.122697277179554
133.099704884924
74.36337981283032
39.291324633748445
49.192924454808235
39.34966114908457
712.1177263259888
54.596549112968205
423.33419205895916
85.50618429279712
488.7215346097946
430.0049030140508
658.6755251288414
273.5830831862986
574.2210690975189
402.137288287282
199.34137796238065
402.7594311153516
410.0224193483591
136.059088524431
178.7938286800636
136.09250165056437
81.93697883276104
373.38069930672646
57.699001963153364
413.63432824611664
268.39322993159294
1880.3901538848877
1351.338231086731
154.05816871486604
163.5244221314788
104.35418984208809
56.03685896440538
90.64189081452787
185.97736405953765
479.20339292660356
89.89115469749959
80.42153401859059
98.43048523333255
118.68477328681183
156.54235021536442
107.68920921665267
58.71840041417454
75.66823216044565
307.0784800648689
688.4882102012634
92.24152806672646
403.95528706908226
69.69815042404298
86.03254434198834
27.235092781505955
59.39497126301285
80.10231518745422
46.395727263530716
32.27556336589623
42.05540641071275
91.90582792874193
1610.9100522994995
88.60406109876931
33.578314870211216
22.246075878385454
79.02080838475376
1003.9163732528687
20.41130780696949
47.05103501851045
39.93548230950955
989.325822353363
547.8833447098732
42.64467086549848
98.24368209737986
220.9016503058374
76.09244756400585
22.749360624192377
31.396554670507612
40.96378989732875
598.3959577679634
26.48045032279697
491.08928775787354
967.2721672058105
86.13216470927
43.041346272686496
92.02837342529529
303.5629496574402
837.9835586547852
152.72301801107824
52.392867834481876
19.89484003259713
98.43228342890507
24.050300212309594
204.3952442035079
116.07174042565748
49.64807653618118
194.83844221755862
447.9451054632664
38.89664084837398
281.83874553442
355.0209976937622
37.71785825268398
41.96647506696172
582.704427242279
749.244074344635
840.2439484596252
32.77703192738409
69.70324596052524
172.45460248435847
27.736039029788117
250.8716721534729
27.736039029788117
38.46933529709531
87.14514613570645
51.46656405590147
25.472445745042933
47.92619153409032
312.89203667640686
19.839095016977808
59.57394275069237
92.98047381443575
65.02428011782467
75.89996342733502
68.66841497458518
57.15397926993319
113.5951355099678
126.24277625512332
20.47422122489661
141.42772781848907
236.65472900494933
53.7071182192542
141.97923774365336
112.81450848717941
60.09337159449933
397.3320259451866
19.478948866249993
85.7327925004065
1403.9005813598633
615.059096455574
378.9085167646408
52.728675206359185
55.17997263837606
22.767446606324484
125.30714095383883
22.895922473285964
58.425548202358186
23.60769731968321
1508.7844772338867
23.336974342911162
543.9431320130825
450.04296211898327
72.7810702306997
372.50587624311447
777.0156874656677
572.1856288909912
193.4171142578125
202.34470170736313
259.9530647993088
629.6441242694855
181.73019695281982
353.66789853572845
78.01177825033665
176.07850790023804
178.77348525822163
1063.9816417694092
548.3556418418884
243.7606218457222
109.81464836001396
650.1042518615723
115.72901251912117
79.5368034094572
198.3009058535099
178.77348525822163
124.83466532826424
601.2231957912445
104.70586502552032
1020.5968794822693
225.82550978660583
99.1143025457859
923.6639685630798
95.75475433468819
114.65568520128727
1248.5339531898499
811.8663902282715
549.6721415519714
1142.1172814369202
66.4615468531847
139.16206908226013
493.4842116832733
125.4156539440155
171.38092237710953
139.48298186063766
846.1740045547485
133.30696693062782
89.12557662464678
104.70207829819992
416.6444420814514
147.77000695466995
85.38349581696093
1206.4094038009644
117.58271203096956
501.59017539024353
674.5586674213409
934.927243232727
497.67032623291016
110.41200356930494
85.90334011428058
48.36212767334655
66.05177588947117
48.57240952394204
100.87759889103472
132.42537090182304
100.2802105396986
823.6257944107056
517.9624832421541
1249.516513824463
122.96583417057991
633.2905888557434
902.2387204170227
68.45562423858792
91.48020152188838
72.2414912097156
1496.2129535675049
306.2808040380478
863.2348699569702
132.05374497175217
836.9898767471313
99.45627220533788
851.9489855766296
520.8907481431961
868.3108916282654
268.8695236518979
89.64217045437545
730.0206754207611
51.04462995706126
62.752242784481496
899.7365818023682
405.0103269517422
43.536518822656944
647.5141954421997
97.88433933258057
56.96488396078348
91.66479795053601
54.49402851355262
220.0440090596676
86.82613666768884
195.7961542904377
258.4393986463547
45.261469264514744
14.109804862293458
371.48473618738353
68.93083388836715
32.71879710693611
71.20149724092335
328.30830976366997
92.35030735330656
67.51176082188613
487.3463196158409
58.30270236397246
204.88096178229898
32.36606507095985
254.27018271386623
172.65726930413575
76.64019042321775
408.48264116048813
496.8615548610687
26.71478112846853
658.6243164539337
153.7546087950468
38.222664131266356
35.45983812486429
979.1934962272644
58.888568923575804
288.684862986207
275.9888265132904
15.789468398337476
670.062004327774
775.2205538749695
160.70653767697513
36.830805689809495
64.9897879793225
38.61236286829808
945.1532287597656
76.78931826353073
14.109804862293458
25.269315027922858
24.889653255668236
14.182472120070656
218.9390457868576
88.9345104470267
231.14502911269665
39.91240260459017
148.09192887321115
182.53956806566566
19.75732094289424
126.69697043602355
100.27107394114137
277.0671324878931
30.723781496897573
100.7435526959598
71.63853610622755
36.46682486137615
249.5565374828875
520.6820864677429
145.69680995866656
1202.6485500335693
31.887989282840863
120.4044179841876
32.25691255182028
62.463044163392624
43.99545233632671
29.007953939166214
273.8842068910599
158.8749735421734
35.704816371515335
496.6351163983345
554.6559844017029
64.82710675382987
105.16123507870361
232.0393308493076
305.8343914113939
80.89319920167327
612.6091985702515
87.93205839022994
52.990315325558186
49.31075999759196
581.9447009563446
46.10258629487362
76.93045406742021
20.1439811451512
40.94971792539582
13.07593590682518
404.2823679894209
407.8772455751896
148.7312704181095
1180.4568138122559
695.9248204231262
58.2078244057484
248.5062457844615
398.37490183115005
47.899017595365876
62.11719887237996
362.33329440280795
34.80131560174914
74.57137382635847
59.66101187287131
69.89884532114957
87.73183992831036
538.2166893482208
32.51042331512872
297.42734092473984
326.03710808139294
42.075263091108354
149.27250615751836
35.38778796070483
26.516016270085288
107.45810090377927
720.2942700386047
1326.8628759384155
341.28801085054874
30.793035353908635
162.4434968829155
33.99599691777621
52.87237221375108
36.097980777863086
1363.8347864151
1145.968563079834
37.872027178800636
345.47684687003493
105.27099370940414
375.4712505340576
1102.518090248108
877.1335301399231
22.448598302713663
23.652966801410116
178.46196617744863
23.68347928989874
74.75544769689441
472.6482634842396
246.58928963541985
27.645852608978885
919.686445236206
103.0264089020202
125.38845724385465
204.6243574731052
27.71760345323628
27.707453781640652
442.46192395687103
35.41211843912606
38.18025492731249
37.89050474748365
130.07294132560492
89.20233181633375
135.7264957241714
1109.462887763977
33.482383711609145
75.2401322586229
41.08850641268873
278.189151622355
42.75490015696232
38.363499994222366
1096.5245327949524
128.65646933810785
33.87716844553506
49.87283312284853
47.487707755877636
133.44712013751268
25.571750365087382
36.03629621518485
22.951960106365732
39.116046589541725
22.44432415931942
37.65522787273221
378.4546420574188
42.033578581846086
71.44225882925093
35.35521964470661
578.3997741937637
198.58581602200866
88.69952536164783
30.59715758623929
389.92150816321373
23.656482860967117
116.07237201184034
41.11807288436103
296.2802902460098
222.08935299888253
36.359510064532515
83.90893379272893
33.983531044154915
66.94866288546473
34.4409644161351
93.39818644151092
159.41438695625402
142.45545187965035
267.3362789750099
122.26376362820156
75.86036783107556
88.6728650375735
338.7525656223297
33.10160401871826
31.484545274116158
335.47862009704113
46.09227164627373
339.74983038008213
337.5650328397751
369.66829681396484
61.354395288042724
438.87739534676075
40.712675402872264
161.33898688666523
423.43883806467056
33.708501345978675
476.0079697370529
46.472767932806164
839.8339247703552
866.2619500160217
80.29540731059387
41.62934172275709
32.727263950284396
58.41227449552389
89.13179523829604
986.15483045578
35.637075528196874
355.6620068848133
763.4615046977997
451.98702520132065
29.991661857246072
530.7747030258179
32.49271437544667
114.55682420474477
33.1610648527826
33.911001933043735
34.76321541064317
30.49513849582752
34.2291749376127
1519.7690649032593
260.0817130804062
366.25036296248436
34.25334851516095
40.81860602862071
29.07738590098313
594.7939659357071
38.017280045634834
34.13979334059752
59.05200526736735
136.67572274804115
75.63941196849919
28.64864658324268
1301.3641443252563
29.600318039547687
1045.4268527030945
166.32596046850085
64.16709858179092
40.42209303425625
148.78280920069665
11.537549690070819
62.95566042046994
81.08706280961633
267.506145101157
9.549815042983596
31.12890896450608
10.03253766556088
790.1605525016785
33.87395062160465
10.609679974754272
19.274364395446355
11.537549690070819
9.291371474270477
10.070846559646498
15.556607431495081
19.2782961197305
53.14540517143905
47.84340648771513
579.3552014827728
241.2623392622918
97.5145324091427
15.061691182059576
34.199812012949224
47.90750312176647
62.60741729103029
9.78453128868864
584.6525095701218
610.3097767233849
16.07828651914724
691.486229300499
722.695321559906
10.104217651125168
10.206941815325422
13.605459889629401
53.70958434604108
7.992435184388455
26.86711562347773
641.3192559480667
218.35033317655325
654.0569696426392
175.74618839472532
704.9899301528931
436.4825713634491
80.0472627588606
125.22366585582495
1102.8339347839355
737.1614379882812
169.99970051646233
154.87165391282178
845.792585849762
95.61483018792933
257.9559591412544
169.05412611365318
206.77140882611275
121.58828501775861
531.1486957073212
254.32776135206223
182.4891254901886
226.75655753165483
135.23732633562759
213.53125344216824
172.84557624161243
261.72417851537466
622.4812080860138
348.57859593629837
447.1759419441223
214.95073881745338
174.7890376150608
178.26711761206388
808.7775611877441
116.48575331456959
233.07889598608017
166.62106269598007
315.29159912467003
947.337938785553
174.3021378107369
94.57595167006366
426.49801602214575
427.49704575538635
64.94127639117505
340.84163849800825
173.62099367380142
34.63835802295512
858.2427363395691
189.9274686947465
124.79411077685654
40.02518940698155
34.739227422065596
93.80814779974753
222.76157096785028
586.4058060646057
119.61018059944035
30.858003972257393
476.32297816872597
712.392683506012
44.59270032103086
29.510548345697316
52.58434202765159
368.68390479683876
104.88792233495042
41.702074794098735
57.19113786488924
43.125409329337344
180.7823203187436
72.44914997369051
117.38853532448411
25.952914527810208
35.01055130539885
26.54926928213763
1158.1731266975403
659.2766876220703
58.602751981723486
39.603720428851375
31.9839768559159
567.9965680837631
44.78354091747315
121.11544736189535
328.86072289943695
62.25046248594299
49.28782295428391
56.91596457331059
49.681625084383995
1417.8608560562134
73.46098971087486
32.700597959301376
203.6394885184709
83.93838785823027
44.231081732905295
60.30226811127602
112.76051259529777
102.6780095398426
745.003312587738
290.9536133110523
31.156389577678056
32.55401767286344
214.05976178869605
608.8705422878265
522.4436902999878
162.93698147887335
813.6500430107117
121.66489934941637
37.96899977337944
213.727438724658
217.54351417720318
347.31505068950355
27.809470803797012
115.15968295256607
20.057886161218903
334.269717592746
345.24933111667633
306.5549286156893
26.69526122176285
60.11684717562457
70.15859360061586
62.73439561086707
1147.7699937820435
484.4802223443985
49.90261883462517
405.7311058938503
51.7647499345353
391.0951115489006
28.738958802417983
234.21054674685
138.14843672983625
46.60132357850671
51.336941946297884
24.55082987285482
587.2113847732544
635.8777499198914
156.6353061493719
32.632432538535795
76.22847579605877
59.37676018057391
90.32972782268189
24.48421082707739
60.47261444106698
137.8946182206273
386.5671211630106
17.00787582918292
311.68442322313786
779.8415160179138
19.86684369071463
126.96630348518374
1208.6742386817932
15.017244682933779
228.2659546174109
45.12711257759656
72.19922721292824
13.73814996496003
44.24389696173603
28.692739082096523
180.65785852679983
750.001341342926
210.22126358747482
30.513134412634827
194.31858517229557
412.00203761458397
44.11353700864129
21.092771289753728
216.0634934194386
301.246365128085
14.546458787209758
20.801675681930647
320.2813796401024
15.294401077600924
155.0906108604977
64.076692344388
463.79148229118437
11.936274274685275
1267.0702095031738
25.165267068805406
539.7529484033585
313.9571006447077
43.96112060826272
34.66065487636729
65.01726990565658
142.63439863733947
260.13779036700726
167.6596500761807
144.92665575444698
27.264033932893653
32.31071411238008
97.41416980233043
26.976452192437137
543.9582197666168
553.083114862442
189.8311993703246
410.11961501836777
80.91396907204762
412.012484586754
35.331767722265795
1317.931957244873
15.281330572497382
11.93616180873687
22.713631943581277
74.84885471791495
14.455472086609234
772.9569845199585
29.865363339398755
11.646439627527798
158.766918502748
23.631596760704838
1074.327826499939
34.24593293192447
46.78263232966856
63.882408965379
811.7983374595642
115.7420694452303
132.6985632310243
237.5840068757534
750.0325541496277
11.737674818414234
13.88201320603821
58.30897646280937
38.420879171579145
50.74833706766367
78.18718350785105
56.78809018433094
129.53373453931454
29.589771605514443
74.73329461902472
24.03491913805601
76.528783865273
267.16122395172715
89.29287101953446
52.0625679360237
1148.1343326568604
29.26998780289432
77.97307415221076
291.46220353245735
458.20383912324905
76.32531656324863
558.9256442785263
105.9604055479358
22.870576840462377
178.92402121983469
575.4561066627502
572.679035782814
35.393381633926765
68.58818417787552
16.662718225255958
25.192842685850337
230.22076554596424
64.20555919449544
55.798007366589445
96.7154059484601
260.3505754470825
1509.8327884674072
25.11914910906853
59.72113247960806
38.98989050821001
22.040653459025634
107.35167174786329
38.15037342440337
549.7746001929045
26.924276856705546
24.60234801374918
47.17411961623884
61.497794672846794
19.33918047422776
65.34139161847997
24.77953356897342
43.17105069756508
35.87781930208985
58.403771821409464
23.517514903098345
27.0060006454587
20.057887395931175
618.5578444004059
19.64470211212756
431.3416348695755
41.52784188662554
52.09588928706944
74.17284238908906
39.46626128000207
783.5898005962372
971.2919149398804
1299.4549989700317
1248.6244473457336
210.3243015340995
16.009895463255816
65.9927823022008
97.73798083607107
115.4188859565511
438.2207316160202
461.1970462799072
480.0406536385417
461.63546657562256
45.32906969945725
11.44837565013438
9.75839630829239
232.7615259438753
80.01476118899882
9.869006364516622
16.70323819706391
328.599120259285
202.0724060535431
826.2107300758362
1040.4602446556091
867.0654282569885
818.8405275344849
57.285060365102254
937.3928124904633
315.3100337982178
430.1637769639492
18.114088080579677
47.36120493058115
413.24652886390686
27.32156576264515
48.838182681793114
41.90769936167271
92.98538315529004
859.3090391159058
16.67354285700526
414.85599303245544
1185.9233694076538
19.64470211212756
836.6950235366821
345.7745115160942
27.29658544069389
749.4140591621399
110.73842330649495
78.04423516243696
13.59002470309133
49.330348394323664
29.73784037976293
862.5085430145264
887.979688167572
36.88371530501172
65.51278305519372
614.4166543483734
1081.7871298789978
735.3180406093597
310.0073762536049
443.1872224807739
42.03074427970569
57.1790880451008
77.5914950514707
262.4455647468567
196.39683973416686
54.58892909437418
53.13249515835196
76.85591409727931
111.13586795947049
833.0645956993103
58.91485786833073
49.684820696129464
751.7000935077667
1025.1979112625122
190.64025371847674
44.87593663111329
41.4826194641646
978.7928688526154
306.0517671108246
524.9065988659859
125.93292598892003
144.24944004323334
178.59438959043473
89.20990237779915
50.78720513486769
111.0139741525054
61.25837461883202
277.13432961702347
69.73452456633095
68.38658339745598
57.09633233031491
366.7104350924492
111.66199712455273
84.06469958182424
409.7505512237549
115.21500872541219
111.85948893788736
103.65554147935472
128.33976895874366
127.7309081479907
69.00677302060649
70.93232021061704
34.93697386568192
343.78756691515446
31.07006788768365
111.7180078389938
30.950573055182872
277.30886295065284
249.9719305858016
28.8241081821609
63.42988233700453
83.92580935254227
397.58963146805763
273.70625058811856
28.030952919745687
38.71159215193313
207.52798150479794
156.59666266525164
29.36009945935791
50.417219715804094
63.81297598220408
28.48777838391834
37.262825635029
36.41063171026133
153.41005296788353
436.2962815761566
379.69472101330757
52.82057279838773
100.86842761770822
156.05516762658954
67.38373172321008
49.61497518105898
24.803137082926696
738.5395183563232
32.42304435801577
46.176271124724735
234.31902808696032
1131.3769674301147
28.23689525046541
628.4892972111702
407.77159786224365
181.0454972755142
92.40739591419697
646.4280207157135
316.03329038619995
40.326545510208234
852.8390803337097
110.25327657163143
356.6939318180084
48.534308162052184
81.76044757378986
630.4349874258041
1746.621431350708
43.19009528377501
698.4063328504562
58.85853072052123
51.05599664337933
42.10577930719592
48.96527498520845
63.498203432012815
104.76109221193474
39.57741031875139
49.56705187173793
208.90161702176556
1311.592405796051
64.8430278316664
460.4634825736284
326.1453771442175
636.3258211612701
29.14710959655349
94.9322802950046
46.893389926990494
255.2627089228481
40.268301929114386
74.3606886016205
52.153931272188856
97.97437664470635
46.24849908031683
237.17140101268888
81.38214321318083
117.36923825682607
44.62715011864202
38.81364623387344
49.53105807933753
1447.1510801315308
22.32810339400146
20.91823890613705
24.287959311818895
189.6998988687992
228.72189186513424
62.65842703450471
30.37457264002296
23.717376198092097
1079.2732391357422
47.587080323006376
1160.2085180282593
249.16545778512955
82.27522626522841
250.11730849184096
43.695162375690416
21.216040020087917
100.96004803199321
44.12153512984514
20.65971146451011
16.71828360216614
1152.417655467987
54.8589018456305
276.2470748722553
39.917128642089665
235.20846223831177
107.13863784819841
32.9324781088344
140.02933273781673
27.87354434102599
20.507995865460543
273.1499132961035
283.750127106905
717.6501817703247
18.753451568701166
17.375472051968245
19.978335475709173
18.45686354218924
18.12898713718573
182.96442111843498
25.254737909281175
22.544496625709144
276.2234525154345
22.039280521450564
57.85399755491278
287.0950645208359
176.7336501777172
724.4083385467529
75.63985960627906
38.08068472472951
99.91387338936329
141.4606306552887
95.40026634931564
253.01846903562546
58.81557243800489
67.60365261742845
982.0563473701477
750.8893311023712
40.17627640156934
93.99706961587071
891.7334232330322
71.3364379517734
289.8364814519882
300.8190120458603
347.91010004282
1131.5395908355713
70.96102457400411
234.23543977737427
111.7484138906002
34.04628419119399
26.989495945046656
351.3687789440155
39.30453331768513
98.45800831913948
26.870724911917932
362.74631175398827
1101.2808260917664
67.94045448675752
24.95157895346256
38.103363225236535
17.5568783696001
63.968048613809515
496.0180899500847
1266.9454865455627
972.7205491065979
42.207736158463376
111.17606557905674
73.56618839502335
580.4840178489685
114.39356409059837
33.499878761669606
20.57167162724818
16.780619722860138
315.2433995604515
830.3654692173004
1038.9137110710144
18.281314533647674
129.85904017090797
1017.6238579750061
236.77968776226044
123.28451696410775
35.449092703282076
772.5212330818176
534.0411643981934
60.20609776861966
209.87117503769696
20.66279898089249
1174.4228963851929
56.93496513320133
70.57681708037853
76.98957694508135
339.1675102710724
18.230848919550226
70.03534516692162
501.10603100061417
125.88128358125687
88.49030975997448
895.9046425819397
104.08346844278276
26.71260156151766
405.47413831949234
16.445421318038825
73.99942406771879
244.64314424991608
1340.6791667938232
149.90059243142605
99.77390645071864
879.0664467811584
237.8402309678495
156.75897398591042
1002.4363994598389
21.119011605020205
66.6112511716783
44.17669355869293
415.27163368463516
43.69857827667147
814.4570755958557
56.92001261934638
37.744593523442745
23.367480088398224
21.444570971091935
506.92882895469666
124.84550473093987
95.22708148602396
36.63879975641612
61.78585067205131
26.507812057985575
1249.1217432022095
124.4280239767395
308.01728980243206
23.714645179868967
371.460574388504
23.077129422075814
59.71071586664766
408.61563843488693
150.89345395565033
19.785289819489662
33.95395038758761
140.42454198002815
649.6392924189568
122.60380913317204
25.727122967096875
18.649574923362252
57.60478574053559
36.64307636686135
664.5299091339111
126.3307144343853
731.1069645881653
119.0501352250576
21.83658810736597
1175.9043684005737
798.716808795929
162.08080172538757
1234.2329111099243
125.91528604924679
426.02612214535475
38.75590694195125
1110.5214614868164
123.67603507265449
975.3642611503601
48.77201949059963
561.6324777007103
22.55708830849494
667.2672610282898
810.9989881515503
136.6405202895403
1097.4998288154602
320.4615252017975
31.975453420047415
26.647232640651055
171.94397470355034
20.732851203766586
227.31948685646057
47.02418100571958
531.2995632886887
21.81811360660504
479.5385571718216
601.6153868436813
699.4144659042358
1118.317452430725
332.5676937480457
70.04941413984125
27.584986412341095
58.509638607501984
528.3465020656586
25.035931154377067
165.15128409862518
961.584912776947
216.55964130163193
358.0811893939972
27.347591061115963
22.25275105914261
103.73476444583503
53.55753528815694
64.59656897714012
61.56532439775765
41.35460464534117
314.37790483236313
68.81563442934566
196.6166511029005
614.5910396575928
65.22504989942536
426.47554790973663
1060.1525378227234
112.53870892524719
195.4558266401291
20.15082013388303
109.20838965495932
103.05897509494207
4.699559030732075
255.34631247009384
762.3298320770264
6.7516526815929865
102.98517603590153
19.01906118768966
215.4635135489516
253.7670913003385
484.5757510662079
21.28789350250736
54.54036106844433
283.3406299985945
957.7241177558899
568.845391869545
226.86815640586428
531.6994711458683
39.56988028570868
23.44206565589593
863.5043830871582
6.550531376042954
444.374064842239
7.317132022245346
20.34843257498767
5.120220336073089
11.54624628562783
69.86390232201666
7.425652442879823
285.96520191431046
1868.4885177612305
425.85415775328875
309.94352248869836
686.2143878936768
867.5128326416016
6.730938379488975
34.16452987436878
227.94643571600318
26.649851420505
242.39365351872402
5.923641310845937
10.351016514003277
212.02441424690187
952.2582206726074
28.446799260666012
517.325823828578
401.0911248549819
30.555410192595446
9.391960985911282
193.60089088371024
588.3936214447021
90.95826731808484
21.668145938391604
7.678047680516556
203.5146834780753
92.4779030346341
569.6654479801655
40.26704636573402
11.15020104144321
343.90570989251137
216.46865160763264
203.05170930729946
385.2495114803314
173.54005087682162
215.86102515086532
15.142659336427528
9.182460926460976
277.8861493244767
6.115087108309126
3.927388421209912
1235.2732105255127
707.4104418754578
4.517504970717596
35.518678377207834
289.7531319707632
9.2702880918157
58.610305030597374
43.666128267589556
889.4430680274963
11.309320499944079
7.033418369386823
60.61457022423372
158.85523058846593
790.4635076522827
132.70644551562145
157.36723543772052
14.378257961074155
22.3901154611126
852.6720147132874
81.64852020470425
16.825649890224554
347.3922218964435
671.6962790936232
36.03148123410256
11.55024876779396
20.591198521084152
572.964870929718
581.960230242461
28.32138696918264
682.2800023555756
71.4525813212108
23.737293804588262
1238.5124788284302
27.656673208777647
958.8191680908203
16.087714591078907
982.4868049621582
37.88524689645419
1126.959451675415
640.1811401844025
16.666647350153653
18.541928434889996
14.399619494914077
19.975391814805334
860.2853078842163
76.11710998226772
46.82481943798484
49.11799298040569
18.45930695010611
57.20620892553711
503.711062669754
63.60209257248789
356.4948754897341
747.5323830246925
980.7818121910095
46.96410940910425
52.7133916320272
302.43315410614014
11.895716510135912
313.3293041368015
146.45659876987338
657.8386561870575
17.52137962396955
90.8571763872169
248.2423127144575
486.24551129341125
45.22864046646282
18.589281303429743
593.2367216348648
37.989141599508
567.7355332374573
10.593055581495037
22.404215794216725
421.34426379203796
115.45799940824509
128.7504870891571
226.2950403690338
473.00450003147125
121.05916430056095
81.85359250195324
166.64541324577294
97.39225874685508
73.12322345171924
26.96686894632876
886.0561003684998
41.36535471727984
26.96686894632876
72.14394189044833
359.5372624108568
1402.8597526550293
144.6632972508669
427.25861974060535
26.88717288436601
28.503542243357515
314.45684895664454
95.11302498454461
880.7707142829895
211.8382435142994
73.40023042913526
35.21557912603021
97.87816790305078
12.783923850897281
295.11707021296024
473.8246421813965
450.4955196380615
42.73002388461646
749.6612949371338
460.3960134983063
17.961719987681136
232.07023753225803
14.768517115475333
24.46674655843526
1333.2252082824707
1332.6449184417725
33.62717551282822
12.78079489279537
13.64504714723887
42.73002388461646
45.801583051550324
53.23367784694983
709.1192212104797
42.61787009332329
459.5755380913615
230.68213576605194
17.5379581049624
618.107323884964
569.1566035747528
41.47349387356314
129.34073403291404
34.693804660229944
31.07531338848719
15.77602389055346
20.29302884325068
39.154342007136734
716.9387695789337
63.10492733333376
71.75755073971413
63.96901981116662
145.5226874370128
137.45215435838327
442.78569078445435
38.91115082555916
21.54142923827328
25.73454498289084
14.544595077434792
619.8345623016357
87.18918321351521
23.190105859204778
36.316418278438505
515.4065346717834
148.84380587935448
83.69521435536444
1086.5496520996094
430.87531715631485
83.2547492608428
205.7122969776392
105.42172680865042
51.42542046661674
621.3262612819672
23.779723644340265
24.639392505612477
430.8060069680214
101.32762018113863
630.9835439920425
1186.107398033142
1232.5373244285583
19.707081442574463
374.5357941687107
38.64225452276878
242.78475105762482
17.801010138173297
17.70452043155001
97.22737884311937
26.931955616081723
114.70265994383954
102.73966881632805
26.06549242253277
90.20405543958987
24.0746484023839
15.852302940129903
98.24350617969321
1593.5871801376343
35.30538643261207
96.43707943346817
45.90563122722324
15.242299278908831
83.42559152000467
22.062589293649012
379.07505333423615
17.796527959131254
50.39461205803673
92.52590344036344
54.56665873498423
1001.9549498558044
23.235809860983863
789.7993576526642
27.207666023168713
18.17584522769903
231.93774217367172
419.0853052139282
339.32962120324373
100.07794801536875
287.40286811441183
18.247950208826296
41.75715532666072
58.803488041914534
75.79641421567067
115.6763867456466
774.8810205459595
29.96453986987035
91.47341337893158
637.0602612495422
67.81591730274522
46.25589911593124
28.996209639655717
275.69279431551695
22.809697475269786
31.93881686856821
31.946081010290072
538.2049361169338
55.5713328840211
45.78894783627766
27.336052426685
20.04259951138556
886.1646223068237
164.32214857265353
456.23506128787994
32.23239512657892
859.5530767440796
27.19979109894757
100.33391688764095
77.28304414078593
55.250938856974244
145.54690385609865
72.18971522897482
315.8802059292793
38.9847527066122
225.51527504995465
76.13549754675478
32.82768374620082
25.441817609041323
239.45325408503413
59.403138750232756
760.0288631916046
275.83517646975815
792.1553230285645
100.4623351842165
42.107702560024336
407.44218146800995
41.41209107480245
41.07162806298584
18.898841011769946
412.6609895825386
24.609219029331143
40.77025776580558
25.472931292282055
54.59439904149622
43.24071897378917
1714.9300050735474
114.98902030847967
453.92945396900177
21.967780503444374
45.64566793609356
21.70689703943208
24.754548562748823
451.78230457007885
336.9496001005173
55.456673953682184
910.0937080383301
231.27457585930824
1085.4785137176514
29.98761301022023
22.63871120110707
26.733565737493336
18.240712752449326
81.85967572726076
1193.2355399131775
436.21706116199493
318.88899978995323
37.642408882192285
593.4013547897339
23.398707532163826
127.241329847835
33.69646088941954
529.3555445671082
135.5416931831278
318.5544719179161
24.117499689954457
23.446633969195318
473.0286637544632
270.56193935871124
14.458317057376007
68.03024287708104
59.26719913748093
78.36809290014207
32.01341051847885
67.75953561067581
17.505623091648886
431.1110029220581
88.92748719453812
1270.1652584075928
179.0934446156025
29.922455883119255
27.80497744999593
894.2773280143738
22.299178182060132
179.4452098608017
32.83153909770772
51.02659276127815
88.94111241213977
1320.7573471069336
43.6719549074769
1371.2312994003296
74.00236664156546
61.50962050259113
483.23436212539673
22.89694808533386
15.023749361454975
32.56262678676285
27.46388110303087
23.692352976373513
832.9297075271606
15.788071895816984
22.667898291691927
365.60871255397797
14.41626249959154
419.54113817214966
43.186830626800656
21.09445792241968
20.264834240077107
907.2677822113037
647.9448740184307
834.418839931488
145.5630266778171
14.043850870773895
174.14398583769798
112.13832624815404
190.69395726546645
225.9306574612856
497.9271654188633
12.118066615119346
21.474605724472895
400.8112946227193
30.677198466146365
16.267482882074546
11.45642382577762
33.50706900942896
1077.4095582962036
225.6811978816986
28.39574713199181
24.519364850595593
11.374256632636389
16.57657789453515
405.09216602379456
14.09741337214109
312.4595046900213
764.6552359461784
56.28787635976914
81.04504185076803
20.765150893043028
190.5452124774456
924.9063725471497
544.6399768590927
16.06667536564987
14.546642663950479
19.80452618372692
21.261291928032733
1071.833809375763
519.3126595020294
15.121738306369934
21.9812978254904
17.419229626304514
34.111946382021415
32.862156477473036
27.882275329902768
785.2138019353151
370.3650721684098
787.7681798934937
193.41961005330086
272.4180490374565
678.8578930646181
711.6537384986877
285.73491697758436
336.8393827676773
204.88782000727952
184.0888956040144
488.1771647930145
236.66392654180527
968.0848712921143
910.0128474235535
847.0156860351562
495.90833765268326
404.0643394589424
159.9699660995975
647.5820537805557
785.2472081184387
422.36709943413734
148.04878617357463
207.32418328523636
254.3907155841589
547.3811408877373
675.5983986854553
308.2472047805786
1238.5518736839294
168.89213195443153
851.1066470146179
458.6091661453247
285.75104431807995
232.39979499578476
494.6410276889801
761.9613962173462
263.34949749708176
181.1695757508278
453.1741373538971
256.4000713080168
341.52096216147766
52.06370709685757
56.49844095640401
48.82063868606929
86.98130037728697
88.58633857034147
104.59775308636017
1055.6289930343628
55.07797350698456
100.87855041262083
53.459789624321274
74.65553782321513
80.68507998622954
436.38380068540573
54.362240321177524
193.36794154997915
329.14585272967815
26.724766724155415
108.40140653215349
392.8048820197582
640.0530660152435
61.4734573289752
465.4141342639923
78.4790445137769
85.77546348783653
30.9993671389675
1953.9528322219849
1161.2602825164795
93.10958144546021
954.2012267112732
371.0785522758961
46.29710898282133
30.82245810663153
307.9057996869087
986.948326587677
120.29795933514833
1712.2673559188843
111.89577976521105
58.513768564444035
267.2018031273037
409.3889320343733
455.4623167514801
76.60641236740048
33.92075810041206
50.318071590794716
66.74357746430906
46.904107343046235
116.92523656133562
81.49837984889746
661.1152226924896
98.97614348120987
350.3750603161752
686.9487252235413
30.303963792570585
49.35846741791465
48.39443416008908
98.97614348120987
42.328261627815664
43.44122088549193
533.0046536922455
29.38323108773693
204.29174873232841
36.40473040361394
30.24260128836545
189.74538689281326
63.26314744735282
28.773407521027707
1349.0807800292969
896.6403539180756
183.50853553414345
1043.5560626983643
241.82330676168203
771.5648069381714
342.6244760751724
110.33000767230988
239.63604501634836
526.3814424388111
176.4347065091133
44.020460870320676
354.1251341700554
89.34230303561344
238.97628942959818
29.839436738293443
964.3837404251099
422.0180149078369
867.5328378677368
602.0593956336379
26.269011149600033
140.06041725724936
893.823787689209
172.86406066035852
28.73013421514952
931.642778635025
714.0276394486427
89.01758844318101
1176.6095113754272
253.62845595180988
138.4897227883339
613.1796044707298
1080.6526470184326
1508.5105285644531
269.6304883653065
31.438163688057216
296.2482949134428
27.124820934141894
45.005097241821204
1047.259746313095
45.21831394709443
23.028326484976787
113.31459969270145
98.09484085068107
80.9239511154301
31.496431672268955
447.293781042099
806.2470855712891
453.6962862275541
65.34673309928621
212.2866059935186
45.736932973202784
34.84374907342135
47.89126267796382
233.40661349892616
71.80169711681083
154.42491059191525
1504.0114908218384
453.31456293165684
58.8760221817065
1086.3862934112549
231.96663292951416
219.17054047606518
469.58704886212945
109.79682727533509
216.76145244389772
58.6315519514028
951.903642654419
458.08739042282104
1028.724534034729
753.518721818924
69.52580563724041
25.998585550507414
265.5870197438053
399.07275414519245
49.054102667374536
451.7683160305023
1125.955316543579
475.7143697440624
63.24110540095717
57.315473549067974
388.8999217301607
49.515885344706476
423.406333014369
173.30682726204395
58.60247752070427
139.41962692141533
779.8245918750763
62.03218022786314
105.70228800550103
70.26555688376538
97.42567639038316
323.98274767398834
704.5499074459076
399.03136160969734
152.26668873243034
104.74253501556814
1174.6609516143799
170.97622203826904
448.34328696131706
51.94803662970662
372.2315057888627
215.3290438055992
95.31990975141525
79.72303775371984
66.46016039187089
122.10330957174301
35.282420432631625
923.1114821434021
161.75531923770905
421.24288949370384
695.7668747901917
97.23518047388643
240.82230331748724
1512.583429813385
77.50364257395267
1479.4905395507812
446.36902092397213
133.65030420944095
106.30938947200775
76.40553238615394
525.0277562141418
52.077775314450264
123.09748813509941
55.0088507309556
170.13762365002185
711.5512189865112
778.5021119117737
92.6673812456429
50.476586654782295
220.21246337890625
44.50396601576358
1156.0592060089111
50.626764797081705
201.76183322630823
147.82622814178467
882.8317680358887
138.9368188455701
405.47454726696014
360.32568418979645
959.1311392784119
1249.3511123657227
109.31664331257343
61.38607148360461
596.3688666820526
118.1728919907473
136.11042712256312
67.6802675286308
237.97807970643044
472.1983586549759
182.78266841173172
47.301849878393114
66.79225547797978
275.5555500984192
84.20486937463284
60.89293769001961
124.30105943977833
170.71671596169472
73.64601797517389
75.47318122908473
381.9097691178322
184.82335662841797
102.87471513450146
450.70907312631607
159.39327985048294
1807.044719696045
102.69707493390888
177.47751711122692
94.33992713037878
66.53883436135948
77.80946194380522
300.7513255029917
310.2993187904358
143.249020639807
145.1632601954043
38.28860486550548
87.76562502421439
312.87061047554016
127.18767339223996
142.78746192215476
237.21677964925766
218.45992240309715
252.8757722377777
121.37363378703594
95.07832717895508
140.46660442650318
134.14157351478934
755.8225026130676
184.82526844833046
536.3466868400574
161.22778742015362
279.79841830581427
506.5272271037102
135.438743513776
781.672171831131
98.19994938001037
254.08889630285557
174.60737538151443
570.1941783428192
258.70108675956726
128.00327023363207
343.42134131491184
115.79205907136202
197.3108466528356
568.2781937718391
126.82399639859796
314.88186824321747
384.46907779574394
471.08481353521347
759.4332649707794
538.5273802280426
595.666841506958
552.1833441257477
458.3313171863556
171.5215920060873
109.81002196669579
580.257665514946
233.89851784706116
107.80922175943851
133.21313647553325
519.8176848888397
349.40841130167246
112.69504654407501
69.8466402888298
99.25457353144884
69.81927671213634
123.88881539553404
75.7479030508548
77.37674108892679
512.7544522732496
688.4685039520264
460.37678034603596
57.49940898118075
65.12811324000359
372.94882333278656
349.31395331025124
381.83420108258724
86.56015646457672
85.97089876420796
151.81162095069885
185.22369856387377
71.28010988235474
51.90520383417606
56.58612510561943
1212.9309005737305
483.15424275398254
1006.0790491104126
1081.0484342575073
131.36433309316635
60.69446964561939
798.1026968955994
71.4041290677851
57.157238874584436
82.00165545940399
60.20124950632453
82.03232136368752
54.714542768895626
159.79320922493935
304.66026109457016
138.20470508933067
4.680865642738809
27.85946020295944
7.974569972933978
6.580033712785166
6.2007223953987705
15.278296824412223
13.309744832888214
19.357000825450086
31.67832322645222
26.327835126558057
401.33116739988327
370.61984804831445
98.34371768100391
84.72282117698342
212.33677864074707
29.578714151903114
418.42942959070206
691.5640358924866
14.366218323156545
6.145973091770429
13.905936017905333
8.885951873222325
600.6033763885498
59.25177480745333
6.912281623594026
22.868987943471893
7.319881580273204
1234.1448760032654
77.15025131272682
388.0387999098748
8.729525096590464
479.7148241996765
1469.6701650619507
9.01795064971077
9.93095024432057
88.20981867902447
7.622692237312549
46.958828104688564
11.8041216042933
173.87976224720478
25.748151304811472
222.34120600670576
296.7488039024174
43.50908658141634
8.193901502505241
25.856427313553013
13.33758286118109
137.90684717405384
6.91496332150507
23.6088499776979
9.153813353720352
136.42525622760877
5.213130105332311
11.356992780228097
20.753026456412044
775.9264135360718
4.749422182008857
6.960640233053823
269.4744590818882
29.314976149544236
9.535037772068335
22.059405696052636
26.325743770200233
9.137512850186681
8.061994952426176
8.04032064525154
57.749806002670994
6.545722918061074
9.304971091238485
8.126168791346117
1133.975778579712
7.220652259188228
7.163954363740459
7.925174429959839
393.6339727342129
1191.267758846283
11.57441867086493
11.33067296640263
227.37912828475237
333.03587432205677
7.489306902860562
723.8909547328949
20.936788752833763
15.555985187782767
53.07109327524449
441.119829416275
21.849458513082936
14.830252387631162
568.3926157951355
12.704569498758133
15.569700994328286
14.75046268176186
43.36630825564862
792.3418984413147
253.08482333272696
142.47795899040648
5.838796385364731
14.900857129123324
6.132889780994219
33.53583968654857
60.55019976329356
159.9852632880211
280.14529594779015
933.9165439605713
475.9222972393036
889.4554324150085
29.776973870699294
26.945522958529182
46.65362083461787
19.774208366536186
888.8330917358398
169.58268945571035
175.09232773375697
499.06634694337845
18.06454824303728
43.918782598297184
18.449565499055097
721.3586015701294
22.829245900144087
97.140860080719
441.3818216472864
1091.6510372161865
21.82122737107784
66.07389309071004
49.76193102375237
26.1977758928233
345.64232954056934
18.217758779075666
17.583526813687058
33.34102993182751
1412.2921905517578
340.93958562612534
21.296232659198722
60.51699239492882
24.684993741873768
89.73063468653709
31.65405365737388
283.48972441256046
516.4558213949203
694.9427519589663
262.56796853244305
594.4088034629822
634.5333545207977
132.86534383444814
70.00685596667608
480.373117685318
108.75675850920379
417.269441395998
18.643130926198637
120.3791474676691
107.19138207850028
466.5446318462491
291.0456546843052
20.965148568632685
21.803275133155694
19.89433930445921
941.1998047828674
120.54732785373926
145.0035828971886
731.2934975624084
549.4896358251572
22.83417703973828
1367.183123588562
23.268560660890216
65.27337105765037
706.7682902812958
20.965148568632685
481.5991100072861
27.42202588496002
28.693984031735454
336.7184411287308
28.8531894530679
18.55949397754739
157.4051718711853
959.4003949165344
656.0389085710049
76.64888682798482
34.591664871782996
1280.4511518478394
62.04218029830372
693.7689561843872
157.8735323175788
823.8799438476562
300.8847894370556
1009.6199226379395
588.4269353151321
451.0539736151695
586.3354548960924
286.97941184043884
949.2598872184753
687.7577059268951
113.85338141210377
71.16869027726352
200.21511575579643
108.46882682107389
44.67831714916974
1005.0403661727905
383.2932203412056
269.60150146484375
651.3690336942673
506.83646780252457
60.42817406420363
105.3489102050662
83.60219411319122
55.607554943853756
47.851978297461756
77.04093346709851
838.0580539703369
141.2131974697113
55.607554943853756
218.25266201794147
52.428905384615064
845.85209608078
74.07941433042288
154.75797945261002
948.9461641311646
43.477141045892495
465.4155398309231
21.18317928185752
62.54908609390259
136.52008199319243
351.08108699321747
35.71809463592126
71.54515355697367
1107.5958790779114
58.626790490190615
123.08382336609066
701.6495543122292
69.2818876283709
913.1076946258545
68.94207076728344
32.24201702986829
21.81015628376838
346.8695124387741
12.898992466251912
492.5556392669678
221.47354739904404
68.24054943243391
53.09170254477067
16.970049806422253
278.7855330556631
211.44427592866123
83.04649926468846
56.531703407656096
292.9291893541813
26.813916032391717
20.192937422102432
16.30521327564918
86.8877235474065
389.3735906481743
290.35819149017334
32.71204742606642
215.98490951955318
19.2548232766203
1253.3505306243896
21.3982397587597
19.385689746793105
370.4367445707321
33.42516795964366
564.3725209236145
859.8176002502441
52.24596557096038
760.6934397220612
179.39335158467293
20.02744110952142
15.633021241969232
42.03232436813414
71.5802876628004
174.85512506961823
852.1126174926758
291.11524417996407
870.4207539558411
967.1376557350159
707.7183902263641
30.79612231735382
15.184993573538577
544.0855932235718
715.3551669120789
31.186314094366026
63.507327763247304
50.463421057444066
90.97207891196012
38.462585155764145
25.697832623384784
1259.2282247543335
26.527135652630363
32.70195459056413
42.6732087796554
28.382835115506396
39.54923168674941
59.37806642544456
54.4632983183692
31.744619069664623
824.7112507820129
36.94226393763347
242.84609438478947
34.07320681970316
38.59130319423275
40.698229319852544
768.1943640708923
431.22237326204777
826.2146472930908
36.602901052550806
63.24045980646042
26.87869990779018
41.69327706491458
661.4908058643341
647.8377168178558
198.1312644763384
24.395862267415396
36.48065661761939
46.939165886025876
43.48082704770786
22.31806185984351
577.7447240352631
1183.076982498169
24.86909903120022
50.31982413920923
486.95480465888977
24.46484154588154
12.714727166426087
8.308559376343283
69.54775127378525
12.41922670108147
13.678071130775606
17.14968804563614
16.674837792005178
765.9330253601074
265.1629314124584
272.1562000513077
1178.9913511276245
12.66440148675838
119.7639254257083
14.286533612102176
872.9715337753296
11.98839688199223
672.4932377338409
622.888324379921
279.44233438000083
12.48938146092587
9.13956988232303
21.645361130045785
106.66556999872046
15.759348003999548
12.427578425133788
11.178552753586018
480.44500232487917
248.52573463041335
8.397965409906078
397.4308871552348
33.18740360633092
10.666619347091455
329.5974464328028
15.346144050112343
10.732263667138454
9.111540070572119
432.2594573497772
712.7800147533417
19.783332927283823
9.35232369960272
10.210578093084905
1097.5204300880432
470.8443167209625
13.915760388404124
117.75345999281853
49.556722387846094
442.51505583524704
7.848680785388638
45.516539350152016
373.393666125834
31.041474606510178
23.48894154413574
778.2573266029358
436.9147958755493
29.326126722393383
1940.443416595459
496.6377597153187
577.3177649974823
29.56963048072555
14.595283788396046
12.884275021405188
9.116888796824924
441.65783570334315
12.112683351446321
31.352283646822798
6.613996815469477
8.272329794887924
11.657591604484765
479.0491535663605
290.7484537392156
23.238021292432677
10.042188871004328
310.72789865732193
34.793045934137695
34.08769163349643
888.1945509910583
324.6880889981985
14.475124878751899
446.5605159588158
880.404881477356
12.991555506192753
184.61602638682234
61.863460656917596
373.5198445916176
59.20421922364039
12.00212280867288
223.52088248729706
14.456111263134972
426.1126381754875
698.4064288139343
9.98376680415754
14.354646517909714
11.44769203088822
870.5157623291016
415.1177752017975
1139.4606113433838
28.252050711394986
22.67444815463932
1114.486014842987
50.27939568454167
36.140210926532745
223.2888171672821
56.96769505809061
22.074058329970285
514.98526892066
59.97560674964916
10.645220921850978
17.134493522105913
227.71175503730774
699.8529644012451
1019.316563129425
409.4240036904812
55.24253735214006
18.19661418427677
24.799498917749588
46.7263933327049
22.273421774237022
15.762372473448977
476.6756411790848
11.589750229013589
501.66376972198486
48.13371316716075
50.291950604412705
22.77259491514178
44.73905136057874
363.04408687353134
51.3112246011151
11.001690563889724
14.032086065984913
18.030215512488212
61.49548100866377
26.996454525738955
354.02900163829327
361.6072723865509
14.636016048172678
772.7372786998749
27.037058071269712
1975.5999164581299
277.83591014146805
271.84194380044937
156.8755996110267
185.45668052136898
631.0444355010986
112.47638426721096
120.78363787094713
80.95548897632398
232.1107723703608
68.65099455357995
450.70134776830673
172.45758482813835
69.03828112404858
163.01385894417763
69.13561281899058
107.02116219629534
134.36460050668757
45.515405769475365
83.76924472558312
351.7943514045328
329.15135937929153
1072.2152242660522
396.7858218550682
130.2631671379786
77.81876238831319
90.93420519679785
122.62961080018431
59.446064089628635
223.89823066815734
59.003183571621776
657.5299888849258
64.33427331224084
46.84377243554354
50.85561864513727
1090.614854812622
71.86078000999987
943.4533724784851
295.11353224515915
105.74418479204178
121.16066134022549
362.3621915578842
275.10427455976605
1627.8585748672485
102.84278060495853
566.0866157412529
69.09043247185343
821.4452176094055
129.31589065214212
63.74779101895547
213.66422337293625
1313.7437009811401
77.64078712882474
82.78475182469992
49.986203305306844
139.3532606009394
799.5506448745728
130.34361937642097
281.6059621274471
933.1323113441467
66.02171998447011
1042.3426094055176
100.52404730394483
575.4888708591461
444.95820665359497
314.10921490192413
777.1541974544525
118.92963425815105
60.22383855318185
363.5379068851471
74.45401226216927
90.80434348806739
95.50878088083118
490.9131371974945
578.2688093185425
54.21149530785624
132.9412751197815
445.3631583452225
103.50089233298786
90.80287787877023
715.3859860897064
68.05946294058413
265.1320714689791
383.2747406363487
812.88001704216
923.7585296630859
68.3559643686749
605.1777379512787
279.90242943167686
93.94846308464184
425.84498703479767
192.72120374441147
244.9627130627632
67.77722600242123
125.15628921822645
74.78076489071827
15.273756863549352
767.6754817962646
770.1610305905342
17.74649636198569
67.35748515010346
14.13308563708415
22.540855921339244
7.868531811421008
36.41306990058729
20.867924623249564
77.57625949563953
11.931326013622424
8.19149362825226
88.10211165840519
937.0184640884399
833.1430916786194
63.992744110524654
742.1312942504883
29.49935185284903
11.401274145652451
84.96284651127644
14.339780360855002
103.36037144809961
11.970581743826415
22.4160789042445
35.25349811371416
16.386967398710112
1396.168894290924
19.681951020638394
39.31277267198311
62.30903085445948
88.40175456367433
29.11076169563603
20.88550486409804
34.93211354158666
14.092774558733481
519.2342708110809
34.63676474753083
110.94122124408023
582.6208577156067
36.1151135211112
1245.5679678916931
188.2193436510861
73.27891732908029
517.7801098823547
1007.2078928947449
72.48390612613093
27.362714111819514
53.23305322461238
18.618880992853406
281.943281179294
48.72860686908825
29.028975178400287
156.92626720666885
410.61220157146454
27.935631388478214
217.86201480031013
380.0138056576252
165.7852614969015
911.1218218803406
40.27820161038835
324.36255288124084
72.50445335637778
36.49938892622595
30.21849983852735
27.64632148311648
220.56773060560226
172.75561609119177
439.3719025850296
54.30180300219217
51.224004999385215
255.09740886092186
336.1909851245582
1059.5794892311096
369.8553432673216
340.97958368062973
88.50777030922472
333.4504027329385
147.06802003110352
45.555296080419794
27.23670341493562
286.0016566514969
26.66532829202697
497.3140653371811
977.9241914749146
157.91473327577114
154.43750955164433
54.30180300219217
351.4546937793493
310.9131128564477
26.673648223611963
257.7887042760849
41.7278219947475
279.9115442633629
127.26863984297961
25.589279037551023
835.1507439613342
412.2326055765152
62.10019398480654
94.45945427985862
621.9134624004364
380.4027044773102
64.20995318237692
189.32842555642128
134.1084680557251
726.7313487529755
65.29822856606916
529.6002124547958
72.27069835644215
182.67692530155182
817.9283628463745
44.09102451382205
54.431959689594805
535.9354846328497
86.82077665627003
63.43971683792188
436.7311514168978
502.5286855697632
53.30107881128788
1353.1872673034668
414.16199719905853
104.18563268519938
125.53750984556973
274.8719850182533
545.0444179177284
30.399988405639306
65.1410255827941
100.54488655179739
457.0355871319771
1055.5754599571228
40.316247673123144
35.45936306216754
62.051240347966086
217.71337294578552
36.75935740827117
1555.2251987457275
104.00952293537557
70.81420486158459
1735.0472354888916
53.30107881128788
637.5404794216156
58.97804746218026
35.56227422982556
115.6829736654181
114.66835424304008
63.15075382217765
30.981395369657548
111.78404089808464
1469.2933135032654
21.16014146451198
34.06536754516128
74.7831423956959
93.58127511292696
38.041153183206916
494.450014680624
955.9637236595154
39.22666757425759
53.55622016452253
68.38688235357404
51.46373657177901
35.68273732817033
34.5261700648407
28.679674181251357
817.9270918369293
45.93085112383051
471.9579307436943
224.75027805566788
91.53414871171117
488.13248735666275
270.9569875597954
382.4281617552042
1684.4696226119995
1140.8072571754456
873.6782858371735
623.7835030555725
285.0881760120392
143.16241765022278
440.7264139652252
511.69723081588745
114.8141878247261
159.28878781199455
376.00266057252884
37.77298593427986
1253.6473455429077
93.45274983346462
105.9154951730743
114.9130425453186
227.9453167952597
164.15788723528385
139.29165568947792
115.39291182905436
996.4249415397644
87.37470770999789
366.16619651019573
283.45735462009907
434.2472157627344
147.94296911358833
432.45999777317047
303.8110234737396
164.1246561706066
39.39251286244507
61.3081424345728
235.06196300685406
121.43208280391991
56.76691620796919
49.96250954119023
127.28269571810961
599.522435426712
232.75663375109434
208.04779234528542
2056.22758436203
347.211462020874
61.0044062261004
149.54501129686832
41.58157383888101
114.52313059568405
366.31471985578537
482.853045463562
68.15064131980762
46.18481013554265
104.43846177216619
159.23643976449966
166.7805501073599
104.83827961236238
29.016011265659472
21.692600090178416
50.27921034869178
720.8458386659622
628.3462743759155
615.634617805481
543.826139330864
47.54245752775023
22.075415871734094
28.149165258035737
54.492882606427884
128.3377384543419
53.92551687170635
46.9335522018373
48.22840585163431
40.72677319671493
23.52850669882048
530.534336104989
31.42818518426793
38.731658487529785
29.016011265659472
557.1659531593323
39.040610060641484
194.38356121745892
33.40642197602574
34.22950335871428
978.3336229324341
240.18911124765873
73.69722724537723
34.9803679296092
397.2669910788536
751.9204564094543
101.9872326508048
36.18205710780239
506.17351388931274
609.4040076732635
135.11556642875075
550.4270868301392
164.67137196660042
348.60021986812353
46.237132156675216
23.25175627963472
66.80306370209735
36.5369510925957
40.02041621581884
480.71661722660065
27.06335313378804
403.1608395576477
89.32530042964208
770.1010732650757
18.308331108781886
96.30270467756782
334.3587933331728
111.90909971296787
45.418902465833526
28.30527366609215
30.806761124269542
993.989363193512
686.2818629741669
342.40418791770935
53.30779281241121
494.90973672270775
623.8330920934677
125.60284207388759
67.09354139297284
792.109658241272
519.3411281108856
1066.1432266235352
27.847079374158056
45.399213776603574
1066.648889541626
46.9335522018373
36.57728190101898
500.9743161201477
176.92001889646053
816.5116248130798
677.1006424427032
90.82203591405414
513.6752734184265
62.81564325088402
782.6312599182129
130.1429500579834
124.42074145935476
553.9926201105118
61.05229546723422
55.56934196857037
51.99847640842199
118.79352414980531
129.58023033291101
397.7380420565605
55.53158532327507
152.8871641755104
285.5975148677826
55.022885599173605
415.4357923269272
61.06156654236838
698.5397124290466
1070.9809427261353
310.7257031441404
55.337427406106144
81.18325254897354
114.33326281886548
322.942119885236
40.34879032277968
66.48049989347055
298.96401753649116
87.18600582052022
107.82549303835731
57.58186018456763
123.19669492542744
128.04520846530795
74.04045163359115
143.8923465013504
110.97057989099994
80.28065542253898
44.123255110462196
17.587356522265964
166.28441682225093
51.753195530765765
19.851408410861154
14.342110147528956
551.6779894828796
54.70916491130083
23.157369311507182
16.853338437442176
120.41195046901703
99.3941649840508
83.59836272150278
13.530024224482304
261.6274794489145
19.687759122395732
11.1061892198868
15.103769256532019
588.3711849451065
105.41506611765362
14.29919968349634
75.20687108082348
16.4601665870415
33.063602910101736
13.838922007613291
19.613757878817182
669.3318095207214
543.9015377759933
16.32581608674809
39.77161808103574
323.73709285259247
165.0635632793419
66.33013615425443
14.196495616468951
1423.0904378890991
453.99459433555603
41.582551237079315
748.086589038372
49.609931968641945
15.38846498418593
12.946454338484841
28.76479693446163
15.724839172457905
24.68318702355259
17.645235510484554
51.93942833252004
82.19541815947741
279.13416604697704
17.061185597696294
71.96438326854695
27.406418779493492
1135.0570721626282
26.59053538324997
1158.6960000991821
1006.2451076507568
18.285227714371672
346.68737465143204
35.310910434114476
27.422181530047396
11.17808818940955
865.5430057048798
56.44511432153149
941.2844662666321
32.406319161644205
16.688783935332026
23.432794141752993
805.3204003572464
40.67071496766596
88.54505063220859
905.4232740402222
873.5488510131836
82.09310351498425
82.91978996247053
749.5154141783714
195.1679489016533
69.93942151847295
75.34528316929936
130.3515695631504
616.8842535018921
114.41795188561082
91.24939697049558
135.79766215756536
199.96081191301346
958.0588383674622
46.08147107520199
742.0614743232727
1872.5037450790405
235.80065217614174
130.92707904800773
136.13715028762817
689.465793132782
64.50781039008871
122.74370578979142
150.53530827909708
942.8655877113342
1267.9424142837524
872.6209478378296
163.76352858543396
241.6771064400673
963.1136717796326
116.4584291279316
154.7462008059956
307.8990957811475
97.4549607783556
763.4525737762451
83.93525817338377
73.40475479606539
477.7922737598419
89.74329115450382
439.311541646719
843.493311882019
43.98402504203841
424.453066945076
697.615008354187
96.1710452362895
67.01590506732464
328.7184680700302
121.41543352603912
319.50513446331024
69.26210277155042
46.074117650307016
83.29911335930228
847.0479741096497
392.9471895098686
196.28214198350906
244.72182875871658
71.46507376804948
99.19013675069436
339.3987119793892
36.118602500180714
52.896020686253905
9.03494715564193
264.6262737114739
1056.713571548462
582.4703912734985
246.74288207292557
725.1412074565887
11.428232333135384
11.533243640820729
219.19939295761287
15.389240627642721
14.565262021729723
804.8167405128479
48.37668477371335
354.885964890942
78.29639712488279
26.339892386926294
606.0983775854111
228.6147234812379
9.053089984540293
12.318657430820167
17.87110632542499
806.100252866745
116.55794560909271
398.18029421567917
17.372256196218586
823.0514197349548
21.782659980397966
8.288719050781083
12.69127609037173
598.6326298713684
26.504556879801385
94.72003185143694
16.29816667412615
1503.1303281784058
40.08096433058381
263.3924153149128
61.49177130917087
31.69724633428268
1473.809582710266
14.295030510489596
323.9296778244898
13.357875302004686
8.10515291845877
1219.2932968139648
898.1033701896667
336.68952294811606
178.17284065485
22.868765108287334
12.311986657288799
997.7152104377747
56.17307136207819
63.85424298746511
1054.134620666504
471.01502799987793
10.272564969614905
71.07732505351305
109.99073645472527
160.81366600096226
365.8330700006336
14.880563906402813
27.75095453672111
18.08775702957064
541.2403511404991
118.09822618961334
220.69258183962665
11.997213949274283
42.5733278375119
587.0361901521683
765.0405831336975
55.50544787198305
10.272564969614905
26.3484374769032
19.324608652139432
356.886171836406
46.92224562622141
795.0034022331238
10.170275314998435
12.407451660750667
255.93427941203117
306.1944347321987
70.76803170889616
293.3754768036306
8.206315594350599
977.1016364097595
587.9504824876785
11.083733288595568
255.67204096901696
15.375945024661632
10.752358250181715
8.98632583247354
54.197226010262966
9.10455498311319
9.85269424066064
10.179728675238493
24.38377035724261
9.127018801416853
321.58051401376724
33.21481327502988
29.718391207570676
82.31899964200056
158.33099613540253
61.417861015652306
30.44851812138222
31.424640173529042
24.133924054175964
174.19495663046837
18.7297954454516
508.6358675956726
369.20584708452225
142.98516779206693
1028.779302597046
413.08862125873566
361.85241593350656
27.515877321071457
121.81656629912322
24.63754690087808
17.886641379504
72.79150587024924
17.991227167411125
299.963416504208
271.16379606723785
46.584971357602626
21.098838935955428
56.980511300324
178.1113280430436
69.44641566532664
32.050709966308204
16.061547443349355
561.3605501428246
156.44324440695345
268.50771752395667
277.4912779331207
35.04368667680683
16.167218434815823
101.99008768610656
98.65989709831774
54.65739820012823
18.097394133801572
559.2174384593964
188.53088821470737
908.6113805770874
76.50645074248314
216.28177843987942
215.61318883299828
86.78869113283099
498.95024967193604
82.50027964989204
16.43621426076629
18.226046613992366
40.38117432729871
143.88490458857268
29.59413750809108
687.2894654273987
1368.317714691162
25.470958681335105
492.2161170244217
72.12060118885711
96.71799333579838
44.47345965886416
142.39286212372826
19.948098254025354
22.514551457102243
703.6189107894897
59.499841638316866
108.14664988243021
650.5649061203003
1212.7463855743408
198.5316701651318
748.7123074531555
17.681383779813473
124.30724830832332
331.2000238895416
62.78830286115408
26.50698259146941
27.25832594032181
481.20878398418427
793.3767123222351
166.90816214680672
1375.5852751731873
111.97381713986397
143.31561660766602
137.02281987667084
589.7243449687958
644.1937901973724
95.28895731270313
48.80425623059273
262.6734573841095
56.72151767089963
300.0090374946594
57.74497835338116
79.47037175297737
629.5438194274902
222.6983814239502
97.83252590894699
48.33130242675543
245.9028012752533
1343.0371170043945
1178.925335407257
245.78693445585668
336.0292409360409
180.36150809982792
71.81557396054268
449.3847382068634
237.7258664369583
168.71297109127045
69.21049246937037
36.98415079712868
39.71473745815456
96.15880487859249
1032.680387020111
319.48679983615875
37.39393814653158
177.44264107756317
195.04712879657745
65.12823408842087
469.1197177171707
576.0795435905457
645.5495553016663
48.80425623059273
958.0606751441956
388.19139182567596
142.40800994634628
30.10733551287558
31.02127791196108
95.78875505924225
311.77493035793304
137.70325165987015
81.11138874292374
58.30061361193657
58.52957135438919
400.99274903535843
62.42359474301338
76.92188473790884
168.05766183137894
356.43110597133636
62.0386887639761
342.78585531562567
734.1069474220276
1455.2257452011108
133.7565547823906
577.4020700454712
337.7723420150578
1127.293915271759
239.16532564163208
161.14876872301102
697.3009285926819
70.35181757807732
1016.932126045227
645.0552227497101
73.28258675336838
157.37312895059586
174.66517049074173
388.8081611394882
696.7322356700897
127.56936303526163
431.77261739969254
69.71689866110682
67.19354739785194
102.59862127900124
96.15880487859249
114.11874815821648
213.14410838484764
38.75439821742475
373.2978479862213
1188.1553883552551
258.28387689590454
62.46242140978575
801.7177686691284
116.05324684083462
739.7022230625153
94.67231465876102
42.94009593129158
511.2172839641571
497.1861597299576
8.418367758897489
32.99535041430681
61.00579481362365
844.0232815742493
78.80404479970457
508.93047112226486
118.50635704398155
357.2370218113065
329.17761969566345
8.720377534951808
33.71065380151413
188.91483764635632
286.88058280944824
897.6142153739929
1127.443552017212
15.98418627306819
75.57423353666672
401.3262634277344
219.1725697517395
43.01790543861716
298.3643263198319
49.44086809270084
583.2622451782227
8.700983807889088
352.71089494228363
16.890342149712524
44.83895424590446
53.502168840739614
12.697369529902517
1086.260952949524
519.7372589111328
515.6130526065826
619.7251126766205
186.74421307444572
12.470536786365756
26.51965351514741
9.357804564890102
13.343032671112951
210.67843463737518
9.42278145365708
359.8052591085434
1391.2959394454956
350.8648307621479
14.490967626495149
372.135258063674
163.24378925561905
32.620285645776676
20.64801086098987
48.81863362750164
338.9335973262787
343.2550899833441
40.231912832636
11.085980345320422
66.73975465307012
718.7775053977966
16.44136925388102
12.502902543801838
13.304568979991359
351.95373341441154
484.8033891916275
106.25827178359032
9.078919935971498
21.45385339218774
12.34766973885462
12.856543899660892
134.65519889444113
10.744340048464437
1721.424726486206
344.7812496414408
645.7226674556732
765.5898723602295
17.353197068034206
215.6218184158206
7.84315826967395
13.304568979991359
677.3095762729645
9.47836163501779
87.89233117178082
259.0826584100723
15.688315353890289
113.80024963384494
11.811298472183807
445.2781226634979
674.8875117301941
12.008867159670672
32.835143627529646
20.552935410651116
1508.2852759361267
652.0823681354523
32.677936806621005
9.047956318204228
591.6114802360535
20.08209612319115
39.29943442568765
83.40569764189422
1166.3852739334106
250.4821512568742
582.6737179756165
130.08062931895256
118.68846544623375
168.67291574148112
187.93675683363108
125.69731006026268
294.396264731884
173.82897360622883
109.26131436601281
69.43901543412358
418.4319451749325
43.75345425454179
1349.6943759918213
327.86000772565603
24.11736445050701
279.60819512605667
109.47478853352368
46.550170882226666
724.1773581504822
28.20640709809959
74.89587956666946
110.05456083267927
56.62279603802017
123.76379195251502
35.52012964634923
36.22659629052214
610.6847145557404
412.0817811489105
46.52271304131136
100.91804937645793
213.0914334882982
34.0785546668194
36.04312875552887
92.22547363862395
34.591274200931366
148.60369346663356
77.08715609600767
385.5522554218769
723.5506386756897
1073.8710451126099
197.1065266636433
1099.5114936828613
84.19130777847022
37.08047762694355
102.88341401144862
128.6717148423195
46.56783334049396
43.360327831578616
23.966450915624137
79.36791671253741
446.6486200094223
32.29199729472748
119.24942216697673
37.444442614396394
360.54735136032104
378.62494134902954
551.7591576576233
756.869606256485
204.77796590328217
906.0291585922241
76.14306419373315
22.592820081199648
164.26405853033066
38.17176793663202
72.5898082703352
34.80149446848736
35.60387213589274
149.80852767825127
292.7095957901329
467.8021433055401
868.0754008293152
79.36614844575524
276.6068839766085
35.75311960326508
57.70937693572614
54.90330901509151
87.22411125889562
19.037390303501525
407.31150321662426
33.9372070697209
593.8329421281815
221.61629524081945
614.4070101380348
40.641397439001594
23.320510025630938
106.35339843295515
1006.2100448608398
145.42244927212596
162.07546590967104
603.5674693584442
54.90330901509151
95.14950454235077
23.256862944616046
47.39065742670209
39.201488769613206
1264.7551274299622
19.73367779966793
26.625288731166165
67.34975729323924
56.58515062110382
134.52685795724392
42.192431495015626
78.25626570207532
31.163528060365934
219.42029857635498
26.4340562570394
86.70345731638372
53.09425114945043
52.158807000145316
187.3275440307334
88.18317913403735
22.528376910064253
20.79954550380353
47.689041895093396
33.93077630363405
32.47203500389173
477.4609110355377
233.87965416908264
21.46162708317661
108.69680727685045
35.338159802482096
34.03698461717977
88.18317913403735
164.13085500895977
773.2613263130188
34.61919441456848
105.37771369889379
53.33177245315164
73.06201377138495
310.5870223045349
442.81328922510147
105.21809469908476
242.20169013738632
318.8656047284603
172.33537816256285
102.21452966961078
525.4880858659744
101.69154264032841
673.4951694011688
150.73502968996763
464.13416361808777
726.1386125087738
343.23076832294464
270.07808753848076
665.4244518280029
270.3493694663048
355.1915646493435
200.52323481068015
228.67508740723133
248.76887780427933
729.8146116733551
314.0183490514755
197.61797627806664
95.3967271503061
85.00560784712434
544.4221172332764
1218.5473561286926
70.73217045143247
258.64624655246735
104.51421039924026
278.29486566782
423.0726110935211
90.66303590685129
87.02531532011926
81.20805341750383
101.06689870171249
161.49240206182003
326.6274206638336
58.59451177180745
133.6328134117648
208.69624653458595
309.21502789855003
60.676279567647725
56.58960493875202
1385.506510734558
165.41797877848148
298.07841473817825
193.4315640926361
676.8287055492401
58.79584290571802
1088.7474131584167
56.863140713612665
395.79067397117615
489.22703862190247
299.16520665585995
57.5376652284358
188.9434802979231
179.22761604189873
132.2300914353691
134.99312802031636
203.00536116957664
56.22357275779359
180.1392178684473
658.1329027414322
158.12955067306757
244.3056081533432
63.047797182924114
120.84713782463223
108.29860009113327
64.83519998350675
759.9128255844116
58.82224328641314
1023.9758248329163
843.2453479766846
89.04449016973376
