22.834722933483135
13.480572813959952
1121.9885296821594
1128.4981260299683
23.920027240616037
656.9162793159485
15.799179803580046
7.255127393587827
1341.8878755569458
358.13928463310003
101.35677397251129
565.0852839946747
11.621215033650515
653.6494703292847
272.5194274485111
316.2038224339485
20.748164384625852
792.701005935669
4.7311813634887585
14.355585382245408
114.36035317834467
140.0537766814232
7.824032455152519
1318.8374066352844
357.9627977013588
34.4192413368728
91.12795768864453
578.5349459648132
383.41695404052734
425.8416233062744
606.7852137088776
277.50131135992706
43.1781862222706
362.2996841073036
76.18496190011501
426.3910392522812
760.8593935966492
8.493205178201947
17.590708575592544
1090.4466743469238
933.6044807434082
1404.4214391708374
287.61826637387276
40.31111445254646
60.10847611259669
570.4288555383682
213.8244413882494
214.40429908037186
32.89315317134606
532.5186648368835
14.60748808075732
141.61353708058596
66.10129965416854
57.96841207634691
52.64120883157375
522.9188495278358
134.25918520987034
124.57257220521569
701.0951800346375
210.3786837235093
237.68682185187936
114.0542701203376
83.87765308236703
112.24628193397075
70.50035204691812
103.41515828634147
71.67846607608953
111.83290262520313
989.1166977882385
1092.6879558563232
123.45750461518764
34.494557317234126
121.34691225737333
208.12092542648315
133.15062709583435
981.7308974266052
88.33275727159344
101.12116569447971
74.82039510738105
60.48211461719984
78.36881698322759
43.73275883484166
51.053504202427575
181.2615560060367
292.8256913870573
677.1830060482025
33.269283823408614
161.8782922141254
55.80563541346987
292.99709858745337
581.0724029541016
87.76870530098677
51.400536232955346
113.43474511790555
23.901927209398764
58.98823480072224
188.17983463592827
470.14065915346146
47.48242896463489
26.80332926107849
737.6019468307495
55.782370555015405
27.893547433148
266.2402810046042
195.67845165729523
108.9926473274827
250.20311565697193
41.71598877346662
60.47884517573402
82.05124890524894
123.14166662469506
358.6557712443173
124.3187784816837
431.07854717969894
112.65471990546212
141.23569966852665
79.04824032801116
59.065201017230606
70.92454372765496
330.26295974850655
65.91966154630063
87.51095487643033
50.964079161209156
480.0571274757385
289.3339296281338
126.09630321711302
1007.7785139083862
206.25523081421852
893.2014002799988
41.65950133487058
106.47270679287612
114.28496532514691
922.4644680023193
105.122180840699
29.07845487648592
1146.4386386871338
838.220691204071
96.1609012670815
38.47293828839611
139.8501894660294
89.45223735831678
157.55192303657532
517.2109132930636
240.7874220609665
62.321410979377106
819.7242298126221
86.2451834063977
169.99905961938202
295.65910148527473
687.5764060020447
315.75309197604656
23.965434937825307
1453.3660144805908
24.067395786048905
44.582592515107535
326.4182908833027
35.70891121744353
1515.0080528259277
440.3475142121315
36.004221724851504
38.75883084675297
26.67469393315332
50.33301979535554
43.78973736381158
604.6959292888641
434.4958538413048
36.78009900716643
351.1320436000824
217.42832592874765
53.1389341444592
30.009457560669944
31.223024206366972
31.57955369458068
43.98470692939918
504.36411678791046
49.5841872029996
33.52010482532205
44.93296966896014
713.7674944400787
50.283076643710956
849.9663624763489
90.47354168078164
124.11090537160635
20.376160201101243
28.479251183074666
628.2955543994904
67.933599685339
36.886757035605115
86.4717967021279
135.75163938412152
103.74593279958935
28.18441131338841
64.4136896819582
29.33289202818287
1101.9124269485474
1356.6367826461792
67.81211368815275
42.09907923638821
53.87310438339409
29.263055837371212
29.449245718626116
106.17554337531328
65.19537022139411
17.565593493046094
22.232889254996962
13.032664145621538
1136.3461818695068
7.887471282789534
1.0639410762088346
158.73095077568723
20.02264478578286
145.45989674638258
31.698733055476396
96.21301465574652
1188.0850791931152
312.6930024921894
38.24875308806077
771.7562003135681
20.332226452723262
32.53010824432715
8.794790352809741
7.989057108246243
15.00163693972786
25.798852175249976
21.43068333213887
7.429668976203629
10.598162715336684
4.9759663153848805
1418.0859637260437
11.644354489397415
3.2064878339291454
1056.826183795929
14.144087653805855
21.469740260658
217.6153872460127
55.124607480862096
23.367175261460943
30.854379270666527
24.924138508125907
2.7945327437040532
858.9649419784546
18.487253487336716
1.1524431807484916
16.437948871254207
19.677800985449267
1.3398406279371784
11.394180274674682
4.721957881966887
6.8767073937076475
413.32416462898254
7.33843086174852
178.21850170195103
17.229412121019777
112.70673476194497
17.140831332505513
41.406243543532014
1287.200448513031
17.06027453739432
6.0711203984452595
4.079856738824105
8.419327072729857
2.652863693859217
1169.8080325126648
69.38569663393719
278.9220890402794
14.345669402397107
10.71037342032912
1.6900562810144493
2.7377911056385074
30.80925969145028
15.208328472913536
28.532913404837018
674.9598921537399
4.252486641432483
51.96336675686291
123.86657588243543
81.2207509943837
8.409931625247282
735.1484413146973
4.35001950299511
895.3889408111572
350.9317675232887
646.734189748764
14.967760721556374
8.44968266302476
5.195572589266135
233.99879632890224
6.643844674266461
756.0472464561462
18.16498366878045
5.071234811473005
36.94094344906625
21.499296693414408
1370.285213470459
15.017152212443875
29.937984827435344
11.53792870027678
1.3147749584403527
517.3434189595282
68.84252015916104
31.723230612204702
50.860449166969374
132.48422564193606
42.631130036432296
14.228038616837694
56.48974076658487
1448.6745076179504
1388.3258123397827
775.5821657180786
148.9926874767989
788.3537085056305
106.15926048532128
18.454261287958275
20.88127835391424
311.6082043349743
50.052425222471356
614.3883256912231
30.018911321880296
132.38598993432242
58.79910754784942
93.6094373241067
562.3504058718681
408.0504184961319
26.30874265511011
532.8737218379974
37.64013093311223
65.92076864372939
63.54233302269131
62.07513274252415
19.81856653338764
105.14226614683867
308.50020134449005
944.9625043869019
98.99998601339757
31.878758056089282
48.36657602339983
36.930128908657935
435.82585191726685
251.77687717229128
35.023029849573504
37.14113695593551
53.81415021372959
68.03210454806685
35.8097066123737
87.88942442578264
1333.2280292510986
49.20832233160036
58.2117754209321
121.6542580772657
35.58478762768209
65.35468807374127
50.32635449977897
185.5484949350357
1166.0575704574585
45.64965387433767
1111.0874519348145
1083.8052430152893
586.1595287322998
23.65235649346141
78.06871138513088
22.899835364638875
37.946308343001874
21.053626322472155
60.61864588083699
270.4222488477826
36.08067285246216
21.340647424018243
390.81851494312286
42.44065860530827
165.66260327026248
836.175968170166
27.71791716629741
44.83767405594699
723.6095962524414
49.43382975507643
32.177353074019265
97.10880615160568
21.32880032607045
287.3163742944598
47.3116646030976
29.154117317741566
84.44160749767616
34.13266372846988
33.37285438455001
26.005892682267586
62.58111050525622
683.4240410327911
120.193290412426
1030.0055904388428
92.38857068493962
41.79184393353353
118.47335185855627
1184.2710218429565
1249.1299533843994
189.19145612418652
870.9588484764099
747.0391988754272
23.36421439880519
141.47634980082512
122.42625018209219
42.58106226774544
487.48225051164627
62.63691901322454
29.313340516339622
29.848792675045843
27.26799599579499
17.53267372153846
306.87198454141617
136.2878669500351
33.33800754673598
1214.7690134048462
38.12650083787889
72.51095250819344
66.93430659365549
41.96898602952206
625.6871526241302
35.7136961330325
67.84055173676461
37.21655262537206
740.3487617969513
54.406890463747004
100.02436378598213
74.89598540477527
29.317565338038435
23.13820558631778
62.35573430441218
1258.5066366195679
49.34748911872157
629.8967370986938
1060.5376272201538
43.41268534815026
386.051477201283
209.88133568014018
1382.9263496398926
2107.9621629714966
82.08989068121446
134.19122849115593
62.04873429215513
659.7022092342377
145.50915951281786
103.55396434664726
390.9766034781933
62.05585610354319
62.154870172962546
104.85880787111819
87.54654032876715
71.73574507371814
54.43415692355484
78.31087266287796
146.67002546787262
88.21422394597903
95.39611138636246
72.08105264854748
280.4891228824854
809.2795476913452
222.66500276327133
172.03589227603516
130.62331356076174
144.1938592672377
324.2994725033641
349.7013328075409
43.01458993947563
94.64793805405498
1175.9259238243103
84.2124296699767
118.08303795568645
178.12991406023502
1605.43466091156
60.26941074799561
1585.5503969192505
140.57432713732123
780.1367282867432
1146.9261145591736
134.0088921058923
204.16250413656235
235.0463614091277
191.48910569539294
557.7019506692886
609.0837935209274
165.76863154396415
138.839965489693
48.55261962573513
52.851075637758186
602.8629610538483
656.8675134181976
42.242657828763186
2065.456156730652
128.00379659980536
74.32568140304647
1198.0380477905273
960.8297500610352
1073.0168385505676
267.618011161685
56.613563152743154
49.071542660181876
43.57580921670649
833.8061790466309
43.72610636803438
47.787484015803784
30.030677284537887
150.26193526014686
16.940228898529995
39.46451485759462
11.61897469239284
45.850188488693675
827.0835189819336
88.77245261566713
34.24888168789789
81.88681752490811
20.042457291012397
1123.0770573616028
18.52603257784324
12.850760357439412
44.27459407009883
31.94230038486421
38.361368941143155
30.18059332451776
36.13402298948495
36.349493835135945
16.027858013374498
56.16846865575894
29.330256152242328
16.141658685639413
16.22437852712801
31.914597004884854
22.184809341946675
190.68889037892222
173.03349050413817
43.431062135554384
912.328857421875
559.8057231903076
1434.0304670333862
88.49245786760002
17.099611803954758
858.598361492157
28.849327166069997
1412.0019450187683
956.6861910820007
1094.6067714691162
571.890053987503
60.45921118638944
30.276897408181412
937.1023559570312
57.682322941720486
21.823236415315478
432.3747274875641
11.665016218476921
19.907461895386405
36.75062711449573
984.3290882110596
21.56334044487869
1626.9019422531128
74.1618712823838
31.93316383427009
17.294159750032122
14.423215374321444
472.1426856517792
836.6885349750519
1288.276352405548
500.06590473651886
14.753853025220451
70.90165775665082
14.256745309454345
14.669435463205446
508.8090603649616
66.00724020414054
62.38679653943552
37.80091556813568
19.926751176913967
178.8424848690629
52.380896944290726
682.6847639083862
889.6775105595589
27.156507894515016
330.90972316265106
45.19560511624468
151.90914706513286
36.65275997985259
162.31539591681212
62.19750250112702
60.10485504194003
52.202898223789816
74.10267238202505
97.00540193927009
1426.5253100395203
75.34366265933204
277.13651878759265
99.0145579521195
143.94033700972795
59.78599891844897
581.7955255508423
76.70428481737326
84.84451791309402
40.725680053997394
42.657065582716314
60.59517984318245
70.05496178438796
49.33587339207679
73.97143255850096
167.3858599648811
43.02267989020402
65.36419646599097
46.0356717749097
61.069009133607324
204.21527114510536
228.4570617377758
166.54752094108517
51.09753487144371
73.48206769782064
39.464017962306116
90.25473936391063
79.09359844059463
100.63272713683546
1003.1787619590759
74.08295977173941
46.53041876315899
1290.040747642517
181.0268506603752
174.99064682610333
66.74909643409774
56.15762770541528
53.23505938816379
102.37204296328127
38.757687150751394
70.8593357349746
56.922085252133115
114.64071154489648
125.91465356835397
47.74990662395794
1158.6915991306305
73.55124813081784
17.178514809500484
51.605577506891564
27.952190280977447
504.667494058609
317.35968608781695
72.97361440770328
960.8920388221741
14.191960747876806
44.522738219456414
1337.1155433654785
8.660387879455925
369.4533544629812
16.384386041966422
142.35295935807517
15.711194651102005
71.71035070109065
185.1454488729214
149.28191794455051
314.9593776911497
1669.3233213424683
40.019408570948144
40.49366830194276
182.29408137500286
312.61604699492455
15.742079255792078
57.06981775169152
52.1597658473911
65.81795791827608
973.6486830711365
63.10845269394872
32.06253602758807
81.71189439238515
12.400309318088716
83.14897271574227
10.703137534160987
724.7593593597412
54.07058089286727
27.93701010774248
62.22550321792369
85.15099367665243
399.3822970986366
61.80447094459669
53.92643869492167
21.967664722036943
11.78844732181335
27.716239866625074
36.453936446036096
83.25058408742916
165.1911549710203
689.9734071493149
17.709656544259133
21.804737930825695
179.6116425767541
24.804912050218718
236.14702452532947
23.943527142666085
62.98545134263986
1048.7473335266113
36.196582757231226
41.79353344226547
26.207154568598412
43.07773215778013
10.3965426392366
318.01321017742157
13.016613154264064
10.699740845484826
205.25537222623825
19.904533865733583
49.57681448858057
2475.247396469116
35.71531679778036
909.8354749679565
21.151258581963816
585.4096527099609
8.332172717970025
25.639562064326697
553.9873378872871
14.883091385530975
45.2049344763509
697.178305387497
11.629899875772026
32.971726906253025
251.2269696877338
21.925462532013626
33.41337351330003
135.3368537724018
1246.1572227478027
10.693195911249632
632.0161089897156
25.9983882252709
23.821646651256287
32.86317249038257
195.1617904677987
16.621961781946652
575.6640242636204
138.3416251167655
870.7164626121521
13.766255499569525
18.33114050546169
146.26408498827368
1175.4757318496704
1221.560778617859
30.80422070899658
17.962381518129405
8.459166435396014
628.6262119412422
17.989951732610848
334.2417422533035
36.6139361152309
33.603356746956706
28.820908650068304
656.934464931488
15.806701745304963
497.2491973042488
20.954073006105318
57.44034154487599
8.337096508727655
100.91945293871686
66.33430399524514
15.932961864691947
51.84267909580376
277.3975601606071
174.94854857586324
145.14218094944954
370.41848599910736
406.1212878674269
26.9059634930054
381.889561265707
64.17447073868243
196.92531225085258
19.55035709673848
11.205797948227314
444.5559792518616
17.51683073147433
11.68956284554531
363.46744453907013
30.196256989216636
743.3131596148014
68.13155250507407
39.52799914078787
32.603195470175706
11.529086071963548
12.328275588748852
13.481469267434363
8.00018775739261
28.439129657317267
29.011927029862136
48.74204213075427
43.05271000508219
20.386648024534225
9.493225909355942
31.323290629690746
127.76895854040049
21.779389815721515
351.9417185783386
750.9697229862213
27.925077928230166
45.279222731944174
56.214249800890684
148.97562500089407
615.0100774765015
19.80134457931854
219.2381671667099
134.79985630093142
25.648519010748714
20.06887565155921
76.32258263230324
42.49542341195047
23.010379360290244
53.36048750951886
48.038878774270415
86.44302581809461
821.1442322731018
14.47784203151241
1226.5672492980957
96.50898739695549
18.00822025785419
209.9261201620102
10.32347715295964
104.6308162547648
48.26484016714676
341.41302973032
946.369788646698
1820.5149478912354
190.4883467182517
18.395279549149564
44.253737101797014
56.13609045371413
35.056031260523014
28.480461263796315
437.7474458217621
42.03696640674025
53.428496750071645
533.2825915813446
1032.5614485740662
91.68113966286182
144.59095326066017
370.3172335624695
1185.4577045440674
22.554466035973746
30.717229527886957
37.617736731655896
38.18509192485362
18.408340867754305
1013.4841079711914
27.43582279153634
74.39069618773647
137.16312674432993
17.94988912437111
946.0032143592834
394.69430047273636
1160.3602061271667
382.57507860660553
25.89320758730173
33.89520553435432
21.604638091026573
37.470321491360664
30.58968039508909
173.18920012551644
628.8282825946808
42.96841497078276
36.59922463339694
14.042929075423672
19.34358411024732
14.04235191517921
234.55541639588773
14.589755296063231
905.4022164344788
88.57659413598094
32.88418754360464
597.7951015233994
25.28280144132441
9.57603597676382
54.64267520949943
10.177007935163488
22.66137452337398
326.0302220210433
490.23829586803913
17.668657247791998
28.2358358882351
32.5382627101568
12.64681970676611
23.883709162737773
18.498368045663824
30.58014318665664
121.73570490514976
446.0252004265785
13.314615607462656
6.479389350098472
1127.569643497467
20.233950481258944
747.1155467033386
27.429512313541636
36.579703115234224
18.801249585804726
486.81967782974243
8.662414166676854
8.382549077813906
9.937205870800653
14.125764540430282
32.904184352579705
246.31554079055786
15.467160522925496
17.473694405833157
1115.8762855529785
29.76710338430894
352.49088394397404
12.162275129961586
53.1650560588605
552.8882859945297
7.126486469558927
34.475958923620965
523.8365886807442
17.093169186660816
7.032679717962537
17.06063147366274
11.351221429807879
294.1660702228546
110.78709396347404
395.64271450042725
254.8462001979351
258.7818202972412
20.38052773725849
804.6218008995056
108.34071026515448
522.8951886892319
1217.5099687576294
49.135986051056534
2142.8500208854675
5.810507442404855
24.7947669406567
505.8133555650711
183.49192472919822
301.8932999521494
229.40633833408356
73.60241058003157
35.04410119345994
7.533610247107276
699.737979888916
73.39679887576494
183.0678067584522
46.54634181860092
92.48839331790805
143.6511404318735
24.511636697206995
30.34824889029551
3.21018448099926
14.265157500724058
6.982197518525709
1610.330382347107
88.80332062393427
856.2289998531342
85.38489294124884
90.90744135525892
21.07097265422999
59.68539359117858
122.3902997536643
871.1054182052612
98.11991436034441
20.982996019054553
6.3592439913716134
260.7438535988331
183.5301557779312
74.12486195610836
1526.9462718963623
30.698484590480803
144.5869650170207
293.0908235311508
32.540426227555145
126.78288475330919
259.0133802331984
63.562593259091955
62.41400673810858
751.8979740142822
93.06385066453367
108.17711437260732
172.14626161730848
260.6752108633518
67.99889769032598
54.891977741383016
65.49864502044511
93.52941156784073
29.96313807147817
622.9234964847565
463.99535489082336
55.69301627681125
34.062465542694554
14.569747032390296
40.831716369473725
162.76051145792007
33.19447325381532
477.88571643829346
17.50478302998704
15.571399449487217
6.080694935517727
23.63481530523859
24.35016825029743
5.562981798841292
16.41458167511155
19.782082826027363
555.3573116064072
8.973837837043902
11.476005954865627
15.73365367652093
14.33833489179085
335.63267052173615
9.235841001854169
10.818789434649943
8.359171049526026
304.3080656826496
10.809726970099518
449.83963176608086
12.92138772305077
49.38792656251462
29.680536363351166
7.5104000444353005
23.720098637975752
52.96287103863142
30.97815464076848
288.35752306878567
9.421423185207345
11.748989763101235
61.08138438779861
1471.014030456543
29.956816956149282
617.5774354934692
14.567360187356826
20.650640992678746
229.65455931425095
17.331018917211622
18.670505310023145
202.7035598065704
824.4475998878479
14.971751932661505
17.63356045953344
95.04612985788845
15.072608137631164
35.56511925696395
19.210550359951412
671.7247347831726
214.97004273580387
589.3966958522797
8.612767635199134
21.117570790066793
65.39157251105644
19.950315114136174
411.3349573612213
14.012490229719333
130.12726160106104
12.424328520272638
832.0504093170166
251.8613127619028
622.1059470176697
19.37666841394912
12.832412680796665
23.416504970402457
27.774697346962057
13.385211669707246
61.915499491922674
684.3222737312317
12.65601625846898
17.804719171840475
20.699557122793635
18.262349861799294
612.3623812198639
43.0742264011825
85.58207552693784
194.87192621198483
15.444705417282876
8.482054064935824
8.08945982622356
6.099329889415458
22.866402349012787
571.3212517350912
29.064811053691415
11.76676182322808
10.72084388795463
10.717858101192292
604.9668364524841
1248.6825127601624
6.841352592371436
5.774067160815434
13.07258156467401
568.7111611664295
264.3248643055558
5.349797828218584
13.796174596904848
907.822657585144
7.497839916901967
361.24983954429626
16.156304366569998
1586.0165481567383
58.34601153828464
4.815630506650336
7.119798935065319
32.91152613825034
733.8544330596924
981.3154196739197
29.24099326837586
11.215271078118121
1242.0556726455688
258.88758051395416
1508.3191499710083
50.32434447396099
5.6135587347422415
22.055363069918712
12.052829179434866
20.146000057210244
14.467925281305611
68.27869875145109
448.2192425727844
28.209495782775434
266.17999079823494
113.63718145157998
85.28319757519057
1054.9149169921875
8.03297989626526
19.632460055410775
5.571232523622939
152.70802147706172
23.323535578884957
5.79902714738671
739.7195992469788
46.94349350876291
28.66777690436652
56.28532613212883
67.45693918317556
17.337131034728372
872.9242396354675
749.3231010437012
58.666181001116456
239.45435608690605
1227.1164593696594
991.9890775680542
11.356546008543887
14.036794469857341
44.83815353337559
6.488836523538339
908.6796872615814
2.8673612635540167
2.7151733963238485
2.7688566850390544
8.578655352396936
1252.770984172821
953.6895408630371
189.3059150520712
16.005673493742506
819.9901094436646
4.690950555465179
2.852859531909644
13.80121279394507
5.1909856756414
202.05877245683223
39.422138055924734
228.30128481891006
9.761790825123626
228.9106646887958
34.16413089353591
34.98447109200879
22.585435324181162
44.072919694241136
152.50274522602558
751.0710325241089
739.7354176044464
38.82726576272398
10.108701225328105
271.9697959399782
3.465960951438433
981.5080990791321
8.798902584414918
237.6969889323227
1.1198291972139032
10.36660557659718
8.389336254059344
13.986035248781263
8.832858003529964
11.059587261780166
6.456821734604091
4.467593393728521
11.813369986456564
8.554390049990616
11.952798285405606
8.770637357103169
55.71839642920531
2.5740415375393013
1007.7728877067566
135.76356340944767
8.73611628268236
979.9498901367188
4.109988630981661
4.758484541623602
1.9019736789365425
21.459387059876462
2.2758479098313273
11.428835754965803
248.27535781264305
4.275183802216816
26.90867754361807
557.9204866886139
1523.9185914993286
46.17930310118959
750.5739488601685
83.9414836037904
127.4659508392142
39.4459098418406
37.905895741616405
22.403063270866824
253.55979837104678
22.849958959456217
625.7767660617828
39.26587669736
264.6328525226563
777.729917049408
993.4935479164124
24.704050386330096
37.002175311674364
30.97558356463128
539.1812189668417
65.64587670013134
11.056906974163553
10.255886074038699
44.701571441371925
657.6732559204102
23.98228394158002
38.146103714359924
53.039805338001315
310.2782708690502
91.97225892543793
19.79813676190838
39.23060426671145
33.68126271236508
1335.5435061454773
2005.3152532577515
28.449764068814602
29.961939071634106
521.8473632931709
28.96309931980113
1084.9827427864075
18.505305987665224
17.800404693497057
1247.185061454773
12.687858935977943
360.63874255120754
219.53897835919634
72.81679371786822
18.148596589347335
68.95589596149512
54.92810172559257
18.431104475861957
786.0110993385315
32.7396154716057
25.93593805839498
37.58361558744048
50.02459125487883
117.21828929590993
1386.6127662658691
32.771632092064465
29.108663319068
124.47145678475499
35.04913518401406
87.07087221601978
1362.8793306350708
135.74607991520315
1033.9084424972534
75.88801939180121
244.30780306458473
90.57988492655568
36.90685800253516
388.0301598459482
28.239628314517176
1218.7090573310852
252.48978591151536
325.98858674941584
308.70404306054115
65.91837805043906
427.14694249629974
37.112630239955706
91.67094087228179
81.30664651864208
394.8430681191385
105.96503935277724
54.546008185139726
499.3752487944439
721.7480525970459
116.85749224387109
118.17135630548
721.8865066766739
43.83802471726813
152.3032109439373
365.97930224612355
42.930127743173216
49.33289739160682
58.325304778816644
918.3902049064636
530.6435639858246
1789.978310585022
29.146464315647222
26.091263333343818
103.03513757511973
43.40290559686014
51.267010390467476
37.090627508208854
40.73898410941365
51.05314410084975
69.61735838407549
35.39356004425099
35.04320788414111
55.40312252182048
302.390092484653
194.41402888856828
158.79991082660854
26.19302790973893
44.99002902467328
47.65415147392696
729.7040185928345
148.7669549966231
36.94680434900363
1087.0868515968323
37.98001819669719
54.04950243113308
92.9719146026473
31.517612486576695
46.16637370423996
199.5365929454565
15.558736563041748
105.01157566159964
46.007298067767465
51.16625571006443
18.359659245099465
37.34865251402516
826.4327712059021
66.22845204919577
267.04190671257675
11.852652368905183
600.0652647018433
37.92177148419432
42.161987490486354
29.37695752177933
30.623675657931017
39.54727479450594
33.384205623093294
46.94908498879522
387.41060830652714
38.502780474722385
78.11140738008271
32.59958735640248
70.24350941414014
12.631300601343355
650.3943791389465
323.36242324113846
42.808558807126246
69.53503030817956
12.899968222830466
759.1207175254822
1093.009515762329
21.931858590952288
1246.5893330574036
763.7115983963013
53.60699802020099
13.861560035261732
15.317645196442754
25.497589258127846
29.636487107164157
30.280587875749916
43.35647678282112
9.28885869010685
31.266772245433458
30.201645616907626
19.606879138271324
1028.7684712409973
567.9249671697617
20.261927301966352
654.8401064872742
57.62565909116529
325.79311215877533
432.5139867514372
695.0832786560059
44.84219400247093
11.828219930204796
1099.7219142913818
33.5518303151257
22.065111091113067
78.69623168441467
14.888772128202163
28.003089072182775
65.96931111830054
24.975926256585808
110.28138795495033
62.1190311597893
960.8640336990356
40.18885890352249
32.80877493964363
52.76442207689979
35.76234127077544
720.6326909065247
248.76885016381857
28.811288425036764
93.61188167386126
35.801003428176045
91.98996619094396
59.09344179096661
302.90150302648544
74.44405431160703
49.989467068982776
56.87591874082864
24.595278788008727
99.59197080135345
154.6129994520452
87.14795059597236
51.40814823936671
28.67436415955308
335.9469888806343
75.37172266840935
97.16489509465464
1385.6540565490723
43.509660771727795
34.17435943428427
343.2866741642356
216.43985191732645
13.372987309461678
999.7081055641174
63.77402097277809
318.07197666168213
31.86065032609622
182.19871185161173
282.20504499971867
160.44310700334609
66.49932869151235
66.12718673050404
27.643412165730297
550.1987739801407
100.87813079357147
87.41656507807784
486.42206287384033
239.46483524143696
257.9259198606014
605.3983514606953
46.178965763305314
377.5773461461067
387.1221731901169
53.73617413854663
32.33141624964628
37.393486479646526
78.81378606334329
996.3305435180664
89.50491007886012
59.938222357450286
348.11113637685776
246.1047345250845
55.098097587469965
152.21421462111175
27.031510660504864
23.324137046394753
199.64199600473512
490.07287061214447
63.89230768173002
123.1622190149501
1373.12845993042
178.9839789159596
57.778318631928414
653.9719429016113
733.6280632019043
29.30463565766331
29.923306159285858
16.929236572495938
30.339041651364823
28.76041865944717
1629.618103981018
210.42083808220923
35.24777496192246
18.276155821767134
62.14214142039418
47.06860321025306
86.33009971049614
49.050000231785816
25.630782374289993
41.79623758912203
37.94386589631904
354.0889903306961
55.66644919340615
15.808984805249565
41.06443692866719
49.91319857294002
46.81827050249558
824.241507768631
39.11781728640199
917.0844745635986
482.98008394241333
800.7697575092316
1115.4936475753784
227.13826297223568
707.4633591175079
23.93196995722974
23.52453532895379
184.57926740357652
716.7730898857117
32.70622429591549
216.52940240316093
26.944203638142426
207.32426011562347
2513.3540229797363
32.05120239732423
26.539583249956195
22.146372334297666
48.75871822908084
35.85795916710049
1001.5632209777832
305.2505560517311
425.2860158085823
24.64123386689687
910.232946395874
20.45239568394811
1121.6868233680725
55.1198698428052
12.828582611802858
30.735526389426127
724.8361529111862
133.27907406928716
36.9675323465417
29.07342954212254
1224.4792003631592
23.040651606184838
21.717011306991026
28.306421728375426
44.06189950602129
33.6693497302532
21.320381009385642
683.9019989967346
154.88871553516947
74.69508336616855
17.35943822413833
89.80368185503175
29.32135012037179
31.869063299760455
1018.7335023880005
20.70140337727389
26.41076642048438
26.78371601402739
20.5293818152486
21.94600984546014
791.1407244205475
156.97351824579528
21.636971626101513
882.5766625404358
32.746142187243095
26.19226559404831
31.300622291721083
328.495673045516
36.95295698952941
96.22413775889436
1065.005376815796
17.02857146784754
53.022160426247865
23.74984370461266
30.170828256397044
23.604603851646516
31.92463109258665
42.499928883429675
22.34762087732645
147.0397617300041
339.7946750242263
800.57435131073
566.5511364936829
18.17753628642913
313.9409566530958
885.4263219833374
21.515523442125186
1166.1196975708008
316.01014409959316
823.8766958713531
42.90786058161757
689.8693904876709
20.267200095575163
101.45869704522192
1390.1532187461853
40.74814079224507
34.232758663572895
25.49702962509332
453.4927572309971
229.35683931503445
44.75478726433357
133.59062229678966
21.694225611789193
22.86714450789441
272.07850509881973
43.496082575135006
15.532405555466653
53.44954758196218
26.869658867065482
671.4785759449005
514.0520117282867
23.205211336753564
30.733121934431892
593.3262076377869
64.71612009539967
20.403944199591933
535.581524848938
29.919907779752975
75.24895238038152
50.55951019265717
144.94418970076367
37.396114013681654
20.638162927236408
14.269146880065364
16.04414746251632
164.42971512221266
269.1452082172036
30.514798678246734
100.8119371799985
711.776516854763
25.684464984797614
66.60602033109171
19.24886370531908
46.02682626688329
56.57847023708746
76.01576275377738
23.856366332367543
69.14009760774206
914.5957913398743
20.700356191932315
509.3887040615082
553.0058741569519
31.25790867908654
66.9821908049488
429.76108878850937
29.452165409916233
68.96111388175632
378.34244514256716
1848.479754447937
22.496984790606007
27.982829851236602
24.730917890595038
141.4106841655448
35.163402448755505
627.907043337822
12.217244478344583
19.140848939518037
932.853718996048
105.00700138136744
159.27677690275596
809.7842938899994
28.371221924229758
645.6331052780151
22.870764333028546
32.47757149676909
49.99008744412822
1442.890718460083
182.33388309832662
20.528968873036774
71.73151772854544
90.44890664229752
57.84036138164811
18.027070424388512
43.68567491575959
35.98866223846562
31.52826628139246
39.412925914723814
21.435923727055524
21.546457881555057
14.30256223257652
48.342800037004054
17.364360302127807
568.5307495594025
17.18507999040594
78.57004236878674
1254.1138429641724
43.61489627319679
1448.9226160049438
25.29918979725494
408.31473317649215
11.790101253282046
23.254920675426547
784.2913777828217
12.553009121057585
10.562219630675827
137.1489243892429
624.5206069946289
13.573352317091121
1016.189112663269
26.57600500888566
1195.3391599655151
8.497491597760245
887.3657636642456
618.8741226196289
3.2764230201804594
37.851600698486436
14.990559645418216
534.694218352437
1383.7907929420471
5.820310727400965
875.7707028388977
5.626568247331079
10.903969172475627
631.2356349229813
367.104088883847
5.682983846403886
426.2285655736923
5.422565662322995
11.259227601169982
11.320077895114991
7.184610866919911
1422.6837606430054
12.68047007246605
834.2084031105042
8.301111600785589
12.6342362795001
1100.7656722068787
951.7859802246094
4.425830594985996
11.154980204805042
5.470798466491033
3.0699656143002585
6.944521096149515
221.067998573184
19.898332516517257
673.141817599535
6.2939814749038305
9.355955962644657
72.1125475749908
9.910567811069996
11.291290588111451
6.364818709438055
335.45753252506256
20.709815342986985
3.470813018008016
8.060005974333308
1169.230115890503
5.782035010643085
4.409649533635388
3.6492325205691714
1320.7993507385254
22.859453469691744
20.82537490967661
0.5537478428051372
1547.868413925171
2.377630960817328
2.3772394878078558
225.64417455228977
7.853920876399343
371.1830694079399
0.9814482243652947
3.3902334962834857
9.492143995948481
10.921137217509909
33.12908021267049
4.8390256538041285
224.290117777884
11.67942193980332
7.470890893498677
1170.3544435501099
12.645695377527318
9.02368984654288
1282.659688949585
2.7847764555752974
12.110424820367825
8.231754918178922
912.2891998291016
3.901976004300991
29.638731381040998
8.302646087284302
4.246757628330897
811.3308095932007
6.093641414862873
597.5087783038616
160.20467295427807
6.5526513264052255
1190.4072256088257
1.0530669795577978
9.550977299942929
18.46406632046819
14.488813185683284
245.86105194874108
568.3006259202957
567.8570230007172
3.2334011115925705
7.418847360316249
5.866929565373084
17.080141883689976
774.5658962726593
427.41574090719223
13.490599329450447
15.846231911133373
8.639993765842974
151.68710323795676
14.224674423862211
6.129416697990564
61.00087901717052
649.2234981060028
7.896713688487353
43.3107958430337
7.758346196942966
38.771962989878375
6.472655488881173
7.819003153175686
3.9432576156298182
16.07935904533224
101.69217799592298
183.63270594738424
670.6352684497833
391.50840562954545
7.908328281550098
10.50632835919896
12.813366689324539
21.32272100845512
30.177836529137494
13.59925720638364
72.37357077328488
11.02402500410426
139.98508768365718
416.9580598473549
166.46522797482612
7.700649017293927
195.05466825142503
16.565238724653796
5.674379897969288
8.437282776683674
9.145789357132799
11.894862070000954
577.2272635698318
662.1199728250504
232.36336278915405
21.344712203470408
9.189658502973543
9.738986296879034
9.785380452725803
85.37544400017941
1191.2173461914062
871.3253643512726
7.864897765008209
14.69316376722577
387.08467292785645
6.047563783511123
118.01423138094833
24.10367897224205
3.988649393014498
5.144834964196093
256.20658005576115
231.87532263994217
28.088191858689243
12.181995848984116
14.927352341124788
69.59678877261467
1024.8016328811646
1420.9638166427612
149.00194308161736
36.16576360317413
32.81133812491316
758.6663022041321
81.43906553369015
223.85703924298286
31.84477341955062
41.48212618811522
111.79514098912477
50.40215440373868
998.2669801712036
108.81393700093031
14.287203575819149
156.87308133766055
132.9183915257454
38.68735275790095
286.3072649240494
983.0819978713989
29.28828420350328
31.699945327593014
319.83788669109344
1276.3604936599731
15.198675896819623
67.79522825719323
25.961489477253053
41.97568678611424
28.96224072156474
35.74432859290391
73.15890619158745
52.40691204369068
732.4721002578735
1826.332085609436
48.643462866777554
282.8108109533787
85.56654468178749
49.365248737623915
731.4458935260773
76.04097650945187
97.19286128506064
13.404051322078885
64.58021895959973
103.30880779592553
21.858460935065523
17.677613260791986
20.33743702294305
1268.7767262458801
25.11690324661322
217.5577969700098
65.3963901847601
193.93509735912085
1180.0086884498596
37.61067730227455
35.873791785445064
145.41718082875013
179.84218102693558
1060.0904026031494
468.71218180656433
139.66908290580614
219.55000756680965
263.0870586629462
23.808618712675525
32.89067352303664
510.0840639770031
20.88902120900275
1024.7492456436157
36.063681083353
127.69508267566562
322.76575537770987
26.576662812889936
249.18661190662533
16.305722213895933
66.08444633707404
72.82510926877148
43.16231223310024
19.01145379671243
33.162874646695855
790.4996733665466
82.43641769886017
1955.0140800476074
62.40250474167988
37.282447680976475
98.4766076952219
24.90333649661261
452.7437996864319
1360.4751024246216
27.909631213286048
46.99962446873997
1414.53795337677
1191.5326566696167
99.81240989733487
379.4856778681278
27.2682483786557
20.33476046945873
44.121282377745956
53.054398100823164
168.47198586269224
24.53953641910175
106.30353148726863
31.347449027613038
18.871493808171408
922.3175592422485
66.0857434081845
166.49576645344496
83.9341558367014
21.98068025631801
37.60636448283003
58.11750429566018
153.99578937888145
23.24975453985826
963.1464047431946
79.03929914215405
13.953135657316011
10.06965723589019
102.16225571586983
19.019322881341054
19.765217398420646
9.535045997057182
13.645710019401122
2252.3066477775574
150.00892653502524
91.31129308976233
423.4874291419983
15.215300515779745
11.945218641945644
19.23027757351838
544.546777009964
12.722241788073006
16.723203907036805
45.63065484043909
683.217924952507
15.19290296525844
105.44810307398438
5.365937619878878
2318.60604429245
14.951685827825258
21.199669725409876
22.30366991179426
36.57447506268909
15.132859901304982
29.34973997020279
669.3743979930878
49.52312489104952
12.075736070420135
22.08406916302124
180.53378421068192
441.93053913116455
9.035222345430157
602.8667731285095
1129.0862708091736
236.68861632049084
16.300143294797635
555.6546239852905
17.288932830861995
17.05886116638021
4.969372939335585
411.44123244285583
703.3259735107422
181.92136484384537
540.01731133461
617.9578224420547
33.49843455536666
1347.8542609214783
19.095385433065417
269.5057564303279
15.836024438214395
873.3605499267578
23.545494239145228
13.386991551019491
22.48847479387041
15.648833728046156
9.880433179461079
380.1866362094879
44.469086471840455
20.850804487461573
1740.4456567764282
25.291417838277994
306.4283644258976
11.868273132850732
14.86983506094839
294.9357195869088
12.51364512293003
429.0193268060684
29.094586981198518
27.274066716153357
15.563241956286902
16.893121921847865
43.99426490088808
8.421546977594517
21.83268430551084
9.479943005011933
762.5600447654724
49.03395016318245
287.42545640282333
54.905809085816145
1437.5712671279907
61.61138735743589
452.88785696029663
46.52941951737739
31.512902811635286
1018.9831743240356
356.5385185480118
34.292416381591465
22.914936975808814
239.87275042943656
21.708868653985178
566.2196040153503
33.29352166530475
1451.9595651626587
37.27961010806757
41.5005378521746
682.3967853784561
30.390134995629637
46.834330200865224
39.652871545171365
103.6178679317236
47.47344024758786
23.354874030701467
664.1235394477844
45.30041067118873
73.46567721106112
1426.2209568023682
19.78377941038343
74.53230013512075
124.29023159481585
43.47895478413557
53.55647609801963
183.02025340124965
25.02261068994369
313.08359364420176
49.27673732844414
1054.9468030929565
48.85336430859752
100.75392111297697
28.61243003245727
32.57277892454965
25.575108988472493
773.7754936218262
122.91283989080694
96.4596219630912
32.019270898577815
28.62498958569836
52.948670665267855
56.3515138202647
2.6271841505983957
19.952286960990023
48.669523101940285
1536.168776512146
190.4939113818109
2.324877785786043
3.995324006411124
438.279012799263
66.32340684207156
1068.207890033722
736.7312615513802
270.5801244676113
881.8856530189514
3.0848649627122313
2.4587571206866414
369.6152387857437
0.7844175685658001
623.3666243553162
305.15413680672646
17.386973322194535
843.4077932834625
320.16341066360474
0.7508041140866908
1039.935384273529
8.556982358828918
485.200781583786
31.38926788752042
36.16031589999329
67.57668799627572
43.0943532664096
1.1149259413713253
719.9143483638763
3.764484126259049
1.4986351164875487
3.8743500645279028
6.992176605378518
192.8697869181633
11.494565905507443
7.916515609608723
1.2032051954384997
137.26454267278314
574.1156921386719
3.9435075445030634
918.5535259246826
3.408743924854889
2.452403247751363
1232.5761947631836
1.5625135902745342
33.123232649162674
0.6345474360949765
807.7635569572449
1029.8678607940674
1.3645454659679217
178.65584480762482
0.1881759313761222
977.3815574645996
0.8090547316028278
66.80761772553342
21.95240776622086
23.059260087436996
69.3909346635919
9.062823443590332
307.2653759121895
253.57194203138351
0.27905301594501
52.923854441265576
1.2609953774355063
392.53994232043624
0.4561787078970383
2.3600396892064737
745.2949643135071
4.231726514875277
0.3062801956682506
2.013864774393369
4.616277138026362
1519.6855363845825
872.0504007339478
1.784125587413655
28.111755390131293
42.14183744991897
18.971923079676344
21.16344803050015
866.0848178863525
555.0482281446457
9.781183863130423
20.01693358287571
441.67419296503067
328.7503210902214
145.76674097776413
75.20563907921314
46.1022446944844
34.601187085267156
16.80418948177544
987.9911034107208
33.29478535834642
432.2154700756073
17.414937853875017
104.04996374365874
38.05773405730724
35.01093690295238
307.1906512975693
114.65717199444771
18.550573458785948
24.61319268730722
23.854690158725134
20.684312347322702
24.44359200359031
22.186972780246833
1028.5948204994202
75.67832749895751
37.38532842452696
671.6747515201569
25.741325719020097
8.88093010220291
32.0508932703184
62.36209114501253
20.720109133508686
23.622377136256546
58.86206184886396
30.877891945594456
1019.0958724021912
18.09206560534949
695.6428580284119
934.3107309341431
12.552198615199814
515.7315311431885
43.66299718944356
18.560831403014163
67.51418858580291
17.250085488172772
670.2731368541718
19.508949818900874
23.670302554111913
38.74725173227489
873.3773453235626
37.924747382401165
29.69603101681969
212.1490329504013
28.013025445703533
8.600882852675682
684.195303440094
69.3711975440383
4.247264343997813
3.099725549462164
56.01871162757743
509.9376926422119
926.3453230857849
12.225014679963351
0.2821323541362517
2.38164329964809
144.0429691001773
455.30586628615856
6.336448153660967
38.225427475903416
644.498345375061
4.906921504286629
8.953433506340389
5.935782951437432
0.5150869021990729
4.86170711851662
2.2075510466306696
1.4957691947727199
499.8407459631562
3.1475182693098986
2.974434455064511
843.179211139679
5.846232559369128
1213.1380352973938
213.46990847645793
44.2154044366398
31.00212458533929
1.7360385935536442
2.222396579924066
2.400033070671043
870.6961512565613
3.043432020366822
19.07005726377247
7.742016115298497
5.0879353046500455
4.667545104906367
549.57435131073
1047.2229747772217
245.09080720320344
4.653496623510364
7.568630972484243
1.3221042224898838
15.07994732260704
273.09643960930407
848.1663575172424
36.68753043375909
3.781206845415113
743.2573539614677
1.3984967449212036
23.05763038873556
6.021757325178669
0.13396732829278335
1283.1823244094849
1.1090489364680707
1237.245982170105
23.895981335430406
11.14903894604322
5.281152852091736
231.8057616124861
34.07538079150254
843.514527797699
1.127737770208796
4.879355128616226
6.947807550006019
1941.5370168685913
739.4822826385498
880.2290663719177
44.018081234855345
1.2745587594505423
207.80493759013189
404.3683742880821
36.94614378764527
6.233156912389973
630.0118000507355
3.1263599245130536
3.8239292710039763
796.8546106815338
5.012157729280489
2.3541390632354933
18.443039116642467
592.7458090782166
18.443353815830278
28.960661715499782
26.64662770787254
37.960736275766976
851.0541195869446
58.70727509485175
33.973279280158295
1013.922794342041
20.85794993209697
27.65944974629349
14.243484327100305
37.273045991474646
65.46547445774195
37.28239962175917
617.3133215904236
26.494789876310733
42.28345570199235
20.437751767254326
189.70931438356638
108.72567378729582
419.2939577102661
29.26129933070297
532.1594468355179
60.006708741304465
63.9782641697675
34.15845254408123
48.654659905005246
30.113251321333223
22.069621283161723
25.03621461852606
26.471448336021467
23.927135581813673
18.38969366429103
21.47304483012772
32.059849143107385
18.5231674591289
1179.0421261787415
22.668220504087458
67.93505465768612
24.1109182289116
57.477929925014905
19.834755478173975
32.01728400228603
16.63536979947571
1168.9832668304443
41.758934263714536
936.3329334259033
163.67585908714682
61.16894988715649
55.99553220241796
690.2265663146973
154.81090857088566
1074.6650500297546
63.98949212394655
60.5201712197304
73.30121384607628
36.67224475654075
26.56059665515295
289.56868439912796
47.72309798444621
63.81387707777321
322.84470169246197
255.2057062983513
37.51686431282724
237.39064449071884
146.00449441932142
1605.8269953727722
36.15545866001048
31.547755777943166
1239.4824304580688
359.11954064667225
291.0193668603897
23.148767928010784
975.9143466949463
855.5023283958435
20.7679404244318
72.74227986564802
23.950925328925678
149.2726144567132
153.11875491589308
24.74629485141486
116.9233917100355
29.402709357091226
62.16144285677001
28.17949937645608
1051.0440244674683
39.58763645589352
564.5842516422272
568.8217092752457
306.2908045053482
825.9244747161865
255.8382894769311
19.40182600656226
199.37412202358246
227.6882060468197
52.5848162509501
52.548963280860335
242.37186869978905
36.3103428769391
62.127026040747296
947.574324131012
38.62109017325565
838.0247721672058
46.866192552493885
32.56757707331053
31.102847827831283
20.179002450247935
499.76539039611816
493.2597448825836
140.66939035058022
216.97538745962083
1510.762370109558
718.7620425224304
26.180571486940607
93.4315358052263
14.307398827300858
31.533840941032395
19.952582491678186
21.014965193076932
59.13776369864354
767.4265055656433
38.41303056314064
16.54990799749976
521.4568456560373
340.75760220875964
294.25951981544495
8.010515068191467
830.9566749334335
11.898474648583942
23.04698775747238
114.93661560234614
25.800542551616672
16.95430178184256
24.071481176006273
7.490398932449807
471.67811883985996
1704.441915512085
1240.5820655822754
19.286557038180035
348.2079074457288
248.19783625751734
179.77442950219938
19.13023294800223
827.0288653373718
10.198718738615753
1102.4629492759705
16.939660986186936
611.1912986040115
73.40638746414334
63.99839122965932
11.235082884093117
564.8697423934937
185.6444070637226
765.3793115615845
308.75246616639197
13.231478962316942
32.204324477992486
39.50924499076791
11.947523739675262
30.827477078069933
26.815454762149898
122.72548293881118
31.43553719203919
107.19118958711624
7.704756320262277
202.4042993877665
9.387505203185356
18.010317539810785
19.532888538429688
29.002171735628508
58.56026088260114
173.62739499658346
824.4175562858582
50.442932453406684
24.989430745714344
810.8602910041809
39.406491234491114
26.726123165833997
24.238074622055137
167.5912450440228
17.992367906968866
13.175471671354899
49.734798842800956
127.83588221250102
310.0184396037366
10.787123134365515
698.4430994987488
361.3129648864269
663.0539346039295
1077.5184020996094
18.633596766606956
28.705161942125414
48.01797852728487
15.754862012109697
29.769349671900272
163.55489339260384
350.4686632875528
28.31135802064091
19.565352575607562
18.717340523705616
16.695528904380808
62.315575677535435
17.399344026489416
22.2268528494169
28.00226395361824
408.0686635375023
38.4266535716597
245.36051250016317
318.61975990235806
98.2723908983171
883.327525138855
262.17312963306904
31.432067528367043
602.5893795490265
45.698338186368346
81.29766067769378
54.79438814520836
29.660361286252737
64.76538993418217
44.34452941548079
23.443063794868067
93.64702010154724
741.894284248352
92.0475335046649
873.6683957576752
384.23550620675087
22.509022031212226
139.3124783039093
372.604771733284
485.1139898300171
247.85064926743507
23.459017157787457
136.80949300527573
1157.0983910560608
80.81521154940128
35.598777173087
20.98328278667759
29.56244791438803
29.15603808918968
50.094812880735844
1026.5446333885193
232.59134221076965
875.3299603462219
222.79367595911026
516.2562878131866
59.42264075577259
561.8457206785679
65.64665871858597
49.96821254119277
210.86552864313126
221.3405041694641
965.3947610855103
48.46757838875055
84.29626496136189
35.90982496831566
160.70373219251633
255.00443990668282
374.0818616524339
45.03447538614273
270.96984803676605
66.90255995094776
38.97533999942243
117.35818582773209
993.8522782325745
120.73601165041327
71.71394388377666
40.456080140545964
703.3094687461853
24.574037273589056
892.0508682727814
1420.710389137268
93.93102176487446
48.80746878276432
328.83985871076584
71.74563774862327
59.171336033589796
62.50770112499595
39.823928556987084
33.31834522501788
1535.0319051742554
50.77736417669803
681.1892063617706
118.62797114105706
261.2296065688133
46.07284572906792
503.6494345664978
22.5497409011964
1049.9895849227905
1106.9603652954102
83.39025954346289
1204.0555744171143
83.57913997482683
80.37676120735705
497.15648424625397
613.4880704879761
25.549447559588543
296.02588065713644
940.4381380081177
24.83577741499539
69.31711197108962
1331.3612756729126
154.19423485174775
448.3134860396385
50.35846212593606
44.9268781489892
652.289564371109
43.96455067044542
585.2090055942535
17.768835677978473
175.83279572427273
55.281732387200464
457.54238975048065
326.5845953822136
20.101099231763328
1455.1200466156006
988.6927800178528
15.019182658849104
1251.7700471878052
245.69788547605276
384.89436960220337
64.03959462279454
37.56571481277933
831.0095734596252
127.3710185965756
55.3031754671174
31.821869049530505
423.39162254333496
58.61222689677379
56.00686887593474
67.8780418226961
186.58881083875895
360.15717631578445
784.3908367156982
239.4487426802516
35.05675952054298
316.57921290397644
228.44478914141655
326.1046009659767
1518.3775687217712
1281.4820461273193
1008.3436379432678
33.03843721137309
879.9266290664673
17.815490556029545
56.50031673096237
35.78357746968118
40.502364354924794
25.503115985190448
146.50956288253656
340.0222627930343
95.72994724661112
26.101923310605343
1433.4495086669922
234.8171185478568
28.36785655847052
15.786503476865391
20.12998560503013
6.4001220941455585
456.47951404750347
41.056890868386404
979.4533877372742
17.249663190462115
19.64683840223006
1623.7137517929077
211.72016208991408
13.79669261384879
21.29079679094866
79.26088080310728
16.221716464624365
10.026745227930178
178.91610817983747
43.91828256601002
429.2066764831543
343.72083657979965
12.729823869673055
38.035515423398465
88.72910187707748
241.47236970812082
35.52704552862269
216.94237981754122
13.069391315206303
878.2128999233246
699.699872970581
79.1059173798169
16.930519669956993
17.08705470689995
471.9696695506573
49.334925389965065
1194.5288610458374
16.141671140087396
23.553703875591964
110.39918089378625
50.90230523957871
10.515337296065809
383.2498342394829
364.9297251701355
24.03481266471499
39.916485093352094
23.9741426948749
8.506144993444877
309.15238803625107
18.104262766787315
13.277793450696095
778.2561039924622
690.4327902793884
209.0545313321054
294.701761752367
162.2867949809879
118.84794526489532
1305.8743524551392
9.68886194053539
13.509823943953961
19.378818994047037
373.44476196169853
313.343490999192
23.275703465702463
12.789233085752585
52.37172636178366
35.350594758521765
58.55992848984897
34.97393189421871
16.390554861097144
45.139149101845646
50.629630321171135
56.405245563209405
1077.5167484283447
383.1210505962372
7.83556058066813
6.8061617208555845
3.675169909455235
2.8692805591440447
4.396281620771106
33.46458192834325
102.65018984675407
8.671243997923739
3.188999787744706
125.68367017107084
39.57304943818599
4.877993371867092
428.60899209976196
4.313822572365552
25.271624240920687
80.44543915428221
2.767851103846283
360.9959883093834
1007.5589923858643
168.78026161083835
5.395946819596929
153.80577057797927
228.67814143002033
2.5632976581161984
4.993590067915875
7.540198564913226
16.131040041963956
14.973898225649464
8.541275739825323
6.238727368385298
1.6392252840586252
3.828961000366803
17.299080068811236
10.031872726292818
247.955273039639
7.506282237884989
10.793151367341352
785.7545727491379
7.490190537817398
8.280380570718876
84.42055140666344
167.8479430899024
673.0888446569443
10.046875790288595
1121.5416026115417
558.1044044494629
22.861963895099507
7.155144798886795
4.146075230844531
4.74463329534899
18.826236890541622
4.498291626552145
4.348447644651856
8.732789140885075
38.88518103077536
5.208550909685528
4.860474549447645
4.597671242379647
9.868100490225743
5.633727555454243
1809.9642701148987
53.35582315730096
321.01116159558296
6.704181755122249
14.495658377693417
24.502886110758027
8.689534808776898
15.420073010040937
254.13522446900606
46.42219440696283
1.9411767588725297
8.175724447710309
48.72041832150626
3.9876589545702927
14.12233920623703
346.0203241109848
1922.0704221725464
80.68432929227129
89.66017220169306
2023.327069759369
1461.1872844696045
23.644812574260868
27.345093942822132
31.842806323124023
764.7817611694336
631.5789561271667
79.15839712135494
28.71465076180175
174.76142504811287
59.96074871579185
175.51719910092652
395.5359867811203
696.5208487510681
208.41122420690954
28.39913995884126
1041.5296339988708
172.28838643431664
232.06135542690754
242.70263531804085
25.79668875288189
1279.0578470230103
58.806404219940305
1064.3474807739258
654.7171587944031
37.0882977724541
18.62240777295574
48.09114768996369
255.26738418266177
807.2639675140381
432.7696559727192
373.4303468465805
106.01430363021791
582.9289529323578
1154.2453002929688
1871.0729360580444
97.37435555271804
100.08828233927488
117.01207910478115
89.85573722049594
15.928258407511748
28.769631513649074
36.76944031275343
86.05441420897841
29.837508580600115
336.01506358385086
777.0273814201355
24.745471698210622
26.102476996311793
53.08409950456098
25.112730101364946
41.09929004086371
148.43971631955355
18.419913345643067
202.42696254700422
27.353232486872002
1085.3043932914734
794.6417467594147
171.46797739248723
202.7334329634905
60.11057723764952
92.97101852923515
103.5229312479496
897.5478963851929
48.37637233743567
1004.5757808685303
32.04565863067273
31.21383691567371
45.37025372864446
83.69000225747004
615.4930872917175
220.03242974728346
49.44899946704709
79.98686573750456
108.86456928572079
381.36778914928436
52.0347418732199
1445.0394744873047
509.6248788833618
1196.0863962173462
34.63887006947698
15.51351270606051
28.15482238301206
44.005702531204406
109.49590391013771
228.7445824984461
31.57701480944479
1584.609296321869
23.781223793778736
1114.6182870864868
26.16808995612155
210.75634138286114
13.656539526439474
955.5350375175476
11.112629355231888
1098.4357018470764
22.473249861701333
318.7368929386139
638.0714893341064
46.11012009173703
115.17028003558517
27.73357994894252
942.3496670722961
35.87412004149519
1122.0967254638672
747.5682220458984
596.0423457622528
91.8637877641304
917.0107183456421
64.36606412543915
99.14031722769141
21.580016704756417
30.389473174407613
358.26291058957577
42.334531064960174
33.873032165138284
355.51860123872757
503.97192311286926
1245.6738548278809
1157.8799839019775
471.2444268465042
20.337668085412588
14.257034632746013
51.525283990311436
21.671914457278035
18.407746265051173
540.8514651581645
709.1624065637589
1937.7873735427856
64.68033675756305
8.176661549231653
44.02957931323908
19.926860981866866
24.227339737553848
134.50090342760086
536.0715317726135
80.19780846685171
833.8373999595642
1273.7764520645142
22.751007317487165
19.483270838405588
11.872844926768266
42.93644753051922
32.07054570674154
1116.0614085197449
707.886212348938
13.357240418368747
56.434322150365915
19.08350905147472
266.8257877230644
22.55413122352911
19.818090283528363
499.81209695339203
575.4339754581451
16.984917372721156
820.7474238872528
57.87188842333853
164.52047254145145
63.75023328140378
347.1309115588665
27.349059773259796
44.01992223365232
37.75426125060767
38.638157253975805
214.06097094714642
30.40517804841511
436.2422527074814
19.790413756329144
36.68360666418448
11.257283882593697
530.0191203355789
19.13066001943116
701.7305226325989
18.548112079224666
35.86100672837347
1262.0909094810486
10.09104609076428
17.757626943755895
20.021131333123776
19.71520047893796
24.910727597394725
15.18851865380202
50.03042968036607
32.43255438091364
19.214183254458476
23.22460513553233
7.8461730876151705
63.37831865669159
968.2845191955566
1137.03187084198
73.06761782430112
47.02749285115897
36.79591309092939
154.63172928243876
432.048705548048
21.591247549838727
52.19639437853516
24.31542503272385
90.46501284495025
798.8631782531738
487.1915080547333
422.4232531711459
38.29713006051952
395.07764279842377
1154.1625146865845
21.593122411786453
83.01648582774214
556.492733001709
481.7729825973511
395.79336190223694
47.11461736471392
35.13811532592763
435.08402693271637
36.66447748708708
312.40408235788345
62.56944044545526
47.94370687927585
119.31053560972214
841.3521642684937
93.26414472132456
47.776160931367485
66.13930360302402
90.56490167204538
106.09220978943631
305.9323623776436
43.51652439113127
719.2501940727234
41.10717253535108
25.905189961947144
48.75747073570119
64.65309438947588
280.89256252814084
52.31034688683292
626.1766772270203
23.33696522823311
841.6070914268494
726.8913779258728
51.513171310387406
78.00150279490845
73.70608991594054
723.9815020561218
4.826848962413351
3.7654725142756433
1040.9026560783386
9.729558950255523
2.972597814561027
711.7772126197815
59.79289936646819
2.554500292353282
3.968843674820164
29.9370552591281
109.53778291493654
6.543585362642375
5.138765442134513
427.51393246650696
635.0194020867348
406.3120350241661
586.5895318984985
449.23229444026947
11.117505093448244
42.320696465845685
4.8530448986243755
154.3951035141945
2.9431180260830843
8.082590383654747
671.6822543144226
24.174657987208775
251.43937876820564
12.113486374530112
4.672324132814538
631.6173396110535
2.54148514818678
8.521886682970944
8.068864770795699
3.0795678060343334
2.4835500785442264
3.1330332310576523
659.7298904359341
176.72751137334853
17.88578645059897
864.9650502204895
1214.1016473770142
1027.1124238967896
23.885619394510286
8.02312531342784
84.4257571418334
4.449380221767115
9.988939918985125
11.973826449968783
181.57773581147194
8.879684811382504
6.096968446243409
1.8656920296172075
55.49333953531459
8.588842915971895
17.544543861080683
5.036839407598791
9.84790239735105
4.016482082418747
22.75688472373713
17.45987549695201
436.7268342971802
5.512451282443635
1281.8713884353638
9.841594973767997
1440.7520017623901
11.976931932347725
15.892723731212186
4.618776167475062
30.61949415600975
1.6091529920543053
79.6678649969399
91.64932670985581
32.65405962795353
1100.8437776565552
2.9066716700850748
3.672539991595727
11.986254185902453
3.9528705994817983
407.60399985313416
5.031468005847387
36.19809811774394
4.832384008028043
6.638283811734254
412.8526474237442
10.138912284157414
12.638811714535223
313.9071760773659
20.22063991095638
41.14680352297728
117.60894799904781
11.643677840433156
2.0611809284960145
5.229199709968611
5.57638885716915
2.416986786527559
1593.2739658355713
2.990236911474085
489.16966223716736
104.48402033746243
428.5408818721771
832.4290475845337
1205.3858122825623
201.44417464733124
114.00115717935842
68.3555248491466
76.33165587112308
117.8657433302651
1045.5555500984192
109.37028225592803
100.88662873324938
87.54449365613982
1061.3247780799866
845.3402724266052
369.5946398973465
41.0110434096805
56.28176101879217
50.3156686703187
1233.034568786621
932.9844455718994
37.888915102696046
151.3864480778575
606.7691419124603
43.73010101419641
42.94253407791257
300.2027130126953
113.33112024702132
1021.3464360237122
46.37889745901339
67.8121808647411
74.07059229910374
61.91375634353608
78.57872086879797
68.22965517881676
45.28235556348227
39.42757618968608
38.3061115196906
1420.8781147003174
167.55653248354793
33.02098756967712
115.21829105075449
65.28235766664147
340.9092615246773
49.075562229336356
716.3196940422058
31.241735224815784
403.47080156207085
335.8210117816925
8.157610670239137
1.5060909535181963
200.035523773171
805.583420753479
1.9639273385504339
358.0908864736557
1285.19882106781
3.3164580126007195
3.842634726553115
13.006122860118921
11.331752237994806
28.195687805389753
262.6211807280779
16.841376493604912
802.3185896873474
1161.457350730896
7.567797689779695
173.27044661343098
4.13669192635507
4.8517800977718935
778.206493139267
146.90531854331493
3.1310517264225837
19.577173020279588
10.045718507460379
1116.4813985824585
785.0048561096191
7.184208909902395
11.399690197871678
9.761744950160391
9.41492700928211
1572.1774597167969
9.810150346558657
243.07046491792426
15.183113033054155
6.173368345604672
402.6556873321533
6.981777080683173
736.3880381584167
4.463678103375969
3.386461631506563
6.47462190819715
666.3754994869232
273.9635719563812
1.7170726838113524
4.209932219978327
11.091800280379516
1.2940214690448784
4.5327357670810215
810.6082549095154
2.5860755687522214
8.927303464206489
808.0126881599426
444.82924258708954
0.9283124572775705
8.974707133334732
17.170324406557484
1.819994181577158
9.457427458816255
4.909766224441455
13.594417941028496
10.483678566230083
2.4903452784034243
171.93834483530372
195.83713362540584
7.991191691377026
37.29358976846561
4.384054768843271
11.88270676927641
28.1943933474613
100.2918460784922
612.4940702915192
347.6771517544985
2.0942271736473685
1.870466248798948
4.2851260995958
1062.8065056800842
5.203871461876588
6.658285168265138
738.6926383972168
447.73465901613235
765.9187121391296
3.245211835761779
415.4186758995056
269.07003178447485
2.3978102528182035
7.703324828326004
11.54541705705617
452.2719056606293
2.6575698856952386
1591.6380367279053
12.512405872973432
2.8446006607548497
843.5979142189026
597.4124097824097
677.336587190628
14.216749287772927
200.4252079501748
510.5124318599701
167.6807294236496
81.163259787485
586.9709913730621
115.07731385410807
85.19496703194454
11.824027655384953
42.026830207556486
359.32884752750397
699.9066414833069
617.771947145462
211.24169889092445
1310.9847869873047
70.44965489790775
461.71187579631805
32.08156217966257
50.58109531941591
39.80964230021027
534.9930155277252
833.8959221839905
523.0921847820282
354.201758235693
88.17764714185614
58.15685207361821
39.58238261474253
30.69921622094421
42.103848109487444
10.99354711112585
40.0343329446016
385.90731459856033
283.26523054018617
66.81006614072248
62.84528233035235
33.61004563432164
1688.6069555282593
135.40175983309746
20.733997571788564
536.7226181030273
137.52671934349928
656.1768126487732
202.2496005408466
808.9291195869446
54.17719607725667
118.54472803883255
309.90445057989564
235.35480251908302
359.2695792168379
15.69906872363697
632.200501203537
52.29949591954937
424.8598113358021
73.21166169503704
955.9647877216339
593.1028934717178
998.1029181480408
821.7410225868225
34.20344892385765
43.223967286758125
402.4913919493556
59.92229276150465
57.178762458413985
232.44828177057207
826.9749360084534
237.12637489289045
36.394510739913926
468.81579053401947
20.414103233418587
46.91279027611017
19.468993961988303
114.55708550137933
48.61646113861934
864.0002679824829
26.474171880065114
19.104723804437526
174.74571895156987
61.70013810660021
44.505541461449866
59.680798818706535
27.792426117506693
172.25961858034134
55.28230085353971
12.5910607264193
18.10221365235043
185.62683100998402
22.252806856878124
12.869049274757344
418.65279564261436
124.23074331134558
961.836061000824
229.90009701251984
10.448113477862307
15.633040060755093
10.260927021491966
626.1231608986855
77.22569402633235
25.316598266184315
297.17902106046677
757.4944361448288
980.6736726760864
56.508417757322604
133.18610662128776
20.929403275455343
13.754270624084256
18.297800017373447
36.355107942720906
579.9964835643768
135.69241332774982
2237.498998641968
31.88654318025567
36.50664220388808
279.51963755488396
120.2286407048814
102.18412120966241
30.091929842310492
202.77215068042278
1647.4981441497803
56.45397465781434
293.78400165587664
57.65312780958266
20.377164902959862
35.4594608808402
697.6115152835846
228.40236990398262
79.23887056490639
25.840719147759955
256.52321431040764
83.92579912610381
8.815298155272785
1493.9615030288696
789.2252326011658
114.50309446174651
39.80432716564519
71.00858025380876
42.861310587509934
494.8522805571556
1227.1542673110962
947.7780237197876
1727.880048751831
61.20697549921897
686.9470233917236
577.7638582587242
337.3778906464577
471.57856345176697
108.5773398950696
176.5343780964613
407.69703336060047
372.59359395504
87.91613107605372
66.23773652804084
50.48277847638383
72.95424466836266
537.426800109446
915.9311661720276
37.401209700183244
64.41700030094944
369.40187771618366
136.42731790989637
437.85024893283844
108.68693763110787
72.06250685114355
95.56421029008925
437.02779817581177
112.70884907618165
264.42645213007927
588.3291893005371
49.951632875987684
52.76419983734377
783.7252569198608
577.097870349884
360.7387406574562
167.19473934173584
58.65802133164925
48.735859819105826
30.428937876614327
273.93525428697467
553.8899984359741
10.830911305468476
51.79855562699959
1035.686206817627
27.01220454866234
28.99303433523164
665.574868440628
1275.2856287956238
67.41229055077565
48.94724461561964
966.9159154891968
616.8444342017174
25.542478013857362
37.97268609254024
33.97147146752104
769.9287278652191
13.254924875889174
59.04801439773291
89.62955621526635
38.36120654994738
32.60952925065237
72.69824295851868
520.3723192811012
103.55033487756737
737.9843578338623
1122.9090843200684
111.31764577759895
45.42353241397359
44.80798849814164
25.931955979467602
24.66889536641247
66.41984518826939
66.37725138477981
176.44843745231628
22.982578943209205
99.14341419003904
1011.4838166236877
27.487161343276966
820.9417610168457
233.55657867831178
14.53024863304745
21.585195859154283
1061.6417746543884
14.82958151838966
880.5349054336548
85.3958202568756
32.75436085334513
10.054232063502923
185.32443703338504
73.02048017660854
88.89153967052698
46.15591176910607
622.5606309175491
33.5291942323438
9.753847088971497
88.44588712748748
2730.97811794281
19.4234889812069
21.21570082391463
1387.0537033081055
906.5228633880615
23.3185966189468
70.57339341007173
1348.4627304077148
23.35961367995378
32.674380608368665
80.49950485199224
112.82150403410196
44.614342953660525
17.942974748760662
163.68138480186462
1418.829418182373
160.1081020091824
25.452945576631464
52.920996578668564
41.99958938983764
37.022090639249654
1001.6618618965149
16.878123128452444
67.76693855598569
13.786644771777446
349.01588375866413
55.30567332962528
12.563262905954616
781.9179537296295
17.023794066814503
37.81257551224553
25.52956875583186
19.430277347285482
17.434560477297055
293.1804858446121
30.339018354541622
114.33836323209107
2462.437346458435
19.628593382250074
70.55319181829691
7.153406045660631
207.80277940630913
35.099897569045424
202.70856165885925
86.67679189681076
21.414665642574278
11.883817766928814
16.587448154918093
261.5640906095505
579.716705083847
423.89206367731094
28.849424032658135
818.1035618782043
283.77485874295235
77.88254862173926
35.836758058547275
70.86671961308457
960.3963675498962
1273.8973002433777
33.520392261622874
309.8785821311176
43.67753923940472
13.197962106814884
321.2723336368799
45.78568775980966
19.260285373515217
430.42924451828003
16.650182684805714
1862.2757081985474
1091.253119468689
227.06420808285475
14.122533629026975
122.28887764154933
18.127701634771142
24.764183021558438
22.14827908014024
308.0188264846802
19.99849287609686
335.87427968531847
23.59911777149682
16.503944774796196
23.015241708425265
167.39025102602318
252.59469026327133
705.0915195941925
14.104623026621994
15.101550855048231
602.8357843458652
20.0261306960183
1.9299583986619382
446.6301936209202
28.171538726972358
9.634169840712616
3.771390204843442
3.9004900617289877
24.978653397411108
174.45620431005955
4.814946746544933
6.186485536134569
13.744825558678372
5.411555957469432
9.533899409643936
5.567786183799171
1436.763451576233
1216.1510920524597
5.989026284229681
16.496866474914896
21.212489957997605
4.407475825097322
3.623070925879915
1.4999235712639347
709.7147936820984
7.528884831058122
769.9461255073547
39.58138883112406
22.97140153736109
3.0804376920253844
3.456284480240697
29.419009363816258
203.01909113675356
12.980863525443056
3.7096707366090413
12.750329009720303
8.407858674790646
880.1704750061035
6.359840559026907
1.7988497976865574
971.944703578949
539.0688914060593
6.895966548702745
1.3185854264849013
6.545924837552775
19.482572553446516
4.163914123978998
14.700016393214355
221.54583655297756
18.21767013241515
10.576551623962587
19.748467573818743
4.962330326608139
6.7588843028884185
3.0685866029614317
30.354673947498668
149.59262450039387
967.4670910835266
266.7861126884818
90.91543435677886
35.31588240439305
20.81772821177333
29.771832598614765
1583.513195514679
614.4495234489441
22.48035854576119
33.16093578375876
431.1712767481804
517.7421214580536
549.4702458381653
389.15519285202026
727.482488155365
329.9017525315285
21.792894799526835
1137.2414374351501
1642.5679688453674
52.27758952678414
699.1239870786667
18.499071473045888
54.86861229338683
527.3687088489532
42.746949016756844
26.74052622438569
170.9550180733204
25.071939480862056
256.6474605463445
24.573755024331263
30.61832345388541
1500.975438117981
30.346771106578217
18.97871571938913
638.5740036964417
124.82749588787556
107.72429866157472
31.009816214576745
62.76869769953191
39.12841121345991
1565.2671761512756
43.23457670753123
711.1573725938797
36.36534536952968
32.1579588383147
524.9663237333298
55.282072339638944
617.2270431518555
19.981228883526683
36.96199294971302
25.476647425966803
20.973117508642645
650.7870659828186
41.11876471131109
1188.9454183578491
2108.226564884186
84.70512298960239
23.727730266860817
20.882435483006702
253.98496489971876
35.185758736450225
42.77581018675119
1348.0618677139282
34.253286759223556
30.19583425699966
281.23700742423534
936.1963920593262
47.02109520044178
42.93984138928545
415.3418929576874
37.326680082274834
625.7928433418274
105.05996838212013
67.24821501411498
68.84545827331021
22.85133787567031
39.15094021946118
21.96348380859365
19.460117890641072
23.14415729235418
237.09488820051774
36.28588671924081
323.42422830313444
33.09894635495982
25.436660148538294
17.04874330188045
21.211028371243515
46.87133280395892
25.506412124691906
24.15599783437233
27.900815439235316
235.62750866264105
21.255518890743474
20.85133173519091
18.930961986530747
277.51400549709797
25.764749479194393
486.62392753362656
46.75368471782974
27.634187530364557
25.001147741615
38.4534826534416
823.8354649543762
24.822615050773948
23.86426450364081
44.60432852636643
27.78639134323862
32.155259393711276
37.43923680141381
968.6546773910522
32.63642591550706
30.845562716931113
22.828469998887726
31.464232810971225
22.97004794028794
716.4977231025696
671.8226132392883
34.66615111383726
69.66729558166116
399.72816693782806
166.2964187930338
63.352544751018286
143.97171962982975
111.48648036643863
929.3473658561707
77.89503039210103
51.51640044245869
1226.912875175476
47.97508818045026
39.70995980076259
737.2268762588501
49.87965590786189
33.55777907851734
54.346824768115766
705.5352129936218
856.735288143158
37.31505563855171
129.85599051974714
148.39971032738686
50.70236612763256
333.62284073606133
77.802356406115
29.24712428501516
29.63791106134886
33.925381402572384
220.18068718910217
74.34613555582473
112.04174796119332
75.20307768174098
103.69500723481178
50.34642097334836
87.23830456286669
23.12686587977805
42.88745624519652
16.20867319526633
60.72052210196853
54.709376491606236
37.256136819472886
53.34906852710992
30.816410119557986
1152.094696521759
34.61836051189357
20.686343527804638
25.557404682258493
48.93563158484176
150.29310052469373
377.0715407729149
53.0413784943521
34.18121967557818
27.373639609038946
131.56231144070625
50.66553171351552
78.07574123237282
19.780283526279163
208.2092883437872
122.21084749698639
34.41286295555983
673.6983723640442
135.9069695621729
22.63732189720031
72.14529505523387
19.703538812384068
981.8380489349365
349.654649913311
63.138207118958235
32.00850615866875
19.47805882688135
282.67704175412655
111.84474429790862
66.36456927889958
47.13387350644916
23.671130467209878
35.842879046685994
1261.030101776123
26.563579230976757
1791.842842578888
1164.9038572311401
19.953241706997233
1031.0083966255188
51.219953776337206
120.81834377348423
49.38851414583041
62.976404113695025
20.956265975049064
43.63441400649026
32.49226384027861
36.6485457561721
385.38157135248184
59.79808010160923
707.5942010879517
208.57510313391685
26.48648289405537
35.044581449416
18.957646387221757
997.1187319755554
1059.4185428619385
29.607862146382104
27.05331902485341
26.76883518107934
16.57262221194037
13.797776239150949
13.722502688654231
39.821175563418365
101.81428560987115
7.38292175411118
23.52196218328777
610.6605198383331
24.865956653097214
340.75625486671925
27.10405523600639
29.599873117092443
74.05341436783533
11.219321214404545
141.88950261176797
124.42530727720714
449.3606941103935
19.49508422994336
2.883565932483407
215.6158187421679
98.22957466356456
7.112005799722624
257.9102712844033
72.69895126618212
266.9739685058594
2.131302633387577
68.97187290753891
2.5387827501746187
23.838811536287608
426.0879878550768
82.35686885844916
14.360797689722176
14.307605366117173
18.155198902906136
15.475001060374439
12.623252210923965
18.160861407632183
19.47598807891336
10.516735728072376
15.183650439013036
9.073159028288046
20.669127219855
9.221126300644642
96.50249672157224
14.261009375317599
921.4612503051758
4.927848988828373
74.06687807997332
2.5100100950169235
216.31827978789806
2.1969449684410165
14.689697346366188
16.567158652378566
297.3767852112069
29.053922044341107
19.65944662540221
17.645519029023717
6.050102555131275
200.38706003129482
21.451310015285458
21.765581597234814
9.585881221129057
191.49686198378913
20.216633435803942
12.439355495786913
140.41302809678018
8.173288833782522
13.654837359964745
20.219086973695084
499.07231533527374
15.303407579660416
489.26005244255066
105.88460731506348
22.88546024262905
21.256372168660164
26.770663537085056
1114.5163841247559
50.94513287395239
59.44828635454178
103.17547160387039
37.59100670926273
57.928329564630985
1066.9149017333984
829.395233631134
850.2306823730469
126.67342472076416
729.3812494277954
512.0867857933044
705.840407371521
1172.3472723960876
467.28362691402435
78.81444224715233
362.29641127586365
59.56850205361843
1861.3196640014648
29.511165631003678
79.48239408433437
106.59559543430805
1415.3861746788025
40.960936069488525
46.17461124062538
194.94725316762924
87.87770362198353
31.841950888745487
49.380293879657984
174.87927193194628
232.46814054250717
48.48597273230553
658.9141225814819
80.57320791482925
18.431432847399265
91.68359942734241
76.10174764692783
743.0208721160889
564.111642241478
19.338049878831953
463.79227715730667
26.341370817273855
1585.7193822860718
170.310976177454
80.86226718127728
13.048039510380477
76.16152188181877
35.62740319222212
56.841128185391426
184.3822571411729
1461.0097589492798
26.910757951438427
2118.8371982574463
30.37439859099686
103.86815732717514
41.78925961256027
405.955037355423
1204.9678020477295
1485.3246097564697
49.21620988100767
320.7172011733055
97.8571046218276
1784.721796989441
5.334265204590338
724.2924728393555
17.435668809197523
9.362491563697404
8.260455242986154
20.68036845116876
7.801284238062976
355.12998402118683
154.71475551363267
63.39310833608761
3.477657271308999
2.794639601032941
148.01143401220907
46.637287581195665
10.462619391913904
213.75017127394676
19.35616795346141
21.729863258864498
2.1307411044490436
7.134127371407658
6.437325411810889
15.376823998075452
17.934768938190814
5.41534290110053
5.184423095154898
11.813384801448251
801.5205717086792
31.593224668642506
21.58680120015788
222.29418448964134
337.86110734939575
178.08054815419018
3.4222096074258843
4.837010375551927
9.377208065643572
454.90718722343445
560.371627509594
4.688939259455083
27.379107261338504
2.1991739558997097
17.846132120277616
126.0162930285378
9.670114628633428
526.7593343257904
5.2498798717927
208.21666647028178
240.373868227005
6.6658255693555475
3.839177887310939
3.9505217464331963
906.509717464447
43.346310958615504
17.869930759770796
178.86290792189538
24.46190263562312
335.9837206825614
54.09174559759413
16.43199288935284
19.70415430758021
232.02588486671448
10.755329003119527
588.7495611906052
18.534453310197932
208.22950395010412
254.03451848472469
38.522083088595764
3.7113581172934573
4.523365906915387
11.345662803796586
202.2743652574718
764.9447317123413
149.91803944855928
15.077812521083615
9.21775633198149
8.71089896527701
30.325375902973292
39.54225091193803
100.2303128503263
59.84785190736875
22.499518945186992
550.444983959198
16.47973863794607
180.4028503894806
25.93556661090406
207.51472982997075
236.2929679574445
984.4079504013062
25.507568045441076
231.24149210751057
690.245881319046
16.765581574398766
27.792954579810612
10.053683492860728
32.13821641297909
214.62360750883818
700.2528210282326
40.68651919919648
12.96270759092613
161.18438339419663
346.9861227273941
33.98797263036067
22.43763653329006
66.64321785751963
785.2133285999298
47.82756656495076
63.456918186551775
14.434089420766213
888.8470640182495
31.99227310590379
14.721904034915042
23.55523128769164
308.2074932605028
25.80847855380864
13.371452841027349
472.9549171924591
28.00076893151345
18.63432428303713
37.34494272944903
193.6989049911499
65.28573653412604
257.0055589284748
17.278443024928038
962.6329388618469
20.03684476071203
33.76199922073283
62.57215319084935
222.89589551836252
512.9720895290375
21.38751314563524
19.942881165017525
24.03175679736887
979.0660500526428
11.866944394046868
36.07419722463237
1688.7076387405396
13.250972546848061
935.2717196941376
1163.6852540969849
84.05546254757792
61.43435473693535
169.2095922762528
53.89184652818949
198.16910036141053
32.37357119718399
8.299989091468433
57.164010337379295
118.88497956097126
181.60338123887777
12.021158884619581
102.39432297449093
572.7408587932587
1735.37135887146
1259.022427558899
38.08245592069579
654.6945316791534
22.96461141674081
862.6893193721771
401.36068189144135
161.76826184988022
137.42805483192205
117.79606561362743
136.6830340474844
133.60704673826694
144.6428643465042
124.32368776202202
127.58788251504302
879.5345439910889
105.32354820892215
84.65931029617786
89.31311178579926
124.82694107308635
1272.295711517334
216.82960164546967
859.5688316822052
198.8820171803236
170.50855074822903
220.3110242486
143.69509690999985
211.8063316643238
157.33322882186621
192.57246408611536
116.27079717558809
550.0593209266663
105.09882042370737
394.78632052242756
168.49559715762734
708.0108675956726
121.62321070767939
257.1958920955658
146.04813593742438
154.79943149536848
161.19651060923934
136.14614466069543
104.17019094177522
564.5326498746872
346.28153371810913
218.95669519295916
115.43864682130516
106.16235490702093
108.70224732160568
108.90030561387539
603.4121317863464
1633.4238290786743
481.2179743051529
167.1652445223881
255.28480118513107
390.4483365416527
236.07401645183563
79.54674248048491
122.46411271952093
78.70384072838351
104.88244017586112
87.53397309686989
348.4268287420273
651.8753793239594
825.0723900794983
312.3446344733238
921.4079141616821
107.75078061991371
146.3621449144557
273.83379197120667
162.34136568009853
161.13048332184553
924.6536908149719
109.83971980190836
1336.2374334335327
687.3665704727173
162.3585785627365
538.6419928073883
614.7475068569183
154.51290432969108
350.2972108274698
137.51365829072893
130.34980441443622
208.07724173367023
160.045623190701
335.5470722913742
109.93844911037013
319.6446399092674
116.645777085796
172.8515454903245
132.62227272242308
97.64651065319777
166.41716618929058
62.79865911323577
558.3541772961617
664.1741032600403
41.31920987737976
35.84350558356016
68.7593755684793
55.68546895170584
21.220274044317193
509.3032828569412
37.7038786678022
288.0751558399643
1287.7798261642456
180.90807729726657
44.462117443770694
20.79390785043995
65.20306845724554
117.36604227684438
282.37708216905594
1009.616819858551
47.13783979573782
37.45361888037587
56.30032721059979
56.014586779223464
24.20724315175994
55.05122637751629
142.071619493654
420.7598339021206
54.8670318601653
33.55501680013185
114.91501387022436
46.222417150919114
50.27191956922616
66.27517526806332
68.19315838586954
37.67219159901549
102.48960731178522
20.538749093310912
54.841806929412996
255.49465490877628
38.29122069624282
243.1947531849146
96.10220090206712
33.10966511401057
19.615410331064254
26.586303550817888
60.17113349342253
41.82625603264114
27.671989045951932
1116.6041584014893
271.60479145217687
498.67916180193424
25.163217868102947
1050.5770611763
33.02006726751961
369.142507404089
36.5335820956152
39.10143235918656
100.54954125359654
36.02803145390135
54.0814896968659
32.783997689421085
188.10213098302484
46.70934607507661
345.6782653965056
582.3553247451782
1736.065842628479
70.91982547636235
738.0877861976624
16.053686361061068
576.6044070720673
304.34081526100636
36.96927414311608
33.60183359806251
49.87428656044028
35.00255171274148
29.111568756384713
49.44929634779692
26.50132200413941
31.530944645304203
595.3579480648041
67.68903695093468
26.88254794854049
13.739252473895476
35.79966072062962
65.35793856097735
